# Time Flux Flux_Err Phase N NSector
3.08187718e+03 1.00008193e+00 2.00000000e-04 -1.97565692e-01 2.59000000e+02 7.00000000e+00
3.08188158e+03 1.00018629e+00 2.00000000e-04 -1.92533607e-01 2.57000000e+02 7.00000000e+00
3.08188598e+03 1.00013958e+00 2.00000000e-04 -1.87499302e-01 2.43000000e+02 6.00000000e+00
3.08189031e+03 1.00011881e+00 2.00000000e-04 -1.82557470e-01 2.50000000e+02 6.00000000e+00
3.08189485e+03 1.00016078e+00 2.00000000e-04 -1.77363555e-01 2.58000000e+02 7.00000000e+00
3.08189913e+03 1.00015762e+00 2.00000000e-04 -1.72469798e-01 2.53000000e+02 7.00000000e+00
3.08190281e+03 1.00023282e+00 2.00000000e-04 -1.68260310e-01 1.95000000e+02 7.00000000e+00
3.08190936e+03 1.00013115e+00 2.00000000e-04 -1.60777087e-01 5.47000000e+02 6.00000000e+00
3.08191899e+03 1.00017571e+00 2.00000000e-04 -1.49765470e-01 5.76000000e+02 7.00000000e+00
3.08192883e+03 1.00017619e+00 2.00000000e-04 -1.38517400e-01 5.52000000e+02 6.00000000e+00
3.08193844e+03 1.00027761e+00 2.00000000e-04 -1.27525041e-01 5.63000000e+02 7.00000000e+00
3.08194809e+03 1.00002316e+00 2.00000000e-04 -1.16495142e-01 5.62000000e+02 7.00000000e+00
3.08195793e+03 1.00010337e+00 2.00000000e-04 -1.05245556e-01 5.71000000e+02 7.00000000e+00
3.08196732e+03 9.99986794e-01 2.00000000e-04 -9.45123740e-02 5.70000000e+02 7.00000000e+00
3.08197745e+03 9.99805004e-01 2.00000000e-04 -8.29369667e-02 5.69000000e+02 7.00000000e+00
3.08198677e+03 9.99942968e-01 2.00000000e-04 -7.22732036e-02 5.72000000e+02 7.00000000e+00
3.08199668e+03 9.99609931e-01 2.52341366e-04 -6.09531950e-02 5.78000000e+02 7.00000000e+00
3.08200626e+03 9.99498455e-01 4.00285145e-04 -4.99998074e-02 5.72000000e+02 7.00000000e+00
3.08201599e+03 9.99383823e-01 4.07812989e-04 -3.88706182e-02 5.68000000e+02 7.00000000e+00
3.08202572e+03 9.99325755e-01 6.72854562e-04 -2.77444124e-02 5.74000000e+02 7.00000000e+00
3.08203541e+03 9.99360041e-01 4.05111118e-04 -1.66668823e-02 5.50000000e+02 6.00000000e+00
3.08204507e+03 9.99114698e-01 7.54650938e-04 -5.62478783e-03 5.66000000e+02 7.00000000e+00
3.08205490e+03 9.99305575e-01 5.17638312e-04 5.61313993e-03 5.42000000e+02 6.00000000e+00
3.08206455e+03 9.99182283e-01 6.21312833e-04 1.66385009e-02 5.54000000e+02 7.00000000e+00
3.08207439e+03 9.99447220e-01 2.31469024e-04 2.78903693e-02 5.57000000e+02 6.00000000e+00
3.08208401e+03 9.99300799e-01 2.91767664e-04 3.88898890e-02 5.61000000e+02 7.00000000e+00
3.08209358e+03 9.99448155e-01 2.95676788e-04 4.98314108e-02 5.65000000e+02 7.00000000e+00
3.08210350e+03 9.99520207e-01 2.60511747e-04 6.11693850e-02 5.69000000e+02 7.00000000e+00
3.08211289e+03 9.99615029e-01 4.96124598e-04 7.19021116e-02 5.70000000e+02 7.00000000e+00
3.08212298e+03 9.99521964e-01 2.43757218e-04 8.34462928e-02 5.70000000e+02 7.00000000e+00
3.08213229e+03 9.99953435e-01 2.00000000e-04 9.40902094e-02 5.64000000e+02 7.00000000e+00
3.08214224e+03 9.99914585e-01 2.00000000e-04 1.05465612e-01 5.67000000e+02 7.00000000e+00
3.08215180e+03 1.00012103e+00 2.00000000e-04 1.16393903e-01 5.76000000e+02 7.00000000e+00
3.08216159e+03 1.00019938e+00 2.00000000e-04 1.27577668e-01 5.61000000e+02 7.00000000e+00
3.08217131e+03 1.00028223e+00 2.00000000e-04 1.38698005e-01 5.75000000e+02 7.00000000e+00
3.08218098e+03 1.00041890e+00 2.00000000e-04 1.49749945e-01 5.38000000e+02 6.00000000e+00
3.08219063e+03 1.00027663e+00 2.00000000e-04 1.60782970e-01 5.86000000e+02 7.00000000e+00
3.08219711e+03 1.00025201e+00 2.00000000e-04 1.68194305e-01 1.78000000e+02 6.00000000e+00
3.08220094e+03 1.00021764e+00 2.00000000e-04 1.72570459e-01 2.52000000e+02 6.00000000e+00
3.08220533e+03 1.00031628e+00 2.00000000e-04 1.77583362e-01 2.42000000e+02 6.00000000e+00
3.08220962e+03 1.00019175e+00 2.00000000e-04 1.82498163e-01 2.61000000e+02 7.00000000e+00
3.08221403e+03 1.00021386e+00 2.00000000e-04 1.87532738e-01 2.56000000e+02 7.00000000e+00
3.08221833e+03 1.00025498e+00 2.00000000e-04 1.92454857e-01 2.41000000e+02 6.00000000e+00
3.08222272e+03 1.00022981e+00 2.00000000e-04 1.97470975e-01 2.53000000e+02 6.00000000e+00
3.08222723e+03 1.00019872e+00 2.00000000e-04 2.02624308e-01 2.50000000e+02 7.00000000e+00
3.08223139e+03 1.00021741e+00 2.00000000e-04 2.07386883e-01 2.61000000e+02 7.00000000e+00
3.08223584e+03 1.00016857e+00 2.00000000e-04 2.12473434e-01 2.59000000e+02 7.00000000e+00
3.08224029e+03 1.00010922e+00 2.00000000e-04 2.17555537e-01 2.39000000e+02 6.00000000e+00
3.08224462e+03 1.00019638e+00 2.00000000e-04 2.22505833e-01 2.45000000e+02 6.00000000e+00
3.08224906e+03 1.00018161e+00 2.00000000e-04 2.27582632e-01 2.51000000e+02 7.00000000e+00
3.08225336e+03 1.00019708e+00 2.00000000e-04 2.32494472e-01 2.52000000e+02 7.00000000e+00
3.08225764e+03 1.00014848e+00 2.00000000e-04 2.37392306e-01 2.54000000e+02 7.00000000e+00
3.08226218e+03 1.00008125e+00 2.00000000e-04 2.42587298e-01 2.44000000e+02 6.00000000e+00
3.08226642e+03 1.00009505e+00 2.00000000e-04 2.47423611e-01 2.41000000e+02 6.00000000e+00
3.08227087e+03 1.00016479e+00 2.00000000e-04 2.52519899e-01 2.63000000e+02 7.00000000e+00
3.08227522e+03 1.00013648e+00 2.00000000e-04 2.57487742e-01 2.49000000e+02 7.00000000e+00
3.08227952e+03 1.00011083e+00 2.00000000e-04 2.62409435e-01 2.45000000e+02 7.00000000e+00
3.08228398e+03 1.00023796e+00 2.00000000e-04 2.67509511e-01 2.46000000e+02 6.00000000e+00
3.08228838e+03 1.00017330e+00 2.00000000e-04 2.72533825e-01 2.39000000e+02 6.00000000e+00
3.08229268e+03 1.00012370e+00 2.00000000e-04 2.77450126e-01 2.60000000e+02 7.00000000e+00
3.08229713e+03 1.00028154e+00 2.00000000e-04 2.82542284e-01 2.59000000e+02 7.00000000e+00
3.08230139e+03 1.00012323e+00 2.00000000e-04 2.87410679e-01 2.42000000e+02 6.00000000e+00
3.08230585e+03 1.00007057e+00 2.00000000e-04 2.92510471e-01 2.48000000e+02 6.00000000e+00
3.08231033e+03 1.00008234e+00 2.00000000e-04 2.97630575e-01 2.47000000e+02 7.00000000e+00
3.08231455e+03 1.00019774e+00 2.00000000e-04 3.02450422e-01 2.57000000e+02 7.00000000e+00
3.08231891e+03 1.00012825e+00 2.00000000e-04 3.07436585e-01 2.59000000e+02 7.00000000e+00
3.08232339e+03 1.00005370e+00 2.00000000e-04 3.12562505e-01 2.41000000e+02 6.00000000e+00
3.08232770e+03 1.00009749e+00 2.00000000e-04 3.17481809e-01 2.48000000e+02 6.00000000e+00
3.08233217e+03 1.00015420e+00 2.00000000e-04 3.22591461e-01 2.52000000e+02 7.00000000e+00
3.08233640e+03 1.00007313e+00 2.00000000e-04 3.27434873e-01 2.58000000e+02 7.00000000e+00
3.08234073e+03 1.00018263e+00 2.00000000e-04 3.32387514e-01 2.54000000e+02 7.00000000e+00
3.08234528e+03 1.00008139e+00 2.00000000e-04 3.37581801e-01 2.43000000e+02 6.00000000e+00
3.08234946e+03 9.99953331e-01 2.00000000e-04 3.42364035e-01 2.43000000e+02 6.00000000e+00
3.08235398e+03 1.00009310e+00 2.00000000e-04 3.47532510e-01 2.57000000e+02 7.00000000e+00
3.08235840e+03 1.00014114e+00 2.00000000e-04 3.52589172e-01 2.54000000e+02 7.00000000e+00
3.08236260e+03 9.99855519e-01 2.00000000e-04 3.57385004e-01 2.49000000e+02 7.00000000e+00
3.08236712e+03 1.00005096e+00 2.00000000e-04 3.62551942e-01 2.39000000e+02 6.00000000e+00
3.08237143e+03 1.00006799e+00 2.00000000e-04 3.67482467e-01 2.42000000e+02 6.00000000e+00
3.08237579e+03 1.00004193e+00 2.00000000e-04 3.72464700e-01 2.59000000e+02 7.00000000e+00
3.08238025e+03 1.00011347e+00 2.00000000e-04 3.77562263e-01 2.56000000e+02 7.00000000e+00
3.08238447e+03 9.99969676e-01 2.00000000e-04 3.82385111e-01 2.38000000e+02 6.00000000e+00
3.08238892e+03 9.99931181e-01 2.00000000e-04 3.87479930e-01 2.47000000e+02 6.00000000e+00
3.08239342e+03 9.99911726e-01 2.00000000e-04 3.92619239e-01 2.37000000e+02 7.00000000e+00
3.08239761e+03 1.00011778e+00 2.00000000e-04 3.97413575e-01 2.55000000e+02 7.00000000e+00
3.08240210e+03 1.00005677e+00 2.00000000e-04 4.02537897e-01 2.56000000e+02 7.00000000e+00
3.08240645e+03 1.00000980e+00 2.00000000e-04 4.07514699e-01 2.32000000e+02 6.00000000e+00
3.08241078e+03 9.99998680e-01 2.00000000e-04 4.12461926e-01 2.43000000e+02 6.00000000e+00
3.08241528e+03 1.00004934e+00 2.00000000e-04 4.17614175e-01 2.52000000e+02 7.00000000e+00
3.08241948e+03 1.00004389e+00 2.00000000e-04 4.22412475e-01 2.55000000e+02 7.00000000e+00
3.08242391e+03 1.00005001e+00 2.00000000e-04 4.27475953e-01 2.56000000e+02 7.00000000e+00
3.08242837e+03 1.00007508e+00 2.00000000e-04 4.32573937e-01 2.44000000e+02 6.00000000e+00
3.08243260e+03 1.00003729e+00 2.00000000e-04 4.37415904e-01 2.37000000e+02 6.00000000e+00
3.08243709e+03 1.00000126e+00 2.00000000e-04 4.42546357e-01 2.59000000e+02 7.00000000e+00
3.08244148e+03 1.00010091e+00 2.00000000e-04 4.47569090e-01 2.58000000e+02 7.00000000e+00
3.08244579e+03 1.00008089e+00 2.00000000e-04 4.52486753e-01 2.44000000e+02 7.00000000e+00
3.08245023e+03 1.00004638e+00 2.00000000e-04 4.57567372e-01 2.44000000e+02 6.00000000e+00
3.08245449e+03 9.99950512e-01 2.00000000e-04 4.62441762e-01 2.43000000e+02 6.00000000e+00
3.08245893e+03 9.99953657e-01 2.00000000e-04 4.67510491e-01 2.63000000e+02 7.00000000e+00
3.08246142e+03 1.00009611e+00 2.00000000e-04 4.70359790e-01 3.30000000e+01 5.00000000e+00
3.08246646e+03 9.99912828e-01 2.00000000e-04 4.76120857e-01 5.70000000e+02 7.00000000e+00
3.08247646e+03 1.00004719e+00 2.00000000e-04 4.87559178e-01 5.64000000e+02 7.00000000e+00
3.08248586e+03 9.99944337e-01 2.00000000e-04 4.98304232e-01 5.68000000e+02 7.00000000e+00
3.08249570e+03 9.99989901e-01 2.00000000e-04 5.09545921e-01 5.57000000e+02 7.00000000e+00
3.08250537e+03 9.99979065e-01 2.00000000e-04 5.20608599e-01 5.75000000e+02 7.00000000e+00
3.08251508e+03 9.99953081e-01 2.00000000e-04 5.31707764e-01 5.55000000e+02 6.00000000e+00
3.08252480e+03 1.00005397e+00 2.00000000e-04 5.42818568e-01 5.84000000e+02 7.00000000e+00
3.08253446e+03 1.00001836e+00 2.00000000e-04 5.53856711e-01 5.44000000e+02 6.00000000e+00
3.08254409e+03 1.00005579e+00 2.00000000e-04 5.64871416e-01 5.90000000e+02 7.00000000e+00
3.08255399e+03 9.99985322e-01 2.00000000e-04 5.76189908e-01 5.54000000e+02 6.00000000e+00
3.08256367e+03 1.00007205e+00 2.00000000e-04 5.87256059e-01 5.82000000e+02 7.00000000e+00
3.08257324e+03 1.00005019e+00 2.00000000e-04 5.98197462e-01 5.74000000e+02 7.00000000e+00
3.08258309e+03 1.00006060e+00 2.00000000e-04 6.09453182e-01 5.70000000e+02 7.00000000e+00
3.08259252e+03 1.00004888e+00 2.00000000e-04 6.20233260e-01 5.65000000e+02 7.00000000e+00
3.08260260e+03 1.00007969e+00 2.00000000e-04 6.31760561e-01 5.71000000e+02 7.00000000e+00
3.08261200e+03 1.00013775e+00 2.00000000e-04 6.42504103e-01 5.67000000e+02 7.00000000e+00
3.08262195e+03 1.00005464e+00 2.00000000e-04 6.53880634e-01 5.66000000e+02 7.00000000e+00
3.08263140e+03 1.00003146e+00 2.00000000e-04 6.64683546e-01 5.72000000e+02 7.00000000e+00
3.08264122e+03 1.00007200e+00 2.00000000e-04 6.75916246e-01 5.62000000e+02 7.00000000e+00
3.08265090e+03 1.00009652e+00 2.00000000e-04 6.86976000e-01 5.78000000e+02 7.00000000e+00
3.08266066e+03 1.00009759e+00 2.00000000e-04 6.98144557e-01 5.49000000e+02 6.00000000e+00
3.08267034e+03 1.00004999e+00 2.00000000e-04 7.09203573e-01 5.83000000e+02 7.00000000e+00
3.08268002e+03 1.00010805e+00 2.00000000e-04 7.20272185e-01 5.41000000e+02 6.00000000e+00
3.08268973e+03 1.00019175e+00 2.00000000e-04 7.31369340e-01 5.79000000e+02 7.00000000e+00
3.08269952e+03 1.00004075e+00 2.00000000e-04 7.42566584e-01 5.48000000e+02 6.00000000e+00
3.08270915e+03 1.00010738e+00 2.00000000e-04 7.53575527e-01 5.68000000e+02 7.00000000e+00
3.08271890e+03 1.00005067e+00 2.00000000e-04 7.64721787e-01 5.62000000e+02 7.00000000e+00
3.08272870e+03 1.00007147e+00 2.00000000e-04 7.75924341e-01 5.56000000e+02 7.00000000e+00
3.08273815e+03 1.00011967e+00 2.00000000e-04 7.86722955e-01 5.58000000e+02 7.00000000e+00
