# Time Flux Flux_Err Phase N NSector
3.01661935e+03 1.00035834e+00 3.79599519e-04 -1.97523271e-01 3.23000000e+02 1.20000000e+01
3.01664796e+03 9.99997612e-01 3.79599519e-04 -1.92501562e-01 3.08000000e+02 1.20000000e+01
3.01667689e+03 1.00023202e+00 3.79599519e-04 -1.87425159e-01 3.07000000e+02 1.20000000e+01
3.01670455e+03 1.00086121e+00 4.29730841e-04 -1.82570696e-01 3.04000000e+02 1.20000000e+01
3.01673343e+03 9.99912663e-01 3.79599519e-04 -1.77501332e-01 3.05000000e+02 1.20000000e+01
3.01676230e+03 1.00021115e+00 3.79599519e-04 -1.72436202e-01 3.06000000e+02 1.20000000e+01
3.01679049e+03 9.99843977e-01 4.21948865e-04 -1.67488260e-01 3.10000000e+02 1.20000000e+01
3.01681852e+03 9.99801021e-01 5.51467223e-04 -1.62568821e-01 3.10000000e+02 1.20000000e+01
3.01684744e+03 1.00012113e+00 3.79599519e-04 -1.57494681e-01 3.19000000e+02 1.20000000e+01
3.01687619e+03 1.00027642e+00 3.79599519e-04 -1.52449342e-01 3.25000000e+02 1.20000000e+01
3.01690437e+03 9.99913215e-01 3.79599519e-04 -1.47502598e-01 3.23000000e+02 1.20000000e+01
3.01693251e+03 9.99994218e-01 3.79599519e-04 -1.42564592e-01 3.25000000e+02 1.20000000e+01
3.01696137e+03 1.00016540e+00 3.79599519e-04 -1.37500147e-01 3.28000000e+02 1.20000000e+01
3.01699004e+03 9.99956220e-01 3.79599519e-04 -1.32468346e-01 3.20000000e+02 1.20000000e+01
3.01701816e+03 9.99999525e-01 3.79599519e-04 -1.27534329e-01 3.05000000e+02 1.20000000e+01
3.01704660e+03 9.99948201e-01 3.79599519e-04 -1.22543392e-01 3.10000000e+02 1.20000000e+01
3.01707550e+03 1.00002155e+00 3.79599519e-04 -1.17471069e-01 3.09000000e+02 1.20000000e+01
3.01710401e+03 1.00011059e+00 6.36470858e-04 -1.12468261e-01 3.07000000e+02 1.20000000e+01
3.01713200e+03 1.00050149e+00 3.95261052e-04 -1.07554937e-01 3.04000000e+02 1.20000000e+01
3.01716046e+03 1.00106410e+00 1.14361812e-03 -1.02561118e-01 3.07000000e+02 1.20000000e+01
3.01718963e+03 1.00013992e+00 1.17764842e-03 -9.74426937e-02 3.12000000e+02 1.20000000e+01
3.01721813e+03 9.99982430e-01 5.52524284e-04 -9.24395717e-02 3.10000000e+02 1.20000000e+01
3.01724600e+03 1.00013864e+00 3.79599519e-04 -8.75494304e-02 3.17000000e+02 1.20000000e+01
3.01727477e+03 1.00015965e+00 7.85027139e-04 -8.25008409e-02 3.20000000e+02 1.20000000e+01
3.01730375e+03 1.00035377e+00 7.89871041e-04 -7.74139858e-02 3.18000000e+02 1.20000000e+01
3.01733171e+03 1.00044143e+00 5.00755696e-04 -7.25083031e-02 3.12000000e+02 1.20000000e+01
3.01735989e+03 1.00053157e+00 5.28958682e-04 -6.75623297e-02 3.13000000e+02 1.20000000e+01
3.01738872e+03 1.00044616e+00 7.85835889e-04 -6.25028463e-02 3.10000000e+02 1.20000000e+01
3.01741740e+03 1.00004002e+00 3.79599519e-04 -5.74695003e-02 2.97000000e+02 1.20000000e+01
3.01744564e+03 1.00005087e+00 3.79599519e-04 -5.25140991e-02 2.87000000e+02 1.20000000e+01
3.01747411e+03 1.00053953e+00 3.79599519e-04 -4.75182694e-02 2.91000000e+02 1.20000000e+01
3.01750295e+03 1.00028764e+00 7.38303141e-04 -4.24569446e-02 2.86000000e+02 1.20000000e+01
3.01753171e+03 1.00084198e+00 5.99471005e-04 -3.74082217e-02 2.82000000e+02 1.20000000e+01
3.01755949e+03 1.00031291e+00 1.01876273e-03 -3.25333443e-02 2.78000000e+02 1.20000000e+01
3.01758170e+03 1.00035595e+00 8.67620583e-04 -2.86356838e-02 1.56000000e+02 1.20000000e+01
3.01759479e+03 1.00007607e+00 1.75758045e-03 -2.63386737e-02 9.00000000e+01 6.00000000e+00
3.01760516e+03 9.98176632e-01 1.48983560e-03 -2.45188697e-02 9.10000000e+01 6.00000000e+00
3.01761560e+03 9.99356422e-01 2.02041391e-03 -2.26876644e-02 8.90000000e+01 6.00000000e+00
3.01762599e+03 9.97964123e-01 2.02349492e-03 -2.08627427e-02 8.80000000e+01 6.00000000e+00
3.01763643e+03 9.96699540e-01 3.13279127e-03 -1.90315932e-02 9.20000000e+01 7.00000000e+00
3.01764683e+03 9.87685277e-01 9.33310813e-04 -1.72066157e-02 9.40000000e+01 7.00000000e+00
3.01765705e+03 9.71311311e-01 2.15608239e-03 -1.54118054e-02 9.00000000e+01 7.00000000e+00
3.01766735e+03 9.53745930e-01 2.06180268e-03 -1.36052495e-02 8.80000000e+01 9.00000000e+00
3.01767768e+03 9.40999644e-01 2.27207318e-03 -1.17927922e-02 8.10000000e+01 7.00000000e+00
3.01768818e+03 9.25035387e-01 2.54906665e-03 -9.94919795e-03 9.40000000e+01 9.00000000e+00
3.01769873e+03 9.10223182e-01 2.37399894e-03 -8.09796396e-03 9.10000000e+01 7.00000000e+00
3.01770889e+03 8.97055306e-01 2.27711425e-03 -6.31496967e-03 9.70000000e+01 7.00000000e+00
3.01771863e+03 8.86274977e-01 1.63205366e-03 -4.60536230e-03 9.20000000e+01 7.00000000e+00
3.01772899e+03 8.78530039e-01 1.88186305e-03 -2.78680854e-03 9.40000000e+01 7.00000000e+00
3.01773984e+03 8.75760194e-01 1.29699321e-03 -8.82928439e-04 7.70000000e+01 5.00000000e+00
3.01774982e+03 8.73809916e-01 2.44518470e-03 8.68727400e-04 8.00000000e+01 5.00000000e+00
3.01776025e+03 8.77643296e-01 2.04573740e-03 2.69753126e-03 9.10000000e+01 7.00000000e+00
3.01777065e+03 8.87549257e-01 2.50672646e-03 4.52356351e-03 9.30000000e+01 7.00000000e+00
3.01778074e+03 8.93979549e-01 2.09330163e-03 6.29504379e-03 9.70000000e+01 7.00000000e+00
3.01779149e+03 9.07912135e-01 2.78322504e-03 8.18111725e-03 9.60000000e+01 8.00000000e+00
3.01780159e+03 9.21681128e-01 2.73283140e-03 9.95395289e-03 9.20000000e+01 7.00000000e+00
3.01781239e+03 9.36716660e-01 1.72323481e-03 1.18489160e-02 8.60000000e+01 9.00000000e+00
3.01782250e+03 9.53815304e-01 1.98193718e-03 1.36223259e-02 9.10000000e+01 8.00000000e+00
3.01783322e+03 9.69565526e-01 2.46534845e-03 1.55039204e-02 9.70000000e+01 9.00000000e+00
3.01784333e+03 9.83554214e-01 2.02916711e-03 1.72784763e-02 9.30000000e+01 8.00000000e+00
3.01785382e+03 9.91983061e-01 1.50554914e-03 1.91185564e-02 9.00000000e+01 7.00000000e+00
3.01786409e+03 9.98105721e-01 2.46858882e-03 2.09213690e-02 8.70000000e+01 6.00000000e+00
3.01787474e+03 9.95592771e-01 1.39815109e-03 2.27898243e-02 8.70000000e+01 6.00000000e+00
3.01788512e+03 9.97797279e-01 2.23261994e-03 2.46127653e-02 8.90000000e+01 6.00000000e+00
3.01789547e+03 9.97321812e-01 2.04282808e-03 2.64290024e-02 9.50000000e+01 6.00000000e+00
3.01790825e+03 1.00004472e+00 4.66881985e-04 2.86707975e-02 1.50000000e+02 8.00000000e+00
3.01793029e+03 1.00004775e+00 4.15339023e-04 3.25396248e-02 3.00000000e+02 1.20000000e+01
3.01795889e+03 9.99906640e-01 3.79599519e-04 3.75580573e-02 3.02000000e+02 1.20000000e+01
3.01798677e+03 1.00026510e+00 4.25820489e-04 4.24514980e-02 3.03000000e+02 1.20000000e+01
3.01801520e+03 1.00027881e+00 5.84600882e-04 4.74407095e-02 3.03000000e+02 1.20000000e+01
3.01804422e+03 1.00065647e+00 3.79599519e-04 5.25328024e-02 3.02000000e+02 1.20000000e+01
3.01807285e+03 1.00078215e+00 3.79599519e-04 5.75581474e-02 3.01000000e+02 1.20000000e+01
3.01810053e+03 1.00011086e+00 3.79599519e-04 6.24155212e-02 2.99000000e+02 1.20000000e+01
3.01812945e+03 9.99738092e-01 3.79599519e-04 6.74907150e-02 2.95000000e+02 1.20000000e+01
3.01815835e+03 9.99617966e-01 3.79599519e-04 7.25625205e-02 2.99000000e+02 1.20000000e+01
3.01818656e+03 9.99815010e-01 3.79599519e-04 7.75130346e-02 3.02000000e+02 1.20000000e+01
3.01821460e+03 9.99599278e-01 3.79599519e-04 8.24344706e-02 3.07000000e+02 1.20000000e+01
3.01824361e+03 1.00005108e+00 3.79599519e-04 8.75245517e-02 3.12000000e+02 1.20000000e+01
3.01827241e+03 9.99977833e-01 3.79599519e-04 9.25789207e-02 3.04000000e+02 1.20000000e+01
3.01830058e+03 1.00036595e+00 5.22955161e-04 9.75227701e-02 3.02000000e+02 1.20000000e+01
3.01832881e+03 1.00034134e+00 3.79599519e-04 1.02477543e-01 3.14000000e+02 1.20000000e+01
3.01835753e+03 1.00018314e+00 3.79599519e-04 1.07516880e-01 3.22000000e+02 1.20000000e+01
3.01838624e+03 1.00063755e+00 3.79599519e-04 1.12556340e-01 3.15000000e+02 1.20000000e+01
3.01841423e+03 1.00040590e+00 3.79599519e-04 1.17467318e-01 3.18000000e+02 1.20000000e+01
3.01844272e+03 1.00070107e+00 3.79599519e-04 1.22466703e-01 3.24000000e+02 1.20000000e+01
3.01847153e+03 1.00006708e+00 3.79599519e-04 1.27523379e-01 3.21000000e+02 1.20000000e+01
3.01849993e+03 1.00073398e+00 3.79599519e-04 1.32507764e-01 3.19000000e+02 1.20000000e+01
3.01852839e+03 1.00067844e+00 3.79599519e-04 1.37502341e-01 3.13000000e+02 1.20000000e+01
3.01855665e+03 1.00006427e+00 3.79599519e-04 1.42461293e-01 3.21000000e+02 1.20000000e+01
3.01858558e+03 1.00025665e+00 3.79599519e-04 1.47538177e-01 3.21000000e+02 1.20000000e+01
3.01861404e+03 1.00059123e+00 4.01947657e-04 1.52532848e-01 3.17000000e+02 1.20000000e+01
3.01864187e+03 9.99882650e-01 4.19186689e-04 1.57417408e-01 3.08000000e+02 1.20000000e+01
3.01867095e+03 9.99781720e-01 3.79599519e-04 1.62521061e-01 3.22000000e+02 1.20000000e+01
3.01869966e+03 9.99644494e-01 3.79599519e-04 1.67558981e-01 3.16000000e+02 1.20000000e+01
3.01872786e+03 9.99570600e-01 3.79599519e-04 1.72507832e-01 3.15000000e+02 1.20000000e+01
3.01875594e+03 9.99459119e-01 3.79599519e-04 1.77435293e-01 3.19000000e+02 1.20000000e+01
3.01878460e+03 9.99697317e-01 3.79599519e-04 1.82465063e-01 3.23000000e+02 1.20000000e+01
3.01881351e+03 9.99823238e-01 3.79599519e-04 1.87538881e-01 3.19000000e+02 1.20000000e+01
3.01884175e+03 9.99988724e-01 3.79599519e-04 1.92494892e-01 3.14000000e+02 1.20000000e+01
3.01887005e+03 1.00012821e+00 3.79599519e-04 1.97461200e-01 3.23000000e+02 1.20000000e+01
3.01889888e+03 1.00007436e+00 4.44668893e-04 2.02520075e-01 3.21000000e+02 1.20000000e+01
3.01892756e+03 1.00033670e+00 4.39461019e-04 2.07553044e-01 3.15000000e+02 1.20000000e+01
3.01895570e+03 1.00023474e+00 4.34048768e-04 2.12492202e-01 3.05000000e+02 1.20000000e+01
3.01898404e+03 1.00025814e+00 3.79599519e-04 2.17466121e-01 3.06000000e+02 1.20000000e+01
3.01901290e+03 1.00023899e+00 3.79599519e-04 2.22530439e-01 3.09000000e+02 1.20000000e+01
3.01904153e+03 1.00044859e+00 3.79599519e-04 2.27554057e-01 3.01000000e+02 1.20000000e+01
3.01906932e+03 1.00033494e+00 4.64361561e-04 2.32431215e-01 2.99000000e+02 1.20000000e+01
3.01909789e+03 1.00030653e+00 5.25365317e-04 2.37445628e-01 3.07000000e+02 1.20000000e+01
3.01912711e+03 1.00009782e+00 3.79599519e-04 2.42574470e-01 3.03000000e+02 1.10000000e+01
3.01915547e+03 1.00009781e+00 3.79599519e-04 2.47550429e-01 3.11000000e+02 1.10000000e+01
3.01918345e+03 1.00016304e+00 3.79599519e-04 2.52460840e-01 3.20000000e+02 1.20000000e+01
3.01921200e+03 1.00058158e+00 3.79599519e-04 2.57471316e-01 3.20000000e+02 1.20000000e+01
3.01924096e+03 1.00036306e+00 4.32708514e-04 2.62552971e-01 3.19000000e+02 1.10000000e+01
3.01926914e+03 1.00021493e+00 3.79599519e-04 2.67499103e-01 3.18000000e+02 1.20000000e+01
3.01929726e+03 9.99900103e-01 3.79599519e-04 2.72433391e-01 3.25000000e+02 1.20000000e+01
3.01932619e+03 1.00024527e+00 3.79599519e-04 2.77510237e-01 3.17000000e+02 1.20000000e+01
3.01935514e+03 1.00085941e+00 3.79987623e-04 2.82591179e-01 3.13000000e+02 1.20000000e+01
3.01938297e+03 1.00044461e+00 3.79599519e-04 2.87475028e-01 3.07000000e+02 1.20000000e+01
3.01941137e+03 1.00062581e+00 3.96893432e-04 2.92459128e-01 3.19000000e+02 1.20000000e+01
3.01944042e+03 1.00012901e+00 3.79599519e-04 2.97556920e-01 3.15000000e+02 1.20000000e+01
3.01946881e+03 9.99810500e-01 3.88709568e-04 3.02540048e-01 3.07000000e+02 1.10000000e+01
3.01949732e+03 9.99807012e-01 3.79599519e-04 3.07543746e-01 3.15000000e+02 1.20000000e+01
3.01952533e+03 9.99628015e-01 4.24498877e-04 3.12458300e-01 3.27000000e+02 1.20000000e+01
3.01955410e+03 9.99815428e-01 3.86240592e-04 3.17507522e-01 3.40000000e+02 1.20000000e+01
3.01958297e+03 1.00002450e+00 3.79599519e-04 3.22574433e-01 3.31000000e+02 1.20000000e+01
3.01961091e+03 9.99947818e-01 3.79599519e-04 3.27477502e-01 3.34000000e+02 1.20000000e+01
3.01963951e+03 9.99879603e-01 3.79599519e-04 3.32495810e-01 3.24000000e+02 1.20000000e+01
3.01966831e+03 9.99929534e-01 3.79599519e-04 3.37551498e-01 3.25000000e+02 1.20000000e+01
3.01969661e+03 9.99884572e-01 3.79599519e-04 3.42516614e-01 3.21000000e+02 1.20000000e+01
3.01972476e+03 1.00020897e+00 4.21329874e-04 3.47457923e-01 3.25000000e+02 1.20000000e+01
3.01975362e+03 1.00020468e+00 3.79599519e-04 3.52521842e-01 3.23000000e+02 1.10000000e+01
3.01978231e+03 1.00036037e+00 3.79599519e-04 3.57557803e-01 3.22000000e+02 1.10000000e+01
3.01981072e+03 1.00047328e+00 3.79599519e-04 3.62542169e-01 3.20000000e+02 1.20000000e+01
3.01983893e+03 1.00013343e+00 3.79599519e-04 3.67493931e-01 3.33000000e+02 1.20000000e+01
3.01986748e+03 1.00052122e+00 4.07486118e-04 3.72503079e-01 3.21000000e+02 1.20000000e+01
3.01989612e+03 1.00012331e+00 4.56918759e-04 3.77529401e-01 3.21000000e+02 1.20000000e+01
3.01992424e+03 1.00006997e+00 3.79599519e-04 3.82465091e-01 3.19000000e+02 1.20000000e+01
3.01995248e+03 9.99910742e-01 3.79599519e-04 3.87420942e-01 3.07000000e+02 1.20000000e+01
3.01998141e+03 1.00014208e+00 4.03605550e-04 3.92497898e-01 3.09000000e+02 1.10000000e+01
3.02000994e+03 1.00002503e+00 5.12821432e-04 3.97505491e-01 2.99000000e+02 1.10000000e+01
3.02003813e+03 1.00019690e+00 3.79599519e-04 4.02451628e-01 3.05000000e+02 1.20000000e+01
3.02006698e+03 1.00025673e+00 4.06914167e-04 4.07514471e-01 3.14000000e+02 1.20000000e+01
3.02009556e+03 1.00002669e+00 5.05305724e-04 4.12529716e-01 3.19000000e+02 1.20000000e+01
3.02012399e+03 1.00005846e+00 5.52549501e-04 4.17519834e-01 3.14000000e+02 1.20000000e+01
3.02015211e+03 1.00021417e+00 4.32718946e-04 4.22454938e-01 3.19000000e+02 1.20000000e+01
3.02018078e+03 1.00015801e+00 3.79599519e-04 4.27486494e-01 3.19000000e+02 1.20000000e+01
3.02020968e+03 1.00004007e+00 4.12010758e-04 4.32557040e-01 3.16000000e+02 1.20000000e+01
3.02023790e+03 1.00029202e+00 3.79599519e-04 4.37510503e-01 3.14000000e+02 1.20000000e+01
3.02026604e+03 1.00043265e+00 3.79599519e-04 4.42449101e-01 3.18000000e+02 1.20000000e+01
3.02029490e+03 1.00034025e+00 3.79599519e-04 4.47512779e-01 3.17000000e+02 1.20000000e+01
3.02032341e+03 1.00033984e+00 3.79599519e-04 4.52516772e-01 3.11000000e+02 1.20000000e+01
3.02035165e+03 1.00021207e+00 3.79599519e-04 4.57472691e-01 3.15000000e+02 1.20000000e+01
3.02038030e+03 1.00002487e+00 3.79599519e-04 4.62500011e-01 3.24000000e+02 1.20000000e+01
3.02040887e+03 9.99498798e-01 3.79599519e-04 4.67514177e-01 3.29000000e+02 1.20000000e+01
3.02043732e+03 9.99450371e-01 4.01391415e-04 4.72506398e-01 3.22000000e+02 1.20000000e+01
3.02046575e+03 9.99275010e-01 4.73827735e-04 4.77496670e-01 3.07000000e+02 1.20000000e+01
3.02049412e+03 9.99768588e-01 3.79599519e-04 4.82476078e-01 3.14000000e+02 1.20000000e+01
3.02052299e+03 1.00011972e+00 5.26871126e-04 4.87542547e-01 3.20000000e+02 1.20000000e+01
3.02055131e+03 9.99824805e-01 4.22427867e-04 4.92511542e-01 3.10000000e+02 1.20000000e+01
3.02057940e+03 9.99892252e-01 6.70398968e-04 4.97441287e-01 3.13000000e+02 1.20000000e+01
3.02060793e+03 9.99936785e-01 3.79599519e-04 5.02448591e-01 3.08000000e+02 1.20000000e+01
3.02063687e+03 9.99946354e-01 4.07958744e-04 5.07526747e-01 3.03000000e+02 1.20000000e+01
3.02066025e+03 1.00060960e+00 4.27448669e-04 5.11630201e-01 1.95000000e+02 1.00000000e+01
3.02067702e+03 1.00002094e+00 4.90104851e-04 5.14572414e-01 1.47000000e+02 1.10000000e+01
3.02069119e+03 9.99621695e-01 7.53892454e-04 5.17060032e-01 1.41000000e+02 8.00000000e+00
3.02070536e+03 1.00069262e+00 3.79599519e-04 5.19546388e-01 1.50000000e+02 1.00000000e+01
3.02071975e+03 9.99428793e-01 1.00195743e-03 5.22072575e-01 1.39000000e+02 7.00000000e+00
3.02073402e+03 9.98467345e-01 1.52161911e-03 5.24576953e-01 1.34000000e+02 7.00000000e+00
3.02074835e+03 9.98345828e-01 1.41652330e-03 5.27091372e-01 1.44000000e+02 8.00000000e+00
3.02076291e+03 9.98704307e-01 1.68685340e-03 5.29646492e-01 1.40000000e+02 7.00000000e+00
3.02077712e+03 9.97578470e-01 1.01375634e-03 5.32140169e-01 1.38000000e+02 8.00000000e+00
3.02079190e+03 9.96557514e-01 7.84645885e-04 5.34732856e-01 1.53000000e+02 1.10000000e+01
3.02080566e+03 9.84394572e-01 1.78590525e-03 5.37148085e-01 1.38000000e+02 7.00000000e+00
3.02081997e+03 9.79311646e-01 1.40388341e-03 5.39660179e-01 1.56000000e+02 1.10000000e+01
3.02083499e+03 9.68941311e-01 1.15787105e-03 5.42295443e-01 1.51000000e+02 1.00000000e+01
3.02084852e+03 9.61223378e-01 1.13181893e-03 5.44670010e-01 1.46000000e+02 7.00000000e+00
3.02086320e+03 9.55912125e-01 9.90733603e-04 5.47247092e-01 1.49000000e+02 7.00000000e+00
3.02087716e+03 9.52534935e-01 1.40583071e-03 5.49695936e-01 1.38000000e+02 7.00000000e+00
3.02089167e+03 9.51845573e-01 2.75051379e-03 5.52243461e-01 1.26000000e+02 5.00000000e+00
3.02090618e+03 9.54230323e-01 1.12972073e-03 5.54789654e-01 1.36000000e+02 7.00000000e+00
3.02092033e+03 9.57948332e-01 1.32852399e-03 5.57272707e-01 1.41000000e+02 7.00000000e+00
3.02093502e+03 9.65646464e-01 1.47507866e-03 5.59850103e-01 1.41000000e+02 8.00000000e+00
3.02094911e+03 9.73447002e-01 1.07606499e-03 5.62322864e-01 1.48000000e+02 9.00000000e+00
3.02096302e+03 9.81551049e-01 1.34954898e-03 5.64765043e-01 1.51000000e+02 9.00000000e+00
3.02097756e+03 9.89589998e-01 1.28230378e-03 5.67315070e-01 1.61000000e+02 1.10000000e+01
3.02099211e+03 9.96084773e-01 5.90038716e-04 5.69869833e-01 1.47000000e+02 7.00000000e+00
3.02100598e+03 9.99501338e-01 1.21226619e-03 5.72304084e-01 1.45000000e+02 9.00000000e+00
3.02102090e+03 9.99841224e-01 8.01983109e-04 5.74921190e-01 1.49000000e+02 9.00000000e+00
3.02103479e+03 9.99569057e-01 1.01010331e-03 5.77358666e-01 1.41000000e+02 7.00000000e+00
3.02104900e+03 1.00008213e+00 2.08581770e-03 5.79852501e-01 1.51000000e+02 9.00000000e+00
3.02106380e+03 9.99884844e-01 1.01359360e-03 5.82449644e-01 1.50000000e+02 9.00000000e+00
3.02107768e+03 9.99642516e-01 1.39482368e-03 5.84887040e-01 1.48000000e+02 8.00000000e+00
3.02109223e+03 1.00113378e+00 4.10309595e-04 5.87439324e-01 1.63000000e+02 1.10000000e+01
3.02110318e+03 1.00058365e+00 1.28213267e-03 5.89362216e-01 7.80000000e+01 7.00000000e+00
3.02112079e+03 1.00036455e+00 3.79599519e-04 5.92452512e-01 3.28000000e+02 1.20000000e+01
3.02114952e+03 9.99977906e-01 3.79599519e-04 5.97493417e-01 3.35000000e+02 1.20000000e+01
3.02117811e+03 1.00090460e+00 4.17459133e-04 6.02510501e-01 3.24000000e+02 1.20000000e+01
3.02120663e+03 1.00117425e+00 4.11520353e-04 6.07516420e-01 3.05000000e+02 1.20000000e+01
3.02123479e+03 1.00081835e+00 4.33440836e-04 6.12457620e-01 3.07000000e+02 1.10000000e+01
3.02126368e+03 1.00036375e+00 3.90325897e-04 6.17527612e-01 3.13000000e+02 1.20000000e+01
3.02129243e+03 1.00004772e+00 3.79599519e-04 6.22573644e-01 3.05000000e+02 1.10000000e+01
3.02132036e+03 1.00023285e+00 3.79599519e-04 6.27474955e-01 3.08000000e+02 1.20000000e+01
3.02134904e+03 9.99993682e-01 3.79599519e-04 6.32509000e-01 3.19000000e+02 1.20000000e+01
3.02137762e+03 1.00012768e+00 3.79599519e-04 6.37524006e-01 3.29000000e+02 1.20000000e+01
3.02140636e+03 1.00035263e+00 3.79599519e-04 6.42567449e-01 3.18000000e+02 1.10000000e+01
3.02143421e+03 1.00029956e+00 3.79599519e-04 6.47455408e-01 3.34000000e+02 1.20000000e+01
3.02146276e+03 1.00014169e+00 3.79599519e-04 6.52465964e-01 3.34000000e+02 1.20000000e+01
3.02149174e+03 9.99768201e-01 3.79599519e-04 6.57550435e-01 3.35000000e+02 1.20000000e+01
3.02151989e+03 9.99680625e-01 3.79599519e-04 6.62490990e-01 3.30000000e+02 1.20000000e+01
3.02154811e+03 9.99619694e-01 3.79599519e-04 6.67443033e-01 3.30000000e+02 1.20000000e+01
3.02157670e+03 9.99549567e-01 3.79599519e-04 6.72460755e-01 3.31000000e+02 1.20000000e+01
3.02160554e+03 9.99934457e-01 4.61359865e-04 6.77522387e-01 3.27000000e+02 1.20000000e+01
3.02163390e+03 9.99880637e-01 3.79599519e-04 6.82499841e-01 3.27000000e+02 1.20000000e+01
3.02166200e+03 9.99898758e-01 3.79599519e-04 6.87429973e-01 3.26000000e+02 1.20000000e+01
3.02169080e+03 1.00030805e+00 3.79599519e-04 6.92485681e-01 3.28000000e+02 1.20000000e+01
3.02171973e+03 1.00046948e+00 3.79599519e-04 6.97561495e-01 3.12000000e+02 1.20000000e+01
3.02174755e+03 1.00038362e+00 3.79599519e-04 7.02443937e-01 3.10000000e+02 1.20000000e+01
3.02177608e+03 1.00029046e+00 3.79599519e-04 7.07450494e-01 3.13000000e+02 1.20000000e+01
3.02180479e+03 1.00053905e+00 3.79599519e-04 7.12489808e-01 3.16000000e+02 1.20000000e+01
3.02183372e+03 1.00045698e+00 3.79599519e-04 7.17566787e-01 3.14000000e+02 1.20000000e+01
3.02186120e+03 1.00031309e+00 3.79599519e-04 7.22388370e-01 2.91000000e+02 1.20000000e+01
3.02189025e+03 1.00015274e+00 3.79599519e-04 7.27486709e-01 3.07000000e+02 1.20000000e+01
3.02191907e+03 1.00034582e+00 3.79599519e-04 7.32544507e-01 3.19000000e+02 1.20000000e+01
3.02194735e+03 1.00025682e+00 3.79599519e-04 7.37507920e-01 3.16000000e+02 1.20000000e+01
3.02197562e+03 9.99874963e-01 3.79599519e-04 7.42468431e-01 3.19000000e+02 1.20000000e+01
3.02200426e+03 9.99951603e-01 3.79599519e-04 7.47495541e-01 3.17000000e+02 1.20000000e+01
3.02203315e+03 9.99187740e-01 3.79599519e-04 7.52565732e-01 3.18000000e+02 1.10000000e+01
3.02206155e+03 9.99842952e-01 3.79599519e-04 7.57549532e-01 3.19000000e+02 1.20000000e+01
3.02208951e+03 9.99801011e-01 3.79599519e-04 7.62455262e-01 3.02000000e+02 1.20000000e+01
3.02211815e+03 1.00022574e+00 3.79599519e-04 7.67481725e-01 3.09000000e+02 1.20000000e+01
3.02214715e+03 1.00030257e+00 3.79599519e-04 7.72572253e-01 3.08000000e+02 1.20000000e+01
3.02217490e+03 1.00044352e+00 3.79599519e-04 7.77441175e-01 3.07000000e+02 1.20000000e+01
3.02220351e+03 1.00037114e+00 3.79599519e-04 7.82463211e-01 3.12000000e+02 1.20000000e+01
3.02223232e+03 1.00061251e+00 4.11590458e-04 7.87517712e-01 3.04000000e+02 1.20000000e+01
3.02226092e+03 1.00050500e+00 3.79599519e-04 7.92538087e-01 3.05000000e+02 1.20000000e+01
3.02228917e+03 1.00040596e+00 3.79599519e-04 7.97495513e-01 3.09000000e+02 1.20000000e+01
