# Time Flux Flux_Err Phase N NSector
2.98392634e+03 1.00543687e+00 1.80525019e-03 -1.97447760e-01 1.36000000e+02 5.00000000e+00
2.98393101e+03 1.00729057e+00 1.80525019e-03 -1.92553152e-01 1.33000000e+02 5.00000000e+00
2.98393566e+03 1.00531497e+00 2.76795293e-03 -1.87676395e-01 1.32000000e+02 5.00000000e+00
2.98394048e+03 1.00229791e+00 1.80525019e-03 -1.82623166e-01 1.40000000e+02 5.00000000e+00
2.98394548e+03 1.00001373e+00 1.80525019e-03 -1.77386736e-01 1.36000000e+02 5.00000000e+00
2.98395019e+03 1.00347058e+00 1.80525019e-03 -1.72442702e-01 1.37000000e+02 5.00000000e+00
2.98395487e+03 1.00276798e+00 3.07165124e-03 -1.67543395e-01 1.33000000e+02 5.00000000e+00
2.98395968e+03 1.00113071e+00 1.85137552e-03 -1.62498532e-01 1.36000000e+02 5.00000000e+00
2.98396448e+03 1.00034875e+00 1.80525019e-03 -1.57469015e-01 1.41000000e+02 5.00000000e+00
2.98396925e+03 9.98337920e-01 2.11785455e-03 -1.52460722e-01 1.35000000e+02 5.00000000e+00
2.98397405e+03 9.99889271e-01 1.80525019e-03 -1.47436431e-01 1.37000000e+02 5.00000000e+00
2.98397875e+03 9.96933893e-01 3.49636260e-03 -1.42499460e-01 1.33000000e+02 5.00000000e+00
2.98398346e+03 9.95899436e-01 2.18230756e-03 -1.37570182e-01 1.36000000e+02 5.00000000e+00
2.98398836e+03 9.94591301e-01 1.96868409e-03 -1.32427879e-01 1.39000000e+02 5.00000000e+00
2.98399311e+03 9.94486367e-01 2.07124543e-03 -1.27453582e-01 1.34000000e+02 5.00000000e+00
2.98399782e+03 9.97331781e-01 3.92198942e-03 -1.22515824e-01 1.34000000e+02 5.00000000e+00
2.98400045e+03 9.89616744e-01 1.81126924e-03 -1.19756587e-01 9.00000000e+00 2.00000000e+00
2.98400429e+03 9.94315284e-01 1.80525019e-03 -1.15729345e-01 2.16000000e+02 5.00000000e+00
2.98401190e+03 9.89977979e-01 1.80525019e-03 -1.07749688e-01 2.20000000e+02 5.00000000e+00
2.98401970e+03 9.93812474e-01 1.80525019e-03 -9.95702972e-02 2.18000000e+02 5.00000000e+00
2.98402725e+03 9.89782486e-01 1.80525019e-03 -9.16545095e-02 2.15000000e+02 5.00000000e+00
2.98403487e+03 9.85949774e-01 1.80525019e-03 -8.36722756e-02 2.15000000e+02 5.00000000e+00
2.98404252e+03 9.68552720e-01 2.96283938e-03 -7.56519615e-02 2.12000000e+02 5.00000000e+00
2.98405006e+03 9.40209476e-01 4.42134173e-03 -6.77440032e-02 2.21000000e+02 5.00000000e+00
2.98405755e+03 9.08305859e-01 2.52175872e-03 -5.98955735e-02 2.12000000e+02 5.00000000e+00
2.98406509e+03 8.71544693e-01 2.12399277e-03 -5.19856076e-02 2.19000000e+02 5.00000000e+00
2.98407284e+03 8.30776722e-01 5.91269652e-03 -4.38656943e-02 2.17000000e+02 5.00000000e+00
2.98408032e+03 7.95205119e-01 2.10214506e-03 -3.60217164e-02 2.15000000e+02 5.00000000e+00
2.98408808e+03 7.65280585e-01 4.33254095e-03 -2.78864218e-02 2.21000000e+02 5.00000000e+00
2.98409561e+03 7.57047044e-01 4.18259670e-03 -1.99898079e-02 2.16000000e+02 5.00000000e+00
2.98410330e+03 7.53957624e-01 3.46983594e-03 -1.19352411e-02 2.16000000e+02 5.00000000e+00
2.98411089e+03 7.54858220e-01 4.59564682e-03 -3.97407611e-03 2.14000000e+02 5.00000000e+00
2.98411848e+03 7.55223724e-01 4.48954077e-03 3.98566409e-03 2.15000000e+02 5.00000000e+00
2.98412610e+03 7.56304040e-01 4.24207416e-03 1.19701063e-02 2.10000000e+02 5.00000000e+00
2.98413360e+03 7.61085558e-01 4.53342641e-03 1.98397891e-02 2.19000000e+02 5.00000000e+00
2.98414132e+03 7.84229219e-01 5.88098533e-03 2.79236541e-02 2.12000000e+02 5.00000000e+00
2.98414881e+03 8.22873702e-01 1.80525019e-03 3.57818046e-02 2.12000000e+02 5.00000000e+00
2.98415659e+03 8.58393506e-01 4.86449523e-03 4.39347774e-02 2.15000000e+02 5.00000000e+00
2.98416415e+03 8.97149627e-01 4.05862284e-03 5.18597666e-02 2.05000000e+02 5.00000000e+00
2.98417168e+03 9.33771948e-01 2.20198532e-03 5.97602015e-02 2.16000000e+02 5.00000000e+00
2.98417936e+03 9.67217133e-01 1.80525019e-03 6.78067090e-02 2.11000000e+02 5.00000000e+00
2.98418693e+03 9.79511010e-01 3.56001116e-03 7.57467403e-02 2.11000000e+02 5.00000000e+00
2.98419444e+03 9.88035985e-01 2.18421011e-03 8.36125740e-02 2.12000000e+02 5.00000000e+00
2.98420194e+03 9.93578844e-01 2.49503379e-03 9.14755713e-02 2.10000000e+02 5.00000000e+00
2.98420978e+03 9.91842139e-01 1.80525019e-03 9.97025659e-02 2.13000000e+02 5.00000000e+00
2.98421727e+03 9.93205266e-01 1.80525019e-03 1.07551946e-01 2.12000000e+02 5.00000000e+00
2.98422497e+03 9.95690395e-01 1.80525019e-03 1.15625913e-01 2.15000000e+02 5.00000000e+00
2.98422894e+03 9.95523826e-01 7.67494068e-03 1.19790496e-01 8.00000000e+00 2.00000000e+00
2.98423155e+03 9.95996160e-01 2.01133561e-03 1.22517239e-01 1.34000000e+02 5.00000000e+00
2.98423623e+03 9.96669565e-01 1.80525019e-03 1.27427386e-01 1.33000000e+02 5.00000000e+00
2.98424102e+03 9.96924897e-01 1.80525019e-03 1.32447433e-01 1.35000000e+02 5.00000000e+00
2.98424592e+03 9.99433370e-01 1.80525019e-03 1.37592058e-01 1.34000000e+02 5.00000000e+00
2.98425081e+03 9.99753215e-01 1.80525019e-03 1.42709564e-01 1.29000000e+02 5.00000000e+00
2.98425540e+03 1.00025207e+00 1.80525019e-03 1.47528010e-01 1.29000000e+02 5.00000000e+00
2.98426003e+03 1.00086028e+00 1.80525019e-03 1.52374485e-01 1.32000000e+02 5.00000000e+00
2.98426485e+03 1.00415804e+00 1.80525019e-03 1.57437409e-01 1.26000000e+02 5.00000000e+00
2.98426961e+03 1.00263418e+00 1.80525019e-03 1.62418574e-01 1.32000000e+02 5.00000000e+00
2.98427455e+03 1.00490537e+00 1.80525019e-03 1.67598720e-01 1.34000000e+02 5.00000000e+00
2.98427923e+03 1.00502951e+00 1.80525019e-03 1.72506447e-01 1.30000000e+02 5.00000000e+00
2.98428390e+03 1.00606469e+00 1.80525019e-03 1.77406743e-01 1.31000000e+02 5.00000000e+00
2.98428879e+03 1.00685528e+00 1.80525019e-03 1.82529687e-01 1.32000000e+02 5.00000000e+00
2.98429363e+03 1.00756958e+00 1.80525019e-03 1.87603351e-01 1.31000000e+02 5.00000000e+00
2.98429825e+03 1.00661667e+00 1.88744117e-03 1.92449533e-01 1.34000000e+02 5.00000000e+00
2.98430300e+03 1.00800139e+00 1.80525019e-03 1.97427345e-01 1.33000000e+02 5.00000000e+00
2.98430786e+03 1.00936300e+00 1.80525019e-03 2.02523275e-01 1.33000000e+02 5.00000000e+00
2.98431278e+03 1.01133938e+00 1.80525019e-03 2.07677338e-01 1.36000000e+02 5.00000000e+00
2.98431745e+03 1.00857857e+00 1.80525019e-03 2.12581033e-01 1.32000000e+02 5.00000000e+00
2.98432222e+03 1.01078659e+00 1.80525019e-03 2.17574972e-01 1.35000000e+02 5.00000000e+00
2.98432686e+03 1.01238089e+00 1.80525019e-03 2.22439141e-01 1.30000000e+02 5.00000000e+00
2.98433146e+03 1.01077077e+00 1.80525019e-03 2.27269109e-01 1.33000000e+02 5.00000000e+00
2.98433636e+03 1.01098534e+00 1.80525019e-03 2.32396704e-01 1.40000000e+02 5.00000000e+00
2.98434137e+03 1.01168575e+00 1.80525019e-03 2.37648672e-01 1.34000000e+02 5.00000000e+00
2.98434602e+03 1.01203546e+00 1.80525019e-03 2.42523372e-01 1.36000000e+02 5.00000000e+00
2.98435075e+03 1.01079786e+00 1.80525019e-03 2.47485333e-01 1.37000000e+02 5.00000000e+00
2.98435560e+03 1.01386137e+00 1.80525019e-03 2.52571665e-01 1.35000000e+02 5.00000000e+00
2.98436027e+03 1.01100253e+00 1.96062244e-03 2.57466004e-01 1.42000000e+02 5.00000000e+00
2.98436509e+03 1.01344381e+00 1.80525019e-03 2.62521823e-01 1.38000000e+02 5.00000000e+00
2.98436986e+03 1.01243173e+00 1.80525019e-03 2.67522159e-01 1.36000000e+02 5.00000000e+00
2.98437455e+03 1.01495561e+00 1.80525019e-03 2.72441853e-01 1.34000000e+02 5.00000000e+00
2.98437936e+03 1.01171072e+00 2.45600911e-03 2.77483032e-01 1.39000000e+02 5.00000000e+00
2.98438422e+03 1.01270934e+00 1.85176439e-03 2.82572809e-01 1.41000000e+02 5.00000000e+00
2.98438888e+03 1.01221978e+00 1.80525019e-03 2.87460629e-01 1.29000000e+02 5.00000000e+00
2.98439362e+03 1.01120638e+00 1.80525019e-03 2.92433290e-01 1.35000000e+02 5.00000000e+00
2.98439832e+03 1.01059934e+00 1.80525019e-03 2.97354038e-01 1.40000000e+02 5.00000000e+00
2.98440322e+03 1.00895218e+00 1.80525019e-03 3.02498439e-01 1.37000000e+02 5.00000000e+00
2.98440802e+03 1.01043995e+00 1.80525019e-03 3.07527024e-01 1.35000000e+02 5.00000000e+00
2.98441294e+03 1.00806750e+00 1.80525019e-03 3.12686255e-01 1.31000000e+02 5.00000000e+00
2.98441761e+03 1.01197790e+00 2.67310953e-03 3.17584493e-01 1.34000000e+02 5.00000000e+00
2.98442213e+03 1.00739155e+00 1.80525019e-03 3.22323503e-01 1.35000000e+02 5.00000000e+00
2.98442704e+03 1.00777246e+00 1.80525019e-03 3.27470178e-01 1.35000000e+02 5.00000000e+00
2.98443182e+03 1.00679378e+00 2.02709179e-03 3.32481762e-01 1.34000000e+02 5.00000000e+00
2.98443662e+03 1.01502958e+00 1.80525019e-03 3.37507220e-01 1.35000000e+02 5.00000000e+00
2.98444142e+03 1.00598776e+00 4.89894966e-03 3.42541858e-01 1.36000000e+02 5.00000000e+00
2.98444611e+03 1.00609949e+00 1.80929708e-03 3.47459126e-01 1.36000000e+02 5.00000000e+00
2.98445086e+03 1.00516318e+00 1.80525019e-03 3.52436586e-01 1.34000000e+02 5.00000000e+00
2.98445578e+03 1.01100099e+00 2.87996913e-03 3.57592225e-01 1.33000000e+02 5.00000000e+00
2.98446053e+03 1.00640902e+00 4.38457094e-03 3.62575951e-01 1.40000000e+02 5.00000000e+00
2.98446522e+03 1.00467587e+00 3.77205906e-03 3.67495690e-01 1.36000000e+02 5.00000000e+00
2.98446990e+03 1.00566307e+00 3.49336073e-03 3.72397407e-01 1.37000000e+02 5.00000000e+00
2.98447481e+03 1.00214374e+00 1.80525019e-03 3.77550902e-01 1.36000000e+02 5.00000000e+00
2.98447966e+03 1.01194575e+00 1.80525019e-03 3.82630144e-01 1.37000000e+02 5.00000000e+00
2.98448433e+03 1.00311339e+00 3.97655576e-03 3.87527426e-01 1.38000000e+02 5.00000000e+00
2.98448904e+03 1.00585014e+00 3.52893318e-03 3.92465353e-01 1.38000000e+02 5.00000000e+00
2.98449369e+03 1.00647065e+00 5.09487570e-03 3.97344817e-01 1.34000000e+02 5.00000000e+00
2.98449746e+03 1.00259622e+00 5.47382973e-03 4.01294141e-01 7.00000000e+01 5.00000000e+00
2.98450180e+03 1.01074349e+00 1.80525019e-03 4.05847144e-01 1.78000000e+02 5.00000000e+00
2.98450795e+03 1.00053588e+00 3.16429566e-03 4.12291983e-01 1.79000000e+02 5.00000000e+00
2.98451407e+03 1.00508671e+00 4.52245060e-03 4.18703519e-01 1.74000000e+02 5.00000000e+00
2.98452030e+03 9.96077929e-01 4.23853852e-03 4.25238137e-01 1.82000000e+02 5.00000000e+00
2.98452655e+03 9.79851896e-01 2.07699784e-03 4.31790842e-01 1.78000000e+02 5.00000000e+00
2.98453268e+03 9.79630810e-01 5.51635784e-03 4.38220023e-01 1.78000000e+02 5.00000000e+00
2.98453893e+03 9.72524574e-01 3.60130992e-03 4.44770970e-01 1.75000000e+02 5.00000000e+00
2.98454516e+03 9.50873482e-01 1.80525019e-03 4.51297375e-01 1.81000000e+02 5.00000000e+00
2.98455131e+03 9.54605936e-01 4.58791621e-03 4.57745982e-01 1.75000000e+02 5.00000000e+00
2.98455753e+03 9.45183700e-01 5.58164430e-03 4.64265945e-01 1.78000000e+02 5.00000000e+00
2.98456385e+03 9.39242491e-01 3.35796467e-03 4.70890330e-01 1.74000000e+02 5.00000000e+00
2.98456991e+03 9.35347966e-01 5.30276502e-03 4.77241757e-01 1.75000000e+02 5.00000000e+00
2.98457600e+03 9.42272856e-01 6.04037630e-03 4.83625925e-01 1.72000000e+02 5.00000000e+00
2.98458235e+03 9.42735760e-01 3.62291517e-03 4.90283902e-01 1.75000000e+02 5.00000000e+00
2.98458844e+03 9.33773508e-01 4.30077663e-03 4.96674732e-01 1.76000000e+02 5.00000000e+00
2.98459466e+03 9.40466333e-01 5.81614539e-03 5.03196628e-01 1.79000000e+02 5.00000000e+00
2.98460104e+03 9.42293493e-01 5.02957641e-03 5.09886409e-01 1.70000000e+02 5.00000000e+00
2.98460710e+03 9.33018720e-01 2.51313391e-03 5.16231459e-01 1.73000000e+02 5.00000000e+00
2.98461338e+03 9.43133859e-01 5.61992318e-03 5.22823407e-01 1.75000000e+02 5.00000000e+00
2.98461955e+03 9.42944645e-01 5.14334625e-03 5.29287233e-01 1.67000000e+02 5.00000000e+00
2.98462575e+03 9.46181808e-01 3.65118838e-03 5.35788265e-01 1.74000000e+02 5.00000000e+00
2.98463190e+03 9.51730733e-01 1.80525019e-03 5.42237592e-01 1.79000000e+02 5.00000000e+00
2.98463809e+03 9.66638748e-01 5.87676877e-03 5.48728407e-01 1.67000000e+02 5.00000000e+00
2.98464427e+03 9.78633409e-01 3.22333596e-03 5.55202496e-01 1.69000000e+02 5.00000000e+00
2.98465051e+03 9.85174446e-01 3.66411181e-03 5.61744514e-01 1.74000000e+02 5.00000000e+00
2.98465670e+03 9.89777211e-01 4.46505333e-03 5.68233307e-01 1.71000000e+02 5.00000000e+00
2.98466299e+03 9.99971449e-01 4.26539516e-03 5.74824885e-01 1.73000000e+02 5.00000000e+00
2.98466913e+03 1.00402099e+00 3.07884183e-03 5.81265329e-01 1.77000000e+02 5.00000000e+00
2.98467533e+03 9.98785783e-01 1.80525019e-03 5.87762544e-01 1.71000000e+02 5.00000000e+00
2.98468154e+03 1.00535186e+00 4.28964644e-03 5.94273626e-01 1.67000000e+02 5.00000000e+00
2.98468579e+03 1.01072521e+00 2.08030151e-03 5.98730373e-01 6.40000000e+01 4.00000000e+00
2.98468946e+03 1.00343563e+00 2.07795165e-03 6.02576197e-01 1.29000000e+02 5.00000000e+00
2.98469409e+03 1.00342637e+00 2.93813459e-03 6.07429679e-01 1.31000000e+02 5.00000000e+00
2.98469887e+03 1.00656421e+00 3.07829257e-03 6.12443679e-01 1.25000000e+02 4.00000000e+00
2.98470370e+03 1.00953947e+00 1.80525019e-03 6.17502814e-01 1.29000000e+02 5.00000000e+00
2.98470861e+03 1.00126668e+00 1.80525019e-03 6.22654126e-01 1.34000000e+02 5.00000000e+00
2.98471329e+03 1.00736097e+00 1.95758467e-03 6.27562436e-01 1.31000000e+02 5.00000000e+00
2.98471804e+03 1.00324511e+00 2.15163390e-03 6.32543577e-01 1.30000000e+02 5.00000000e+00
2.98472271e+03 1.00389338e+00 4.65761415e-03 6.37441660e-01 1.26000000e+02 5.00000000e+00
2.98472745e+03 1.00829010e+00 1.83316983e-03 6.42402922e-01 1.29000000e+02 5.00000000e+00
2.98473231e+03 1.00645427e+00 1.80525019e-03 6.47499933e-01 1.33000000e+02 5.00000000e+00
2.98473712e+03 1.00553858e+00 1.80525019e-03 6.52540424e-01 1.27000000e+02 5.00000000e+00
2.98474185e+03 1.00504059e+00 2.88692915e-03 6.57504360e-01 1.26000000e+02 5.00000000e+00
2.98474668e+03 1.01126392e+00 1.80525019e-03 6.62560569e-01 1.24000000e+02 5.00000000e+00
2.98475143e+03 1.00645370e+00 3.49150285e-03 6.67542400e-01 1.29000000e+02 5.00000000e+00
2.98475614e+03 1.01101250e+00 2.68287324e-03 6.72480560e-01 1.30000000e+02 5.00000000e+00
2.98476093e+03 1.00690939e+00 2.05346854e-03 6.77508954e-01 1.29000000e+02 5.00000000e+00
2.98476567e+03 1.01229844e+00 1.80525019e-03 6.82475021e-01 1.23000000e+02 5.00000000e+00
2.98477041e+03 1.00758110e+00 1.80525019e-03 6.87444533e-01 1.31000000e+02 5.00000000e+00
2.98477522e+03 1.01306242e+00 1.80525019e-03 6.92482304e-01 1.31000000e+02 5.00000000e+00
2.98478007e+03 1.01052393e+00 1.80525019e-03 6.97566392e-01 1.30000000e+02 5.00000000e+00
2.98478471e+03 1.00884029e+00 1.80525019e-03 7.02440114e-01 1.25000000e+02 5.00000000e+00
2.98478951e+03 1.01254597e+00 1.80525019e-03 7.07467788e-01 1.27000000e+02 5.00000000e+00
2.98479420e+03 1.01095133e+00 1.80525019e-03 7.12389162e-01 1.32000000e+02 5.00000000e+00
2.98479906e+03 1.01158268e+00 1.80525019e-03 7.17483573e-01 1.32000000e+02 5.00000000e+00
2.98480386e+03 1.01107902e+00 1.80525019e-03 7.22509039e-01 1.33000000e+02 5.00000000e+00
2.98480880e+03 1.01122199e+00 1.80525019e-03 7.27689061e-01 1.24000000e+02 5.00000000e+00
2.98481346e+03 1.01184105e+00 1.80525019e-03 7.32571734e-01 1.30000000e+02 5.00000000e+00
2.98481800e+03 1.01132303e+00 1.80525019e-03 7.37336029e-01 1.30000000e+02 5.00000000e+00
2.98482288e+03 1.01124259e+00 1.80525019e-03 7.42446288e-01 1.31000000e+02 5.00000000e+00
2.98482765e+03 1.01263391e+00 1.80525019e-03 7.47455001e-01 1.32000000e+02 5.00000000e+00
2.98483246e+03 1.01019461e+00 1.80525019e-03 7.52489754e-01 1.34000000e+02 5.00000000e+00
2.98483725e+03 1.01055947e+00 1.80525019e-03 7.57518728e-01 1.34000000e+02 5.00000000e+00
2.98484195e+03 1.00991121e+00 1.80525019e-03 7.62446762e-01 1.35000000e+02 5.00000000e+00
2.98484673e+03 1.01169742e+00 1.80525019e-03 7.67455925e-01 1.31000000e+02 5.00000000e+00
2.98485160e+03 1.00984281e+00 1.80525019e-03 7.72564688e-01 1.33000000e+02 5.00000000e+00
2.98485631e+03 1.01006188e+00 1.80525019e-03 7.77502720e-01 1.35000000e+02 5.00000000e+00
2.98486104e+03 1.00719319e+00 1.80525019e-03 7.82454532e-01 1.35000000e+02 5.00000000e+00
2.98486584e+03 1.00721977e+00 2.59798791e-03 7.87489524e-01 1.33000000e+02 5.00000000e+00
2.98487069e+03 1.00979260e+00 1.80525019e-03 7.92571699e-01 1.36000000e+02 5.00000000e+00
2.98487550e+03 1.00635369e+00 1.98678936e-03 7.97611511e-01 1.33000000e+02 5.00000000e+00
