# Time Flux Flux_Err Phase N NSector
3.36672756e+03 1.00477898e+00 1.60171551e-03 -1.97571211e-01 3.39000000e+02 9.00000000e+00
3.36673976e+03 1.00433456e+00 1.15483374e-03 -1.92472556e-01 3.44000000e+02 9.00000000e+00
3.36675183e+03 1.00432741e+00 1.47140297e-03 -1.87427732e-01 3.36000000e+02 9.00000000e+00
3.36676359e+03 1.00350277e+00 1.15483374e-03 -1.82513972e-01 3.37000000e+02 9.00000000e+00
3.36677552e+03 1.00286806e+00 1.15483374e-03 -1.77528823e-01 3.39000000e+02 9.00000000e+00
3.36678739e+03 1.00249374e+00 1.15483374e-03 -1.72572472e-01 3.37000000e+02 9.00000000e+00
3.36679944e+03 1.00207359e+00 1.62285020e-03 -1.67536883e-01 3.42000000e+02 9.00000000e+00
3.36681152e+03 1.00244015e+00 1.39218757e-03 -1.62488841e-01 3.41000000e+02 9.00000000e+00
3.36682358e+03 1.00356640e+00 1.15483374e-03 -1.57448043e-01 3.37000000e+02 9.00000000e+00
3.36683553e+03 1.00353730e+00 1.46793049e-03 -1.52457848e-01 3.31000000e+02 9.00000000e+00
3.36684729e+03 1.00422846e+00 1.16881467e-03 -1.47545053e-01 3.30000000e+02 9.00000000e+00
3.36685927e+03 1.00330603e+00 1.15483374e-03 -1.42538372e-01 3.35000000e+02 9.00000000e+00
3.36687129e+03 1.00347156e+00 1.15483374e-03 -1.37514727e-01 3.35000000e+02 9.00000000e+00
3.36688340e+03 1.00267097e+00 1.52169162e-03 -1.32453842e-01 3.36000000e+02 9.00000000e+00
3.36689542e+03 1.00424849e+00 1.15483374e-03 -1.27432812e-01 3.30000000e+02 9.00000000e+00
3.36690733e+03 1.00303163e+00 1.15483374e-03 -1.22457538e-01 3.27000000e+02 9.00000000e+00
3.36691907e+03 1.00507385e+00 1.15483374e-03 -1.17551514e-01 3.27000000e+02 9.00000000e+00
3.36693098e+03 1.00376901e+00 1.15483374e-03 -1.12573791e-01 3.28000000e+02 9.00000000e+00
3.36694310e+03 1.00333353e+00 1.57058915e-03 -1.07512467e-01 3.28000000e+02 9.00000000e+00
3.36695520e+03 1.00193449e+00 1.15483374e-03 -1.02455992e-01 3.24000000e+02 9.00000000e+00
3.36696720e+03 1.00317958e+00 1.15483374e-03 -9.74406197e-02 3.23000000e+02 9.00000000e+00
3.36697908e+03 1.00169188e+00 1.15483374e-03 -9.24767926e-02 3.20000000e+02 9.00000000e+00
3.36699082e+03 9.99927605e-01 1.15483374e-03 -8.75731606e-02 3.23000000e+02 9.00000000e+00
3.36700281e+03 1.00205827e+00 1.15483374e-03 -8.25652568e-02 3.23000000e+02 9.00000000e+00
3.36701493e+03 9.99890796e-01 1.49100149e-03 -7.74997873e-02 3.27000000e+02 9.00000000e+00
3.36702709e+03 1.00386358e+00 1.57797077e-03 -7.24175630e-02 3.19000000e+02 9.00000000e+00
3.36703903e+03 1.00132540e+00 1.15483374e-03 -6.74286357e-02 3.22000000e+02 9.00000000e+00
3.36705086e+03 1.00162632e+00 1.15483374e-03 -6.24876114e-02 3.20000000e+02 9.00000000e+00
3.36706261e+03 1.00240427e+00 1.15483374e-03 -5.75786696e-02 3.20000000e+02 9.00000000e+00
3.36707080e+03 1.00154680e+00 1.74008175e-03 -5.41563442e-02 1.11000000e+02 7.00000000e+00
3.36707710e+03 9.99799334e-01 1.15483374e-03 -5.15217464e-02 2.33000000e+02 9.00000000e+00
3.36708561e+03 9.99480158e-01 1.42212497e-03 -4.79660176e-02 2.24000000e+02 9.00000000e+00
3.36709416e+03 1.00091463e+00 1.15483374e-03 -4.43973182e-02 2.30000000e+02 9.00000000e+00
3.36710253e+03 9.97989930e-01 1.16349011e-03 -4.08983725e-02 2.32000000e+02 9.00000000e+00
3.36711109e+03 9.79511478e-01 1.15483374e-03 -3.73208954e-02 2.25000000e+02 9.00000000e+00
3.36711969e+03 9.65064761e-01 2.47566490e-03 -3.37297503e-02 2.35000000e+02 9.00000000e+00
3.36712812e+03 9.44348815e-01 1.22772248e-03 -3.02055954e-02 2.37000000e+02 9.00000000e+00
3.36713659e+03 9.22202468e-01 1.15483374e-03 -2.66687803e-02 2.29000000e+02 9.00000000e+00
3.36714520e+03 9.01156006e-01 1.50089766e-03 -2.30686742e-02 2.37000000e+02 9.00000000e+00
3.36715363e+03 8.74526943e-01 1.42014526e-03 -1.95481891e-02 2.34000000e+02 8.00000000e+00
3.36716209e+03 8.53056728e-01 1.65411869e-03 -1.60125979e-02 2.36000000e+02 9.00000000e+00
3.36717073e+03 8.32295079e-01 1.43595738e-03 -1.24039339e-02 2.37000000e+02 9.00000000e+00
3.36717916e+03 8.17862866e-01 2.56509160e-03 -8.88220814e-03 2.43000000e+02 9.00000000e+00
3.36718757e+03 8.05001645e-01 2.35380407e-03 -5.36692579e-03 2.31000000e+02 9.00000000e+00
3.36719623e+03 7.98120693e-01 5.11353590e-03 -1.74912935e-03 2.42000000e+02 9.00000000e+00
3.36720471e+03 7.97409000e-01 2.18181803e-03 1.79482036e-03 2.40000000e+02 9.00000000e+00
3.36721319e+03 8.04943777e-01 3.37687399e-03 5.33630327e-03 2.31000000e+02 9.00000000e+00
3.36722174e+03 8.12931032e-01 1.97307313e-03 8.91160003e-03 2.34000000e+02 9.00000000e+00
3.36723007e+03 8.31230664e-01 1.38378128e-03 1.23898413e-02 2.36000000e+02 9.00000000e+00
3.36723862e+03 8.50156294e-01 3.33254728e-03 1.59647276e-02 2.34000000e+02 9.00000000e+00
3.36724723e+03 8.72767556e-01 2.40821761e-03 1.95594826e-02 2.38000000e+02 9.00000000e+00
3.36725571e+03 8.94736207e-01 3.14727297e-03 2.31042502e-02 2.39000000e+02 9.00000000e+00
3.36726407e+03 9.18774672e-01 2.55555280e-03 2.65956433e-02 2.36000000e+02 9.00000000e+00
3.36727274e+03 9.40404334e-01 2.29165284e-03 3.02180455e-02 2.38000000e+02 9.00000000e+00
3.36728116e+03 9.58665612e-01 1.60999077e-03 3.37370768e-02 2.41000000e+02 9.00000000e+00
3.36728959e+03 9.75737495e-01 1.15483374e-03 3.72577165e-02 2.38000000e+02 9.00000000e+00
3.36729824e+03 9.90352393e-01 1.15483374e-03 4.08734634e-02 2.28000000e+02 9.00000000e+00
3.36730675e+03 1.00123560e+00 1.15483374e-03 4.44295662e-02 2.36000000e+02 9.00000000e+00
3.36731521e+03 1.00083942e+00 1.15483374e-03 4.79657750e-02 2.29000000e+02 9.00000000e+00
3.36732373e+03 1.00211962e+00 1.15483374e-03 5.15229204e-02 2.26000000e+02 9.00000000e+00
3.36732999e+03 1.00119536e+00 1.15483374e-03 5.41406007e-02 1.12000000e+02 8.00000000e+00
3.36733799e+03 1.00012487e+00 1.34301909e-03 5.74835714e-02 3.19000000e+02 9.00000000e+00
3.36734973e+03 1.00143917e+00 1.15483374e-03 6.23894410e-02 3.24000000e+02 9.00000000e+00
3.36736183e+03 1.00137775e+00 1.24787301e-03 6.74449030e-02 3.28000000e+02 9.00000000e+00
3.36737394e+03 1.00125987e+00 1.82020211e-03 7.25023008e-02 3.27000000e+02 9.00000000e+00
3.36738604e+03 1.00266237e+00 1.31110322e-03 7.75590112e-02 3.24000000e+02 9.00000000e+00
3.36739794e+03 1.00363708e+00 1.32042522e-03 8.25303992e-02 3.24000000e+02 9.00000000e+00
3.36740976e+03 1.00183729e+00 1.35581198e-03 8.74702084e-02 3.22000000e+02 9.00000000e+00
3.36742176e+03 1.00207192e+00 1.15483374e-03 9.24827235e-02 3.29000000e+02 9.00000000e+00
3.36743370e+03 1.00088508e+00 1.28777682e-03 9.74718999e-02 3.30000000e+02 9.00000000e+00
3.36744578e+03 1.00350879e+00 1.19446810e-03 1.02521548e-01 3.31000000e+02 9.00000000e+00
3.36745787e+03 1.00132418e+00 1.15483374e-03 1.07571983e-01 3.25000000e+02 9.00000000e+00
3.36746977e+03 1.00297651e+00 1.36053653e-03 1.12544123e-01 3.22000000e+02 9.00000000e+00
3.36748152e+03 1.00215787e+00 1.25196831e-03 1.17451209e-01 3.20000000e+02 9.00000000e+00
3.36749346e+03 1.00466124e+00 1.15483374e-03 1.22442748e-01 3.18000000e+02 9.00000000e+00
3.36750554e+03 1.00143364e+00 1.15483374e-03 1.27487528e-01 3.25000000e+02 9.00000000e+00
3.36751770e+03 1.00231086e+00 1.33990405e-03 1.32568665e-01 3.24000000e+02 9.00000000e+00
3.36752961e+03 1.00207327e+00 1.15483374e-03 1.37545920e-01 3.22000000e+02 9.00000000e+00
3.36754146e+03 1.00323316e+00 1.24452772e-03 1.42495641e-01 3.22000000e+02 9.00000000e+00
3.36755326e+03 1.00276885e+00 1.15483374e-03 1.47426574e-01 3.23000000e+02 9.00000000e+00
3.36756527e+03 1.00271738e+00 1.15483374e-03 1.52446944e-01 3.23000000e+02 9.00000000e+00
3.36757741e+03 1.00388263e+00 1.31788889e-03 1.57517515e-01 3.32000000e+02 9.00000000e+00
3.36758943e+03 1.00231083e+00 1.15483374e-03 1.62540167e-01 3.29000000e+02 9.00000000e+00
3.36760144e+03 1.00304675e+00 1.15483374e-03 1.67558024e-01 3.28000000e+02 9.00000000e+00
3.36761323e+03 1.00152963e+00 1.15483374e-03 1.72485119e-01 3.24000000e+02 9.00000000e+00
3.36762505e+03 1.00344980e+00 1.15483374e-03 1.77424453e-01 3.26000000e+02 9.00000000e+00
3.36763707e+03 1.00208446e+00 1.15483374e-03 1.82444167e-01 3.24000000e+02 9.00000000e+00
3.36764917e+03 1.00433037e+00 1.15483374e-03 1.87499079e-01 3.27000000e+02 9.00000000e+00
3.36766143e+03 1.00491243e+00 1.50942517e-03 1.92624424e-01 3.22000000e+02 9.00000000e+00
3.36767324e+03 1.00768269e+00 1.16253769e-03 1.97557219e-01 3.24000000e+02 9.00000000e+00
3.36768511e+03 1.00227535e+00 1.15483374e-03 2.02516110e-01 3.26000000e+02 9.00000000e+00
3.36769684e+03 1.00462176e+00 1.15483374e-03 2.07418729e-01 3.27000000e+02 9.00000000e+00
3.36770871e+03 1.00488789e+00 1.15483374e-03 2.12376239e-01 3.32000000e+02 9.00000000e+00
3.36772110e+03 1.00318739e+00 1.15483374e-03 2.17554838e-01 3.29000000e+02 9.00000000e+00
3.36773319e+03 1.00470214e+00 1.30384311e-03 2.22606742e-01 3.20000000e+02 9.00000000e+00
3.36774514e+03 1.00560693e+00 1.17732528e-03 2.27598483e-01 3.20000000e+02 9.00000000e+00
3.36775689e+03 1.00616992e+00 1.69950435e-03 2.32508903e-01 3.19000000e+02 9.00000000e+00
3.36776860e+03 1.00468229e+00 2.35554695e-03 2.37403089e-01 3.22000000e+02 9.00000000e+00
3.36778052e+03 1.00360417e+00 1.15483374e-03 2.42383574e-01 3.18000000e+02 9.00000000e+00
3.36779274e+03 1.00555295e+00 1.53710170e-03 2.47486460e-01 3.23000000e+02 9.00000000e+00
3.36780507e+03 1.00383566e+00 1.68021487e-03 2.52640589e-01 3.21000000e+02 9.00000000e+00
3.36781685e+03 1.00554115e+00 2.07815612e-03 2.57562081e-01 3.15000000e+02 9.00000000e+00
3.36782865e+03 1.00514894e+00 1.47708463e-03 2.62489982e-01 3.15000000e+02 9.00000000e+00
3.36784036e+03 1.00421412e+00 1.44844051e-03 2.67383469e-01 3.13000000e+02 9.00000000e+00
3.36785234e+03 1.00405953e+00 1.24137849e-03 2.72391467e-01 3.22000000e+02 9.00000000e+00
3.36786466e+03 1.00632179e+00 1.51534727e-03 2.77536014e-01 3.22000000e+02 9.00000000e+00
3.36787681e+03 1.00542867e+00 1.44661479e-03 2.82615586e-01 3.15000000e+02 9.00000000e+00
3.36788860e+03 1.00732138e+00 1.15483374e-03 2.87539799e-01 3.10000000e+02 9.00000000e+00
3.36790040e+03 1.00720079e+00 1.69302619e-03 2.92472563e-01 3.05000000e+02 9.00000000e+00
3.36791216e+03 1.00364074e+00 1.15483374e-03 2.97385512e-01 3.04000000e+02 9.00000000e+00
3.36792423e+03 1.00616407e+00 1.15483374e-03 3.02428685e-01 3.06000000e+02 9.00000000e+00
3.36793647e+03 1.00312185e+00 1.74377794e-03 3.07541484e-01 3.14000000e+02 9.00000000e+00
3.36794854e+03 1.00438625e+00 1.15483374e-03 3.12585688e-01 3.06000000e+02 9.00000000e+00
3.36796046e+03 1.00396370e+00 1.15483374e-03 3.17564585e-01 3.05000000e+02 9.00000000e+00
3.36797219e+03 1.00584924e+00 1.15483374e-03 3.22465185e-01 3.11000000e+02 9.00000000e+00
3.36798402e+03 1.00031933e+00 2.12668874e-03 3.27409168e-01 3.15000000e+02 9.00000000e+00
3.36799605e+03 1.00382433e+00 1.46413342e-03 3.32434168e-01 3.11000000e+02 9.00000000e+00
3.36800820e+03 1.00518950e+00 1.89631955e-03 3.37513658e-01 3.19000000e+02 9.00000000e+00
3.36802037e+03 1.00255035e+00 1.15483374e-03 3.42597210e-01 3.12000000e+02 9.00000000e+00
3.36803230e+03 1.00442313e+00 1.15483374e-03 3.47582532e-01 3.11000000e+02 9.00000000e+00
3.36804400e+03 1.00438268e+00 1.15483374e-03 3.52469240e-01 3.15000000e+02 9.00000000e+00
3.36805587e+03 1.00563525e+00 1.15483374e-03 3.57427877e-01 3.14000000e+02 9.00000000e+00
3.36806778e+03 1.00509900e+00 1.15483374e-03 3.62404410e-01 3.26000000e+02 9.00000000e+00
3.36808002e+03 1.00257334e+00 1.16818905e-03 3.67519281e-01 3.24000000e+02 9.00000000e+00
3.36809211e+03 1.00313875e+00 1.15483374e-03 3.72570515e-01 3.23000000e+02 9.00000000e+00
3.36810406e+03 1.00197208e+00 1.15483374e-03 3.77563682e-01 3.23000000e+02 9.00000000e+00
3.36811573e+03 1.00502014e+00 1.52856803e-03 3.82439610e-01 3.25000000e+02 9.00000000e+00
3.36812772e+03 1.00150635e+00 1.22973415e-03 3.87448656e-01 3.30000000e+02 9.00000000e+00
3.36813974e+03 1.00095440e+00 1.15483374e-03 3.92472806e-01 3.34000000e+02 9.00000000e+00
3.36815192e+03 1.00553088e+00 1.15483374e-03 3.97559598e-01 3.29000000e+02 9.00000000e+00
3.36816398e+03 1.00110593e+00 1.15483374e-03 4.02600159e-01 3.26000000e+02 9.00000000e+00
3.36817578e+03 1.00257099e+00 1.15483374e-03 4.07529193e-01 3.24000000e+02 9.00000000e+00
3.36818754e+03 1.00159117e+00 1.15483374e-03 4.12443084e-01 3.30000000e+02 9.00000000e+00
3.36819940e+03 1.00167068e+00 1.15483374e-03 4.17401385e-01 3.31000000e+02 9.00000000e+00
3.36821154e+03 1.00330097e+00 1.15483374e-03 4.22472588e-01 3.37000000e+02 9.00000000e+00
3.36822382e+03 1.00398874e+00 1.19855364e-03 4.27603233e-01 3.33000000e+02 9.00000000e+00
3.36823575e+03 1.00296242e+00 1.56841705e-03 4.32589554e-01 3.28000000e+02 9.00000000e+00
3.36824760e+03 1.00031704e+00 1.15483374e-03 4.37540764e-01 3.29000000e+02 9.00000000e+00
3.36825925e+03 1.00369135e+00 1.15483374e-03 4.42405252e-01 3.32000000e+02 9.00000000e+00
3.36827068e+03 1.00110298e+00 1.15483374e-03 4.47182892e-01 2.96000000e+02 9.00000000e+00
3.36827986e+03 1.00292253e+00 1.15483374e-03 4.51017867e-01 2.15000000e+02 9.00000000e+00
3.36828786e+03 1.00196455e+00 1.36698606e-03 4.54358554e-01 2.26000000e+02 8.00000000e+00
3.36829605e+03 9.97540632e-01 1.15483374e-03 4.57780383e-01 2.20000000e+02 9.00000000e+00
3.36830410e+03 9.84633804e-01 1.15483374e-03 4.61144579e-01 2.27000000e+02 8.00000000e+00
3.36831228e+03 9.71356804e-01 1.89891820e-03 4.64564878e-01 2.18000000e+02 9.00000000e+00
3.36832026e+03 9.55080275e-01 1.26794144e-03 4.67898339e-01 2.29000000e+02 8.00000000e+00
3.36832848e+03 9.38838121e-01 2.52154729e-03 4.71332350e-01 2.15000000e+02 8.00000000e+00
3.36833632e+03 9.17171411e-01 1.15483374e-03 4.74607109e-01 2.25000000e+02 8.00000000e+00
3.36834454e+03 8.98151875e-01 1.72194004e-03 4.78040488e-01 2.20000000e+02 9.00000000e+00
3.36835250e+03 8.72696613e-01 2.73709665e-03 4.81367546e-01 2.26000000e+02 8.00000000e+00
3.36836079e+03 8.56640883e-01 3.15125769e-03 4.84832938e-01 2.16000000e+02 9.00000000e+00
3.36836880e+03 8.37084215e-01 1.15483374e-03 4.88180953e-01 2.26000000e+02 9.00000000e+00
3.36837697e+03 8.20718453e-01 3.02997295e-03 4.91593308e-01 2.13000000e+02 9.00000000e+00
3.36838493e+03 8.06595781e-01 1.15483374e-03 4.94917528e-01 2.25000000e+02 9.00000000e+00
3.36839311e+03 8.03408909e-01 2.34163044e-03 4.98334420e-01 2.12000000e+02 8.00000000e+00
3.36840113e+03 8.04366406e-01 1.99884709e-03 5.01687668e-01 2.27000000e+02 8.00000000e+00
3.36840935e+03 8.12310291e-01 2.33955303e-03 5.05121632e-01 2.10000000e+02 8.00000000e+00
3.36841722e+03 8.19290430e-01 2.12364375e-03 5.08409991e-01 2.24000000e+02 9.00000000e+00
3.36842546e+03 8.36760859e-01 3.90140049e-03 5.11854516e-01 2.16000000e+02 9.00000000e+00
3.36843343e+03 8.53371533e-01 1.89358716e-03 5.15181252e-01 2.20000000e+02 8.00000000e+00
3.36844164e+03 8.73858015e-01 2.97116929e-03 5.18614191e-01 2.15000000e+02 9.00000000e+00
3.36844963e+03 8.90272473e-01 1.28370008e-03 5.21951397e-01 2.23000000e+02 9.00000000e+00
3.36845790e+03 9.13719191e-01 1.88884988e-03 5.25405077e-01 2.09000000e+02 9.00000000e+00
3.36846583e+03 9.33631121e-01 1.18795967e-03 5.28721542e-01 2.17000000e+02 8.00000000e+00
3.36847404e+03 9.53475121e-01 1.15483374e-03 5.32150368e-01 2.08000000e+02 8.00000000e+00
3.36848199e+03 9.69137557e-01 1.29123847e-03 5.35472454e-01 2.20000000e+02 8.00000000e+00
3.36849023e+03 9.85690161e-01 1.29628808e-03 5.38916279e-01 2.13000000e+02 9.00000000e+00
3.36849813e+03 9.95770721e-01 1.15483374e-03 5.42214289e-01 2.21000000e+02 8.00000000e+00
3.36850648e+03 1.00381867e+00 1.15483374e-03 5.45703041e-01 2.21000000e+02 9.00000000e+00
3.36851433e+03 1.00133593e+00 1.15483374e-03 5.48984440e-01 2.20000000e+02 8.00000000e+00
3.36852359e+03 1.00134720e+00 1.15483374e-03 5.52853097e-01 2.85000000e+02 9.00000000e+00
3.36853465e+03 1.00310978e+00 1.15483374e-03 5.57472950e-01 3.30000000e+02 9.00000000e+00
3.36854652e+03 1.00149842e+00 1.15483374e-03 5.62434807e-01 3.31000000e+02 9.00000000e+00
3.36855857e+03 1.00212831e+00 1.15483374e-03 5.67467572e-01 3.37000000e+02 9.00000000e+00
3.36857074e+03 9.99097464e-01 2.19718336e-03 5.72555250e-01 3.43000000e+02 9.00000000e+00
3.36858275e+03 1.00064237e+00 1.15483374e-03 5.77570825e-01 3.37000000e+02 9.00000000e+00
3.36859455e+03 1.00126636e+00 2.01723560e-03 5.82502564e-01 3.34000000e+02 9.00000000e+00
3.36860640e+03 1.00214985e+00 1.42735057e-03 5.87454723e-01 3.38000000e+02 9.00000000e+00
3.36861826e+03 1.00143582e+00 1.15483374e-03 5.92408407e-01 3.35000000e+02 9.00000000e+00
3.36863033e+03 1.00327740e+00 1.15483374e-03 5.97450260e-01 3.39000000e+02 9.00000000e+00
3.36864250e+03 1.00158592e+00 1.15483374e-03 6.02537341e-01 3.41000000e+02 9.00000000e+00
3.36865452e+03 1.00194635e+00 1.15483374e-03 6.07558882e-01 3.36000000e+02 9.00000000e+00
3.36866642e+03 1.00236910e+00 1.15483374e-03 6.12530541e-01 3.34000000e+02 9.00000000e+00
3.36867818e+03 1.00186678e+00 1.15483374e-03 6.17445803e-01 3.36000000e+02 9.00000000e+00
3.36869018e+03 1.00133938e+00 1.76153176e-03 6.22457856e-01 3.37000000e+02 9.00000000e+00
3.36870216e+03 1.00228054e+00 1.15483374e-03 6.27464866e-01 3.39000000e+02 9.00000000e+00
3.36871428e+03 1.00383161e+00 1.15483374e-03 6.32528294e-01 3.39000000e+02 9.00000000e+00
3.36872635e+03 1.00353680e+00 1.41643041e-03 6.37572372e-01 3.36000000e+02 9.00000000e+00
3.36873821e+03 1.00315478e+00 1.15483374e-03 6.42527709e-01 3.35000000e+02 9.00000000e+00
3.36874998e+03 1.00331271e+00 1.15483374e-03 6.47443821e-01 3.37000000e+02 9.00000000e+00
3.36876196e+03 1.00204510e+00 1.15483374e-03 6.52450996e-01 3.37000000e+02 9.00000000e+00
3.36877410e+03 1.00322840e+00 1.43443026e-03 6.57524006e-01 3.42000000e+02 9.00000000e+00
3.36878618e+03 1.00486084e+00 1.15483374e-03 6.62569183e-01 3.41000000e+02 9.00000000e+00
3.36879815e+03 1.00429755e+00 1.15483374e-03 6.67572396e-01 3.41000000e+02 9.00000000e+00
3.36881004e+03 1.00421332e+00 1.15483374e-03 6.72539347e-01 3.39000000e+02 9.00000000e+00
3.36882171e+03 1.00342389e+00 1.31459378e-03 6.77415332e-01 3.41000000e+02 9.00000000e+00
3.36883369e+03 1.00252846e+00 1.15483374e-03 6.82422827e-01 3.42000000e+02 9.00000000e+00
3.36884592e+03 1.00366555e+00 1.22665166e-03 6.87530829e-01 3.47000000e+02 9.00000000e+00
3.36885801e+03 1.00237474e+00 1.36426682e-03 6.92582237e-01 3.42000000e+02 9.00000000e+00
3.36886991e+03 1.00441706e+00 1.90103831e-03 6.97553989e-01 3.40000000e+02 9.00000000e+00
3.36888175e+03 1.00299895e+00 1.23845200e-03 7.02503131e-01 3.37000000e+02 9.00000000e+00
3.36889352e+03 1.00519231e+00 1.33987764e-03 7.07420165e-01 3.43000000e+02 9.00000000e+00
3.36890552e+03 1.00444238e+00 1.99705974e-03 7.12435215e-01 3.41000000e+02 9.00000000e+00
3.36891771e+03 1.00624333e+00 2.17823463e-03 7.17525786e-01 3.48000000e+02 9.00000000e+00
3.36892991e+03 1.00616301e+00 1.54568826e-03 7.22622547e-01 3.41000000e+02 9.00000000e+00
3.36894171e+03 1.00477970e+00 1.15483374e-03 7.27554158e-01 3.40000000e+02 9.00000000e+00
3.36895355e+03 1.00364372e+00 1.15483374e-03 7.32501581e-01 3.39000000e+02 9.00000000e+00
3.36896531e+03 1.00554585e+00 1.15483374e-03 7.37415451e-01 3.38000000e+02 9.00000000e+00
3.36897726e+03 1.00344956e+00 1.26816209e-03 7.42408181e-01 3.42000000e+02 9.00000000e+00
3.36898951e+03 1.00580313e+00 1.32619331e-03 7.47525132e-01 3.41000000e+02 9.00000000e+00
3.36900162e+03 1.00326298e+00 1.45024133e-03 7.52586967e-01 3.36000000e+02 9.00000000e+00
3.36901349e+03 1.00559209e+00 1.66323160e-03 7.57546272e-01 3.36000000e+02 9.00000000e+00
3.36902531e+03 1.00542009e+00 1.15483374e-03 7.62482695e-01 3.33000000e+02 9.00000000e+00
3.36903707e+03 1.00322683e+00 1.15483374e-03 7.67398238e-01 3.36000000e+02 9.00000000e+00
3.36904915e+03 1.00449246e+00 1.15483374e-03 7.72444497e-01 3.36000000e+02 9.00000000e+00
3.36906136e+03 1.00586081e+00 1.15483374e-03 7.77545141e-01 3.42000000e+02 9.00000000e+00
3.36907342e+03 1.00411736e+00 1.15483374e-03 7.82585538e-01 3.36000000e+02 9.00000000e+00
3.36908529e+03 1.00362500e+00 1.15483374e-03 7.87545729e-01 3.36000000e+02 9.00000000e+00
3.36909710e+03 1.00381540e+00 1.40502914e-03 7.92477816e-01 3.35000000e+02 9.00000000e+00
3.36910894e+03 1.00477996e+00 1.43524309e-03 7.97428307e-01 3.36000000e+02 9.00000000e+00
