# Time Flux Flux_Err Phase N NSector
2.86678006e+03 9.99816895e-01 2.00000000e-04 -1.97573227e-01 6.70000000e+01 3.00000000e+00
2.86681479e+03 9.99833585e-01 2.41682485e-04 -1.92503070e-01 6.80000000e+01 3.00000000e+00
2.86684948e+03 9.99937177e-01 2.42909475e-04 -1.87438329e-01 6.90000000e+01 3.00000000e+00
2.86688416e+03 9.99756501e-01 3.39655486e-04 -1.82375565e-01 6.60000000e+01 3.00000000e+00
2.86691753e+03 9.99899000e-01 5.09110764e-04 -1.77503226e-01 6.60000000e+01 3.00000000e+00
2.86695129e+03 9.99851555e-01 4.14303332e-04 -1.72575082e-01 6.80000000e+01 3.00000000e+00
2.86698601e+03 9.99959558e-01 2.00000000e-04 -1.67505868e-01 6.80000000e+01 3.00000000e+00
2.86702081e+03 9.99649594e-01 4.23256364e-04 -1.62426042e-01 6.90000000e+01 3.00000000e+00
2.86705553e+03 9.99665388e-01 3.63078874e-04 -1.57356737e-01 7.10000000e+01 3.00000000e+00
2.86708792e+03 1.00013435e+00 2.00000000e-04 -1.52627494e-01 8.20000000e+01 3.00000000e+00
2.86712263e+03 1.00011881e+00 2.63329862e-04 -1.47560372e-01 8.30000000e+01 3.00000000e+00
2.86715734e+03 1.00236054e+00 2.52717365e-03 -1.42493240e-01 8.00000000e+01 2.00000000e+00
2.86719206e+03 1.00021961e+00 2.36452543e-04 -1.37423952e-01 8.20000000e+01 3.00000000e+00
2.86722670e+03 1.00035051e+00 2.00000000e-04 -1.32365953e-01 8.10000000e+01 3.00000000e+00
2.86725918e+03 1.00013351e+00 2.00000000e-04 -1.27625260e-01 6.90000000e+01 3.00000000e+00
2.86729391e+03 1.00007021e+00 2.32803883e-04 -1.22554041e-01 6.80000000e+01 3.00000000e+00
2.86732862e+03 1.00015723e+00 2.00000000e-04 -1.17486570e-01 6.90000000e+01 3.00000000e+00
2.86736336e+03 1.00019567e+00 2.00000000e-04 -1.12415466e-01 6.80000000e+01 3.00000000e+00
2.86739779e+03 1.00055128e+00 4.01986421e-04 -1.07388097e-01 6.40000000e+01 3.00000000e+00
2.86742818e+03 1.00027364e+00 2.00000000e-04 -1.02951145e-01 6.10000000e+01 3.00000000e+00
2.86746752e+03 1.00010720e+00 2.00000000e-04 -9.72076063e-02 6.00000000e+01 3.00000000e+00
2.86749993e+03 1.00020097e+00 2.00000000e-04 -9.24762724e-02 7.00000000e+01 3.00000000e+00
2.86753460e+03 1.00012344e+00 2.00000000e-04 -8.74137723e-02 7.00000000e+01 3.00000000e+00
2.86756798e+03 1.00011820e+00 2.00000000e-04 -8.25413485e-02 6.60000000e+01 3.00000000e+00
2.86760178e+03 1.00024068e+00 2.00000000e-04 -7.76063673e-02 7.00000000e+01 3.00000000e+00
2.86763740e+03 1.00011682e+00 2.00000000e-04 -7.24063089e-02 7.20000000e+01 3.00000000e+00
2.86767123e+03 1.00015897e+00 2.00000000e-04 -6.74677968e-02 8.20000000e+01 3.00000000e+00
2.86770596e+03 1.00031321e+00 3.84826673e-04 -6.23973150e-02 8.50000000e+01 3.00000000e+00
2.86774031e+03 1.00028026e+00 3.13215919e-04 -5.73816494e-02 7.80000000e+01 3.00000000e+00
2.86777307e+03 1.00000220e+00 2.00000000e-04 -5.25989819e-02 6.90000000e+01 3.00000000e+00
2.86780550e+03 1.00037955e+00 5.74836569e-04 -4.78636964e-02 6.20000000e+01 3.00000000e+00
2.86783209e+03 1.00574359e+00 5.82425626e-03 -4.39827697e-02 3.80000000e+01 2.00000000e+00
2.86785183e+03 1.00965143e+00 1.14810045e-02 -4.11007281e-02 3.80000000e+01 2.00000000e+00
2.86787266e+03 9.97742094e-01 1.02592463e-02 -3.80591477e-02 3.90000000e+01 2.00000000e+00
2.86789347e+03 9.84456496e-01 8.89863082e-03 -3.50214176e-02 4.00000000e+01 2.00000000e+00
2.86791430e+03 9.65043161e-01 9.19951771e-03 -3.19798254e-02 4.00000000e+01 2.00000000e+00
2.86793513e+03 9.42372559e-01 9.88999284e-03 -2.89382334e-02 4.00000000e+01 2.00000000e+00
2.86795597e+03 9.17508037e-01 9.91726362e-03 -2.58966414e-02 4.00000000e+01 2.00000000e+00
2.86797683e+03 8.90234634e-01 8.29136691e-03 -2.28509276e-02 4.60000000e+01 2.00000000e+00
2.86799762e+03 8.66626689e-01 1.00189684e-02 -1.98158064e-02 4.90000000e+01 2.00000000e+00
2.86801847e+03 8.41777863e-01 1.57411707e-02 -1.67711789e-02 4.80000000e+01 2.00000000e+00
2.86803929e+03 8.25079113e-01 1.42142130e-02 -1.37327348e-02 4.90000000e+01 2.00000000e+00
2.86806012e+03 8.07605197e-01 1.45592239e-02 -1.06911991e-02 4.90000000e+01 2.00000000e+00
2.86808095e+03 7.95174909e-01 1.50526450e-02 -7.64966347e-03 4.90000000e+01 2.00000000e+00
2.86810178e+03 7.86785925e-01 1.49188251e-02 -4.60812791e-03 4.90000000e+01 2.00000000e+00
2.86812262e+03 7.82202423e-01 1.40866836e-02 -1.56659242e-03 4.90000000e+01 2.00000000e+00
2.86814345e+03 7.82630697e-01 1.26772518e-02 1.47494300e-03 4.90000000e+01 2.00000000e+00
2.86816428e+03 7.76741266e-01 1.21052906e-02 4.51602808e-03 5.20000000e+01 3.00000000e+00
2.86818511e+03 7.87538779e-01 1.46296294e-02 7.55759714e-03 5.20000000e+01 3.00000000e+00
2.86820595e+03 8.02944492e-01 1.63068099e-02 1.05991661e-02 5.20000000e+01 3.00000000e+00
2.86822678e+03 8.22666317e-01 1.70314982e-02 1.36407350e-02 5.20000000e+01 3.00000000e+00
2.86824761e+03 8.45656985e-01 1.48397330e-02 1.66823039e-02 5.20000000e+01 3.00000000e+00
2.86826845e+03 8.70635838e-01 1.49130798e-02 1.97238726e-02 5.20000000e+01 3.00000000e+00
2.86828928e+03 8.96227233e-01 1.32972244e-02 2.27654413e-02 5.20000000e+01 3.00000000e+00
2.86831011e+03 9.21613264e-01 1.13611881e-02 2.58070099e-02 5.20000000e+01 3.00000000e+00
2.86833095e+03 9.45937806e-01 9.60810157e-03 2.88485784e-02 5.20000000e+01 3.00000000e+00
2.86835178e+03 9.67194779e-01 8.25726610e-03 3.18901469e-02 5.20000000e+01 3.00000000e+00
2.86837261e+03 9.85190726e-01 8.79172021e-03 3.49317152e-02 5.20000000e+01 3.00000000e+00
2.86839345e+03 9.99835052e-01 9.32918802e-03 3.79732835e-02 4.80000000e+01 2.00000000e+00
2.86841423e+03 9.99309856e-01 2.00000000e-04 4.10076540e-02 4.80000000e+01 3.00000000e+00
2.86843514e+03 1.00007117e+00 2.00000000e-04 4.40599644e-02 4.20000000e+01 3.00000000e+00
2.86846063e+03 1.00016290e+00 3.14592524e-04 4.77809815e-02 6.10000000e+01 3.00000000e+00
2.86849298e+03 1.00020471e+00 4.17323479e-04 5.25052198e-02 7.00000000e+01 3.00000000e+00
2.86852771e+03 1.00012916e+00 2.15051899e-04 5.75746366e-02 6.90000000e+01 3.00000000e+00
2.86856243e+03 1.00002459e+00 2.00000000e-04 6.26435859e-02 6.70000000e+01 3.00000000e+00
2.86859486e+03 1.00042787e+00 4.37676547e-04 6.73788076e-02 7.00000000e+01 3.00000000e+00
2.86862961e+03 1.00016031e+00 2.00000000e-04 7.24515602e-02 6.90000000e+01 3.00000000e+00
2.86866428e+03 1.00011420e+00 2.00000000e-04 7.75140212e-02 7.30000000e+01 3.00000000e+00
2.86869901e+03 1.00022054e+00 2.00000000e-04 8.25833557e-02 7.10000000e+01 3.00000000e+00
2.86873292e+03 1.00015989e+00 2.00000000e-04 8.75343823e-02 6.70000000e+01 3.00000000e+00
2.86876616e+03 1.00017741e+00 2.00000000e-04 9.23873783e-02 7.20000000e+01 3.00000000e+00
2.86880086e+03 1.00005272e+00 2.00000000e-04 9.74534022e-02 7.10000000e+01 3.00000000e+00
2.86883560e+03 1.00015807e+00 2.00000000e-04 1.02525974e-01 7.20000000e+01 3.00000000e+00
2.86887033e+03 1.00023543e+00 2.00000000e-04 1.07595271e-01 7.40000000e+01 3.00000000e+00
2.86890437e+03 1.00022841e+00 2.00000000e-04 1.12565777e-01 6.90000000e+01 3.00000000e+00
2.86893746e+03 1.00011680e+00 2.00000000e-04 1.17395913e-01 7.20000000e+01 3.00000000e+00
2.86897215e+03 1.00024152e+00 2.00000000e-04 1.22461261e-01 7.40000000e+01 3.00000000e+00
2.86900688e+03 1.00026882e+00 2.00000000e-04 1.27531445e-01 7.30000000e+01 3.00000000e+00
2.86904160e+03 1.00020027e+00 2.00000000e-04 1.32600777e-01 7.30000000e+01 3.00000000e+00
2.86907490e+03 1.00018978e+00 2.00000000e-04 1.37462815e-01 7.00000000e+01 3.00000000e+00
2.86910875e+03 9.99916553e-01 2.00000000e-04 1.42404441e-01 7.20000000e+01 3.00000000e+00
2.86914347e+03 1.00006151e+00 2.00000000e-04 1.47473737e-01 7.40000000e+01 3.00000000e+00
2.86917818e+03 1.00013971e+00 2.00000000e-04 1.52540148e-01 7.30000000e+01 3.00000000e+00
2.86921290e+03 1.00025654e+00 2.64337658e-04 1.57609479e-01 7.30000000e+01 3.00000000e+00
2.86924736e+03 1.00009048e+00 2.00000000e-04 1.62641249e-01 7.00000000e+01 3.00000000e+00
2.86928005e+03 1.00025587e+00 3.94171772e-04 1.67412964e-01 7.20000000e+01 3.00000000e+00
2.86931475e+03 1.00026799e+00 2.00000000e-04 1.72479516e-01 7.30000000e+01 3.00000000e+00
2.86934949e+03 1.00013697e+00 2.00000000e-04 1.77551553e-01 7.40000000e+01 3.00000000e+00
2.86938420e+03 1.00026136e+00 2.10227973e-04 1.82618177e-01 7.30000000e+01 3.00000000e+00
2.86941841e+03 1.00015609e+00 2.00000000e-04 1.87612536e-01 6.90000000e+01 3.00000000e+00
2.86945133e+03 1.00031274e+00 2.44411174e-04 1.92418881e-01 7.30000000e+01 3.00000000e+00
2.86948605e+03 1.00024855e+00 2.00000000e-04 1.97488210e-01 7.30000000e+01 3.00000000e+00
2.86952077e+03 9.99944210e-01 2.00000000e-04 2.02557539e-01 7.30000000e+01 3.00000000e+00
2.86955548e+03 1.00048233e+00 4.20003511e-04 2.07625085e-01 7.40000000e+01 3.00000000e+00
2.86958965e+03 1.00011705e+00 2.00000000e-04 2.12613871e-01 6.90000000e+01 3.00000000e+00
2.86962266e+03 1.00016206e+00 2.00000000e-04 2.17432415e-01 7.30000000e+01 3.00000000e+00
2.86965735e+03 1.00034619e+00 2.05576832e-04 2.22496899e-01 7.30000000e+01 3.00000000e+00
2.86969207e+03 1.00030744e+00 2.00000000e-04 2.27566227e-01 7.30000000e+01 3.00000000e+00
2.86972676e+03 1.00031805e+00 3.34670699e-04 2.32631442e-01 7.10000000e+01 3.00000000e+00
2.86975924e+03 1.00029171e+00 2.12859508e-04 2.37372034e-01 7.20000000e+01 3.00000000e+00
2.86979395e+03 1.00023806e+00 2.00000000e-04 2.42440743e-01 7.30000000e+01 3.00000000e+00
2.86982868e+03 1.00016081e+00 2.00000000e-04 2.47509998e-01 7.30000000e+01 3.00000000e+00
2.86986337e+03 1.00032466e+00 3.76399816e-04 2.52574910e-01 7.30000000e+01 3.00000000e+00
2.86989757e+03 1.00004041e+00 2.00000000e-04 2.57568244e-01 6.90000000e+01 3.00000000e+00
2.86993051e+03 1.00020205e+00 2.00000000e-04 2.62377710e-01 7.40000000e+01 3.00000000e+00
2.86996523e+03 1.00025082e+00 2.62449329e-04 2.67447001e-01 7.20000000e+01 3.00000000e+00
2.86999994e+03 1.00005713e+00 2.00000000e-04 2.72514262e-01 7.30000000e+01 3.00000000e+00
2.87003465e+03 1.00007024e+00 2.00000000e-04 2.77581042e-01 7.40000000e+01 3.00000000e+00
2.87006881e+03 1.00014822e+00 2.00000000e-04 2.82568979e-01 6.90000000e+01 3.00000000e+00
2.87010182e+03 1.00007027e+00 2.00000000e-04 2.87388130e-01 7.30000000e+01 3.00000000e+00
2.87013422e+03 1.00007731e+00 2.00000000e-04 2.92117544e-01 6.40000000e+01 3.00000000e+00
2.87017122e+03 1.00007990e+00 2.00000000e-04 2.97520172e-01 5.80000000e+01 3.00000000e+00
2.87020596e+03 1.00012428e+00 2.16884102e-04 3.02592260e-01 5.90000000e+01 3.00000000e+00
2.87023999e+03 1.00013005e+00 2.00000000e-04 3.07559900e-01 5.50000000e+01 3.00000000e+00
2.87027311e+03 9.99938518e-01 2.00000000e-04 3.12394699e-01 5.80000000e+01 3.00000000e+00
2.87030783e+03 1.00016510e+00 2.00000000e-04 3.17463988e-01 5.80000000e+01 3.00000000e+00
2.87034254e+03 1.00009095e+00 2.00000000e-04 3.22531604e-01 5.70000000e+01 3.00000000e+00
2.87037724e+03 1.00006564e+00 2.00000000e-04 3.27597839e-01 5.80000000e+01 3.00000000e+00
2.87041082e+03 1.00023020e+00 2.00000000e-04 3.32499731e-01 5.60000000e+01 3.00000000e+00
2.87044440e+03 1.00018316e+00 2.00000000e-04 3.37403186e-01 5.80000000e+01 3.00000000e+00
2.87047911e+03 1.00023518e+00 3.21977448e-04 3.42470945e-01 5.70000000e+01 3.00000000e+00
2.87051379e+03 1.00000086e+00 2.00000000e-04 3.47533656e-01 5.90000000e+01 3.00000000e+00
2.87054854e+03 1.00006787e+00 2.00000000e-04 3.52606230e-01 5.80000000e+01 3.00000000e+00
2.87058233e+03 1.00012997e+00 2.00000000e-04 3.57539644e-01 5.50000000e+01 3.00000000e+00
2.87061566e+03 1.00010937e+00 2.00000000e-04 3.62406815e-01 5.80000000e+01 3.00000000e+00
2.87065039e+03 1.00000745e+00 2.00000000e-04 3.67476082e-01 5.80000000e+01 3.00000000e+00
2.87068513e+03 1.00013172e+00 2.00000000e-04 3.72548927e-01 5.90000000e+01 3.00000000e+00
2.87071983e+03 1.00014674e+00 2.00000000e-04 3.77614617e-01 5.80000000e+01 3.00000000e+00
2.87075379e+03 9.99941141e-01 2.00000000e-04 3.82573137e-01 5.50000000e+01 3.00000000e+00
2.87078699e+03 1.00006042e+00 2.00000000e-04 3.87420145e-01 5.80000000e+01 3.00000000e+00
2.87082168e+03 1.00009447e+00 3.06013765e-04 3.92484467e-01 5.80000000e+01 3.00000000e+00
2.87085638e+03 1.00005847e+00 2.00000000e-04 3.97549885e-01 5.70000000e+01 3.00000000e+00
2.87089115e+03 1.00004345e+00 2.83768536e-04 4.02626903e-01 5.90000000e+01 3.00000000e+00
2.87092523e+03 9.99860380e-01 2.00000000e-04 4.07602418e-01 5.50000000e+01 3.00000000e+00
2.87095828e+03 1.00007992e+00 2.00000000e-04 4.12427590e-01 5.70000000e+01 3.00000000e+00
2.87099295e+03 1.00003904e+00 2.00000000e-04 4.17488782e-01 5.90000000e+01 3.00000000e+00
2.87102770e+03 9.99935642e-01 2.00000000e-04 4.22562112e-01 5.80000000e+01 3.00000000e+00
2.87106195e+03 9.99648270e-01 3.22553485e-04 4.27562415e-01 5.60000000e+01 3.00000000e+00
2.87109486e+03 1.00013131e+00 2.00000000e-04 4.32367801e-01 5.80000000e+01 3.00000000e+00
2.87112958e+03 1.00004940e+00 2.00000000e-04 4.37436237e-01 5.70000000e+01 3.00000000e+00
2.87116430e+03 1.00001532e+00 2.68920922e-04 4.42505557e-01 5.90000000e+01 3.00000000e+00
2.87119672e+03 1.00006740e+00 2.00000000e-04 4.47237699e-01 5.20000000e+01 3.00000000e+00
2.87122443e+03 1.00013441e+00 2.44433975e-04 4.51283517e-01 3.70000000e+01 3.00000000e+00
2.87124712e+03 9.99872655e-01 2.00000000e-04 4.54596921e-01 3.90000000e+01 3.00000000e+00
2.87126984e+03 9.95815893e-01 2.00000000e-04 4.57914128e-01 3.90000000e+01 3.00000000e+00
2.87129162e+03 9.83469000e-01 4.04910728e-04 4.61093738e-01 3.60000000e+01 3.00000000e+00
2.87131447e+03 9.67354236e-01 3.30465967e-04 4.64428623e-01 3.80000000e+01 3.00000000e+00
2.87133714e+03 9.46681995e-01 1.32060247e-03 4.67738912e-01 3.90000000e+01 3.00000000e+00
2.87135961e+03 9.23975236e-01 6.67138777e-04 4.71019194e-01 3.80000000e+01 3.00000000e+00
2.87138190e+03 9.01466125e-01 2.00000000e-04 4.74273289e-01 3.50000000e+01 3.00000000e+00
2.87140357e+03 8.82058583e-01 1.69646993e-03 4.77437720e-01 3.80000000e+01 3.00000000e+00
2.87142668e+03 8.58000333e-01 1.90042883e-03 4.80810823e-01 3.80000000e+01 3.00000000e+00
2.87144903e+03 8.36488099e-01 2.55945779e-03 4.84074995e-01 3.90000000e+01 3.00000000e+00
2.87147214e+03 8.19400861e-01 3.74930278e-03 4.87448696e-01 3.60000000e+01 3.00000000e+00
2.87149414e+03 8.07927692e-01 6.36202993e-03 4.90659693e-01 3.80000000e+01 3.00000000e+00
2.87151796e+03 8.00580510e-01 7.26213156e-03 4.94137268e-01 3.90000000e+01 3.00000000e+00
2.87154069e+03 7.96963656e-01 7.35694442e-03 4.97455570e-01 3.90000000e+01 3.00000000e+00
2.87156246e+03 7.97893127e-01 6.92499893e-03 5.00634135e-01 3.60000000e+01 3.00000000e+00
2.87158530e+03 8.05796119e-01 7.09224106e-03 5.03968633e-01 3.80000000e+01 3.00000000e+00
2.87160798e+03 8.16382364e-01 6.15270590e-03 5.07280161e-01 3.90000000e+01 3.00000000e+00
2.87163044e+03 8.31705097e-01 5.33979245e-03 5.10559135e-01 3.80000000e+01 3.00000000e+00
2.87165270e+03 8.48896550e-01 4.13863102e-03 5.13808862e-01 3.60000000e+01 3.00000000e+00
2.87167524e+03 8.69513222e-01 2.31931284e-03 5.17100345e-01 3.90000000e+01 3.00000000e+00
2.87169751e+03 8.91916003e-01 1.55944926e-03 5.20350759e-01 3.80000000e+01 3.00000000e+00
2.87171987e+03 9.14072708e-01 9.27516873e-04 5.23615101e-01 3.90000000e+01 3.00000000e+00
2.87174297e+03 9.38792991e-01 6.57202680e-04 5.26988943e-01 3.60000000e+01 3.00000000e+00
2.87176497e+03 9.59219227e-01 9.79076109e-04 5.30199655e-01 3.80000000e+01 3.00000000e+00
2.87178879e+03 9.77529847e-01 1.21764753e-03 5.33677604e-01 3.90000000e+01 3.00000000e+00
2.87181153e+03 9.92411292e-01 1.09820674e-03 5.36997000e-01 3.90000000e+01 3.00000000e+00
2.87183329e+03 9.99305420e-01 3.84662213e-04 5.40174521e-01 3.60000000e+01 3.00000000e+00
2.87185636e+03 9.99647852e-01 6.77999007e-04 5.43543105e-01 3.70000000e+01 3.00000000e+00
2.87187916e+03 9.99318618e-01 8.26846221e-04 5.46871993e-01 3.80000000e+01 3.00000000e+00
2.87189575e+03 9.93068722e-01 2.27603801e-03 5.49293693e-01 1.80000000e+01 1.00000000e+00
2.87191662e+03 9.99971866e-01 2.00000000e-04 5.52340812e-01 5.30000000e+01 3.00000000e+00
2.87195135e+03 1.00017875e+00 2.00000000e-04 5.57410054e-01 5.50000000e+01 3.00000000e+00
2.87198599e+03 1.00030677e+00 2.00000000e-04 5.62468141e-01 5.50000000e+01 3.00000000e+00
2.87202075e+03 1.00013879e+00 2.00000000e-04 5.67542943e-01 5.60000000e+01 3.00000000e+00
2.87205547e+03 1.00004220e+00 2.00000000e-04 5.72612167e-01 5.60000000e+01 3.00000000e+00
2.87208961e+03 9.99951722e-01 2.00000000e-04 5.77596641e-01 5.30000000e+01 3.00000000e+00
2.87212264e+03 1.00011247e+00 2.00000000e-04 5.82418510e-01 5.60000000e+01 3.00000000e+00
2.87215736e+03 9.99945075e-01 2.00000000e-04 5.87487555e-01 5.70000000e+01 3.00000000e+00
2.87219205e+03 9.99690481e-01 3.56701908e-04 5.92551111e-01 5.60000000e+01 3.00000000e+00
2.87222677e+03 1.00018528e+00 2.00000000e-04 5.97620334e-01 5.60000000e+01 3.00000000e+00
2.87226033e+03 1.00011919e+00 2.00000000e-04 6.02520922e-01 5.20000000e+01 3.00000000e+00
2.87229394e+03 9.99985516e-01 2.13113899e-04 6.07427321e-01 5.50000000e+01 3.00000000e+00
2.87232866e+03 1.00010017e+00 2.00000000e-04 6.12496221e-01 5.40000000e+01 3.00000000e+00
2.87236330e+03 1.00019327e+00 2.00000000e-04 6.17553502e-01 5.50000000e+01 3.00000000e+00
2.87239806e+03 9.99996511e-01 2.00000000e-04 6.22628498e-01 5.40000000e+01 3.00000000e+00
2.87243051e+03 1.00008827e+00 2.00000000e-04 6.27366619e-01 5.30000000e+01 3.00000000e+00
2.87246519e+03 9.99850694e-01 2.00000000e-04 6.32428993e-01 5.40000000e+01 3.00000000e+00
2.87249987e+03 9.99880136e-01 3.92093725e-04 6.37492370e-01 5.50000000e+01 3.00000000e+00
2.87253463e+03 9.99997795e-01 2.00000000e-04 6.42567435e-01 5.60000000e+01 3.00000000e+00
2.87256904e+03 1.00001954e+00 2.00000000e-04 6.47591173e-01 5.20000000e+01 3.00000000e+00
2.87260181e+03 9.99955177e-01 2.00000000e-04 6.52374526e-01 5.40000000e+01 3.00000000e+00
2.87263652e+03 9.99972344e-01 2.00000000e-04 6.57443064e-01 5.50000000e+01 3.00000000e+00
2.87267125e+03 1.00000221e+00 2.00000000e-04 6.62512302e-01 5.50000000e+01 3.00000000e+00
2.87270597e+03 9.99899000e-01 2.00000000e-04 6.67581541e-01 5.50000000e+01 3.00000000e+00
2.87273950e+03 9.99908880e-01 2.00000000e-04 6.72476681e-01 5.20000000e+01 3.00000000e+00
2.87277311e+03 9.99779588e-01 2.40963912e-04 6.77383828e-01 5.50000000e+01 3.00000000e+00
2.87280783e+03 9.99761102e-01 2.00000000e-04 6.82452222e-01 5.40000000e+01 3.00000000e+00
2.87284246e+03 9.99992132e-01 2.00000000e-04 6.87508503e-01 5.50000000e+01 3.00000000e+00
2.87287726e+03 9.99893502e-01 2.00000000e-04 6.92589779e-01 5.50000000e+01 3.00000000e+00
2.87291079e+03 9.99791831e-01 2.00000000e-04 6.97485011e-01 5.20000000e+01 3.00000000e+00
2.87294435e+03 9.99878763e-01 2.00000000e-04 7.02384233e-01 5.40000000e+01 3.00000000e+00
2.87297907e+03 1.00001560e+00 2.00000000e-04 7.07453452e-01 5.20000000e+01 3.00000000e+00
2.87301384e+03 9.99922276e-01 2.00000000e-04 7.12528777e-01 5.50000000e+01 3.00000000e+00
2.87304852e+03 1.00018620e+00 2.00000000e-04 7.17591889e-01 5.20000000e+01 3.00000000e+00
2.87308169e+03 9.99852449e-01 3.03037212e-04 7.22434565e-01 5.00000000e+01 3.00000000e+00
2.87311564e+03 9.99970555e-01 2.00000000e-04 7.27392378e-01 5.40000000e+01 3.00000000e+00
2.87315041e+03 9.99859036e-01 3.93614262e-04 7.32467772e-01 5.30000000e+01 3.00000000e+00
2.87318513e+03 9.99945521e-01 2.74845999e-04 7.37537007e-01 5.30000000e+01 3.00000000e+00
2.87321981e+03 9.99996482e-01 3.41836135e-04 7.42600032e-01 5.40000000e+01 3.00000000e+00
2.87325449e+03 9.99923170e-01 2.00000000e-04 7.47663021e-01 5.10000000e+01 3.00000000e+00
2.87328701e+03 1.00001228e+00 2.00000000e-04 7.52410638e-01 6.80000000e+01 3.00000000e+00
2.87332166e+03 9.99870006e-01 2.00000000e-04 7.57469736e-01 6.80000000e+01 3.00000000e+00
2.87335644e+03 9.99840588e-01 2.00000000e-04 7.62546729e-01 6.80000000e+01 3.00000000e+00
2.87339117e+03 9.99996707e-01 2.00000000e-04 7.67617532e-01 6.90000000e+01 3.00000000e+00
2.87342443e+03 1.00005272e+00 2.00000000e-04 7.72472994e-01 6.40000000e+01 3.00000000e+00
2.87345828e+03 1.00010298e+00 2.00000000e-04 7.77414987e-01 6.70000000e+01 3.00000000e+00
2.87349301e+03 9.99965760e-01 2.00000000e-04 7.82485860e-01 7.00000000e+01 3.00000000e+00
2.87352772e+03 1.00006430e+00 2.00000000e-04 7.87553454e-01 6.70000000e+01 3.00000000e+00
2.87356240e+03 1.00008261e+00 2.00000000e-04 7.92616305e-01 6.80000000e+01 3.00000000e+00
2.87359598e+03 1.00022137e+00 2.00000000e-04 7.97519177e-01 6.60000000e+01 3.00000000e+00
