# Time Flux Flux_Err Phase N NSector
2.23845553e+03 1.00012187e+00 2.00000000e-04 -1.97574408e-01 3.75000000e+02 5.00000000e+00
2.23846443e+03 1.00009097e+00 2.00000000e-04 -1.92495945e-01 3.73000000e+02 5.00000000e+00
2.23847321e+03 1.00020077e+00 2.00000000e-04 -1.87490716e-01 3.76000000e+02 5.00000000e+00
2.23848183e+03 1.00008499e+00 2.00000000e-04 -1.82572656e-01 3.68000000e+02 5.00000000e+00
2.23849077e+03 1.00003105e+00 2.00000000e-04 -1.77477805e-01 3.89000000e+02 5.00000000e+00
2.23849959e+03 1.00011301e+00 2.00000000e-04 -1.72448943e-01 3.73000000e+02 5.00000000e+00
2.23850828e+03 1.00009326e+00 2.00000000e-04 -1.67491478e-01 3.72000000e+02 5.00000000e+00
2.23851703e+03 1.00010019e+00 2.00000000e-04 -1.62502108e-01 3.81000000e+02 5.00000000e+00
2.23852579e+03 1.00014024e+00 2.00000000e-04 -1.57501743e-01 3.68000000e+02 5.00000000e+00
2.23853460e+03 1.00010200e+00 2.00000000e-04 -1.52478583e-01 3.74000000e+02 5.00000000e+00
2.23854333e+03 1.00012839e+00 2.00000000e-04 -1.47502270e-01 3.67000000e+02 5.00000000e+00
2.23855201e+03 1.00004560e+00 2.00000000e-04 -1.42549438e-01 3.73000000e+02 5.00000000e+00
2.23856091e+03 1.00012301e+00 2.00000000e-04 -1.37478253e-01 3.82000000e+02 5.00000000e+00
2.23856974e+03 1.00005166e+00 2.00000000e-04 -1.32440270e-01 3.62000000e+02 5.00000000e+00
2.23857833e+03 1.00006840e+00 2.00000000e-04 -1.27543104e-01 3.76000000e+02 5.00000000e+00
2.23858712e+03 1.00012521e+00 2.00000000e-04 -1.22526401e-01 3.69000000e+02 5.00000000e+00
2.23859603e+03 1.00017095e+00 2.00000000e-04 -1.17449277e-01 3.74000000e+02 5.00000000e+00
2.23860466e+03 1.00004556e+00 2.00000000e-04 -1.12525867e-01 3.72000000e+02 5.00000000e+00
2.23861362e+03 1.00008187e+00 2.00000000e-04 -1.07416476e-01 3.75000000e+02 5.00000000e+00
2.23862215e+03 1.00004176e+00 2.00000000e-04 -1.02548222e-01 3.78000000e+02 5.00000000e+00
2.23863105e+03 1.00016347e+00 2.00000000e-04 -9.74735403e-02 3.80000000e+02 5.00000000e+00
2.23863661e+03 1.00000543e+00 2.00000000e-04 -9.43052549e-02 1.00000000e+02 5.00000000e+00
2.23864333e+03 1.00008664e+00 2.00000000e-04 -9.04723205e-02 4.76000000e+02 5.00000000e+00
2.23865427e+03 1.00010007e+00 2.00000000e-04 -8.42347796e-02 4.75000000e+02 5.00000000e+00
2.23866520e+03 1.00009441e+00 2.00000000e-04 -7.80006062e-02 4.69000000e+02 5.00000000e+00
2.23867620e+03 9.99919386e-01 2.00000000e-04 -7.17280091e-02 4.60000000e+02 5.00000000e+00
2.23868709e+03 9.99770948e-01 2.00000000e-04 -6.55172997e-02 4.71000000e+02 5.00000000e+00
2.23869819e+03 9.99595398e-01 2.00000000e-04 -5.91844728e-02 4.78000000e+02 5.00000000e+00
2.23870893e+03 9.99283274e-01 2.00000000e-04 -5.30600305e-02 4.76000000e+02 5.00000000e+00
2.23871994e+03 9.99094726e-01 2.00000000e-04 -4.67821151e-02 4.73000000e+02 5.00000000e+00
2.23873075e+03 9.98873021e-01 2.00000000e-04 -4.06188547e-02 4.64000000e+02 5.00000000e+00
2.23874164e+03 9.98646135e-01 2.00000000e-04 -3.44076919e-02 4.75000000e+02 5.00000000e+00
2.23875266e+03 9.98501680e-01 2.00000000e-04 -2.81188071e-02 4.55000000e+02 5.00000000e+00
2.23876368e+03 9.98284600e-01 2.00000000e-04 -2.18366296e-02 4.63000000e+02 5.00000000e+00
2.23877461e+03 9.98061792e-01 2.00000000e-04 -1.56043011e-02 4.56000000e+02 5.00000000e+00
2.23878562e+03 9.98068697e-01 2.00000000e-04 -9.32425919e-03 4.70000000e+02 5.00000000e+00
2.23879655e+03 9.97979311e-01 2.00000000e-04 -3.08895086e-03 4.55000000e+02 5.00000000e+00
2.23880743e+03 9.98081414e-01 2.00000000e-04 3.11614512e-03 4.61000000e+02 5.00000000e+00
2.23881845e+03 9.97986846e-01 2.00000000e-04 9.40107839e-03 4.56000000e+02 5.00000000e+00
2.23882912e+03 9.98134106e-01 2.00000000e-04 1.54826730e-02 4.62000000e+02 5.00000000e+00
2.23884024e+03 9.98234151e-01 2.00000000e-04 2.18265652e-02 4.64000000e+02 5.00000000e+00
2.23885116e+03 9.98599224e-01 2.00000000e-04 2.80510910e-02 4.55000000e+02 5.00000000e+00
2.23886211e+03 9.98716377e-01 2.00000000e-04 3.42966617e-02 4.71000000e+02 5.00000000e+00
2.23887301e+03 9.98931597e-01 2.00000000e-04 4.05139265e-02 4.69000000e+02 5.00000000e+00
2.23888399e+03 9.99214093e-01 2.00000000e-04 4.67769582e-02 4.74000000e+02 5.00000000e+00
2.23889497e+03 9.99391466e-01 2.00000000e-04 5.30376652e-02 4.60000000e+02 5.00000000e+00
2.23890585e+03 9.99736813e-01 2.00000000e-04 5.92431943e-02 4.73000000e+02 5.00000000e+00
2.23891694e+03 9.99888399e-01 2.00000000e-04 6.55686464e-02 4.67000000e+02 5.00000000e+00
2.23892774e+03 1.00006066e+00 2.00000000e-04 7.17276235e-02 4.76000000e+02 5.00000000e+00
2.23893881e+03 1.00011230e+00 2.00000000e-04 7.80390508e-02 4.66000000e+02 5.00000000e+00
2.23894961e+03 1.00001556e+00 2.00000000e-04 8.41976732e-02 4.74000000e+02 5.00000000e+00
2.23896068e+03 1.00010523e+00 2.00000000e-04 9.05147093e-02 4.81000000e+02 5.00000000e+00
2.23896728e+03 9.99844599e-01 2.00000000e-04 9.42741104e-02 1.08000000e+02 5.00000000e+00
2.23897284e+03 1.00003776e+00 2.00000000e-04 9.74495131e-02 3.81000000e+02 5.00000000e+00
2.23898177e+03 1.00007790e+00 2.00000000e-04 1.02538422e-01 3.82000000e+02 5.00000000e+00
2.23899055e+03 1.00005686e+00 2.00000000e-04 1.07548716e-01 3.79000000e+02 5.00000000e+00
2.23899915e+03 1.00003932e+00 2.00000000e-04 1.12454113e-01 3.78000000e+02 5.00000000e+00
2.23900810e+03 1.00007573e+00 2.00000000e-04 1.17555209e-01 3.89000000e+02 5.00000000e+00
2.23901664e+03 1.00003487e+00 2.00000000e-04 1.22424756e-01 3.78000000e+02 5.00000000e+00
2.23902555e+03 1.00012274e+00 2.00000000e-04 1.27508966e-01 3.85000000e+02 5.00000000e+00
2.23903433e+03 1.00002575e+00 2.00000000e-04 1.32515758e-01 3.84000000e+02 5.00000000e+00
2.23904303e+03 1.00007024e+00 2.00000000e-04 1.37475686e-01 3.73000000e+02 5.00000000e+00
2.23905188e+03 1.00005435e+00 2.00000000e-04 1.42520600e-01 3.87000000e+02 5.00000000e+00
2.23906060e+03 1.00008439e+00 2.00000000e-04 1.47498269e-01 3.63000000e+02 5.00000000e+00
2.23906927e+03 1.00015071e+00 2.00000000e-04 1.52442138e-01 3.85000000e+02 5.00000000e+00
2.23907817e+03 1.00016376e+00 2.00000000e-04 1.57517315e-01 3.88000000e+02 5.00000000e+00
2.23908704e+03 1.00016975e+00 2.00000000e-04 1.62576089e-01 3.75000000e+02 5.00000000e+00
2.23909566e+03 1.00007650e+00 2.00000000e-04 1.67491362e-01 3.85000000e+02 5.00000000e+00
2.23910449e+03 1.00011456e+00 2.00000000e-04 1.72526345e-01 3.74000000e+02 5.00000000e+00
2.23911312e+03 9.99993920e-01 2.00000000e-04 1.77449143e-01 3.81000000e+02 5.00000000e+00
2.23912199e+03 1.00006297e+00 2.00000000e-04 1.82505086e-01 3.83000000e+02 5.00000000e+00
2.23913082e+03 1.00002576e+00 2.00000000e-04 1.87543171e-01 3.80000000e+02 5.00000000e+00
2.23913944e+03 1.00008773e+00 2.00000000e-04 1.92456233e-01 3.83000000e+02 5.00000000e+00
2.23914841e+03 1.00008499e+00 2.00000000e-04 1.97572771e-01 3.80000000e+02 5.00000000e+00
2.23915692e+03 1.00004816e+00 2.00000000e-04 2.02426261e-01 3.79000000e+02 5.00000000e+00
2.23916583e+03 1.00001642e+00 2.00000000e-04 2.07506000e-01 3.73000000e+02 5.00000000e+00
2.23917461e+03 1.00006952e+00 2.00000000e-04 2.12514680e-01 3.77000000e+02 5.00000000e+00
2.23918321e+03 1.00005044e+00 2.00000000e-04 2.17422963e-01 3.70000000e+02 5.00000000e+00
2.23919215e+03 1.00006780e+00 2.00000000e-04 2.22519172e-01 3.86000000e+02 5.00000000e+00
2.23920096e+03 1.00004768e+00 2.00000000e-04 2.27543600e-01 3.73000000e+02 5.00000000e+00
2.23920965e+03 1.00004668e+00 2.00000000e-04 2.32497088e-01 3.73000000e+02 5.00000000e+00
2.23921845e+03 1.00011800e+00 2.00000000e-04 2.37515899e-01 3.82000000e+02 5.00000000e+00
2.23922717e+03 1.00007223e+00 2.00000000e-04 2.42493398e-01 3.66000000e+02 5.00000000e+00
2.23923593e+03 1.00007193e+00 2.00000000e-04 2.47488998e-01 3.70000000e+02 5.00000000e+00
2.23924471e+03 1.00011578e+00 2.00000000e-04 2.52492630e-01 3.58000000e+02 5.00000000e+00
2.23925341e+03 1.00011806e+00 2.00000000e-04 2.57455467e-01 3.63000000e+02 5.00000000e+00
2.23926230e+03 1.00010872e+00 2.00000000e-04 2.62526035e-01 3.60000000e+02 5.00000000e+00
2.23927113e+03 1.00006852e+00 2.00000000e-04 2.67561408e-01 3.51000000e+02 5.00000000e+00
2.23927974e+03 1.00006914e+00 2.00000000e-04 2.72470335e-01 3.66000000e+02 5.00000000e+00
2.23928854e+03 1.00011145e+00 2.00000000e-04 2.77487730e-01 3.62000000e+02 5.00000000e+00
2.23929743e+03 1.00013910e+00 2.00000000e-04 2.82561525e-01 3.65000000e+02 5.00000000e+00
2.23930602e+03 1.00005876e+00 2.00000000e-04 2.87457715e-01 3.58000000e+02 5.00000000e+00
2.23931494e+03 1.00008452e+00 2.00000000e-04 2.92546264e-01 3.60000000e+02 5.00000000e+00
2.23932353e+03 1.00008122e+00 2.00000000e-04 2.97442259e-01 3.65000000e+02 5.00000000e+00
2.23933245e+03 1.00004452e+00 2.00000000e-04 3.02530499e-01 3.63000000e+02 5.00000000e+00
2.23934121e+03 1.00015044e+00 2.00000000e-04 3.07524897e-01 3.59000000e+02 5.00000000e+00
2.23934985e+03 1.00007281e+00 2.00000000e-04 3.12452005e-01 3.60000000e+02 5.00000000e+00
2.23935867e+03 1.00009596e+00 2.00000000e-04 3.17487023e-01 3.65000000e+02 5.00000000e+00
2.23936744e+03 1.00009668e+00 2.00000000e-04 3.22485273e-01 3.60000000e+02 5.00000000e+00
2.23937629e+03 1.00008559e+00 2.00000000e-04 3.27532442e-01 3.64000000e+02 5.00000000e+00
2.23938503e+03 1.00010784e+00 2.00000000e-04 3.32515787e-01 3.63000000e+02 5.00000000e+00
2.23939377e+03 1.00018615e+00 2.00000000e-04 3.37500272e-01 3.55000000e+02 5.00000000e+00
2.23940258e+03 1.00006276e+00 2.00000000e-04 3.42526888e-01 3.69000000e+02 5.00000000e+00
2.23941132e+03 1.00009919e+00 2.00000000e-04 3.47511066e-01 3.55000000e+02 5.00000000e+00
2.23942002e+03 1.00010593e+00 2.00000000e-04 3.52470606e-01 3.74000000e+02 5.00000000e+00
2.23942878e+03 1.00017188e+00 2.00000000e-04 3.57465782e-01 3.73000000e+02 5.00000000e+00
2.23943779e+03 1.00009628e+00 2.00000000e-04 3.62606846e-01 3.60000000e+02 5.00000000e+00
2.23944638e+03 1.00009617e+00 2.00000000e-04 3.67506978e-01 3.74000000e+02 5.00000000e+00
2.23945517e+03 1.00015950e+00 2.00000000e-04 3.72516413e-01 3.63000000e+02 5.00000000e+00
2.23946380e+03 1.00011814e+00 2.00000000e-04 3.77441639e-01 3.71000000e+02 5.00000000e+00
2.23947262e+03 1.00015265e+00 2.00000000e-04 3.82467299e-01 3.72000000e+02 5.00000000e+00
2.23948151e+03 1.00003079e+00 2.00000000e-04 3.87542584e-01 3.65000000e+02 5.00000000e+00
2.23949010e+03 1.00007330e+00 2.00000000e-04 3.92441474e-01 3.75000000e+02 5.00000000e+00
2.23949907e+03 1.00008790e+00 2.00000000e-04 3.97552634e-01 3.63000000e+02 5.00000000e+00
2.23950771e+03 1.00008640e+00 2.00000000e-04 4.02484476e-01 3.68000000e+02 5.00000000e+00
2.23951650e+03 1.00006092e+00 2.00000000e-04 4.07496625e-01 3.59000000e+02 5.00000000e+00
2.23952543e+03 1.00013614e+00 2.00000000e-04 4.12590181e-01 3.67000000e+02 5.00000000e+00
2.23953393e+03 1.00021014e+00 2.00000000e-04 4.17435546e-01 3.64000000e+02 5.00000000e+00
2.23954285e+03 1.00018411e+00 2.00000000e-04 4.22523827e-01 3.78000000e+02 5.00000000e+00
2.23955165e+03 1.00010080e+00 2.00000000e-04 4.27540928e-01 3.66000000e+02 5.00000000e+00
2.23956036e+03 1.00014216e+00 2.00000000e-04 4.32505958e-01 3.65000000e+02 5.00000000e+00
2.23956917e+03 1.00022302e+00 2.00000000e-04 4.37532736e-01 3.76000000e+02 5.00000000e+00
2.23957787e+03 1.00009088e+00 2.00000000e-04 4.42495426e-01 3.63000000e+02 5.00000000e+00
2.23958666e+03 1.00005172e+00 2.00000000e-04 4.47507007e-01 3.74000000e+02 5.00000000e+00
2.23959540e+03 1.00008897e+00 2.00000000e-04 4.52492647e-01 3.65000000e+02 5.00000000e+00
2.23960408e+03 1.00012147e+00 2.00000000e-04 4.57441003e-01 3.69000000e+02 5.00000000e+00
2.23961299e+03 1.00008336e+00 2.00000000e-04 4.62521357e-01 3.79000000e+02 5.00000000e+00
2.23962182e+03 1.00009357e+00 2.00000000e-04 4.67560014e-01 3.56000000e+02 5.00000000e+00
2.23963039e+03 1.00006830e+00 2.00000000e-04 4.72443020e-01 3.73000000e+02 5.00000000e+00
2.23963922e+03 1.00004623e+00 2.00000000e-04 4.77480844e-01 3.65000000e+02 5.00000000e+00
2.23964810e+03 1.00011794e+00 2.00000000e-04 4.82544612e-01 3.72000000e+02 5.00000000e+00
2.23965675e+03 1.00012646e+00 2.00000000e-04 4.87476657e-01 3.70000000e+02 5.00000000e+00
2.23966560e+03 1.00013445e+00 2.00000000e-04 4.92524017e-01 3.72000000e+02 5.00000000e+00
2.23967425e+03 1.00010357e+00 2.00000000e-04 4.97459934e-01 3.74000000e+02 5.00000000e+00
2.23968315e+03 1.00015344e+00 2.00000000e-04 5.02534389e-01 3.73000000e+02 5.00000000e+00
2.23969193e+03 1.00011849e+00 2.00000000e-04 5.07540386e-01 3.64000000e+02 5.00000000e+00
2.23970056e+03 1.00003536e+00 2.00000000e-04 5.12461676e-01 3.67000000e+02 5.00000000e+00
2.23970946e+03 1.00006050e+00 2.00000000e-04 5.17541139e-01 3.79000000e+02 5.00000000e+00
2.23971802e+03 1.00016296e+00 2.00000000e-04 5.22421356e-01 3.69000000e+02 5.00000000e+00
2.23972699e+03 1.00008331e+00 2.00000000e-04 5.27534594e-01 3.70000000e+02 5.00000000e+00
2.23973572e+03 1.00011792e+00 2.00000000e-04 5.32512677e-01 3.71000000e+02 5.00000000e+00
2.23974441e+03 1.00017952e+00 2.00000000e-04 5.37470484e-01 3.60000000e+02 5.00000000e+00
2.23975326e+03 1.00011878e+00 2.00000000e-04 5.42515925e-01 3.74000000e+02 5.00000000e+00
2.23976199e+03 1.00010672e+00 2.00000000e-04 5.47495680e-01 3.49000000e+02 5.00000000e+00
2.23977066e+03 1.00015572e+00 2.00000000e-04 5.52439464e-01 3.68000000e+02 5.00000000e+00
2.23977706e+03 1.00019486e+00 2.00000000e-04 5.56088674e-01 1.75000000e+02 5.00000000e+00
2.23978496e+03 1.00011500e+00 2.00000000e-04 5.60597789e-01 4.58000000e+02 5.00000000e+00
2.23979563e+03 1.00009326e+00 2.00000000e-04 5.66682526e-01 4.44000000e+02 5.00000000e+00
2.23980654e+03 1.00011621e+00 2.00000000e-04 5.72902431e-01 4.56000000e+02 5.00000000e+00
2.23981748e+03 1.00010966e+00 2.00000000e-04 5.79141574e-01 4.53000000e+02 5.00000000e+00
2.23982854e+03 1.00012750e+00 2.00000000e-04 5.85452878e-01 4.60000000e+02 5.00000000e+00
2.23983945e+03 1.00011434e+00 2.00000000e-04 5.91669605e-01 4.47000000e+02 5.00000000e+00
2.23985043e+03 1.00013724e+00 2.00000000e-04 5.97934234e-01 4.57000000e+02 5.00000000e+00
2.23986141e+03 1.00009598e+00 2.00000000e-04 6.04197153e-01 4.54000000e+02 5.00000000e+00
2.23987231e+03 1.00008792e+00 2.00000000e-04 6.10412333e-01 4.66000000e+02 5.00000000e+00
2.23988325e+03 1.00018313e+00 2.00000000e-04 6.16653230e-01 4.46000000e+02 5.00000000e+00
2.23989415e+03 1.00008912e+00 2.00000000e-04 6.22868853e-01 4.47000000e+02 5.00000000e+00
2.23990516e+03 1.00006636e+00 2.00000000e-04 6.29145902e-01 4.53000000e+02 5.00000000e+00
2.23991592e+03 1.00005048e+00 2.00000000e-04 6.35283812e-01 4.53000000e+02 5.00000000e+00
2.23992700e+03 1.00002518e+00 2.00000000e-04 6.41600002e-01 4.51000000e+02 5.00000000e+00
2.23993785e+03 1.00014338e+00 2.00000000e-04 6.47788796e-01 4.50000000e+02 5.00000000e+00
2.23994890e+03 1.00010268e+00 2.00000000e-04 6.54090042e-01 4.53000000e+02 5.00000000e+00
2.23995983e+03 1.00002709e+00 2.00000000e-04 6.60326026e-01 4.56000000e+02 5.00000000e+00
2.23997074e+03 1.00007650e+00 2.00000000e-04 6.66548168e-01 4.57000000e+02 5.00000000e+00
2.23998175e+03 1.00002698e+00 2.00000000e-04 6.72823176e-01 4.50000000e+02 5.00000000e+00
2.23999262e+03 1.00022288e+00 2.00000000e-04 6.79025699e-01 4.59000000e+02 5.00000000e+00
2.24000374e+03 1.00014193e+00 2.00000000e-04 6.85368796e-01 4.58000000e+02 5.00000000e+00
2.24001446e+03 1.00008680e+00 2.00000000e-04 6.91481471e-01 4.50000000e+02 5.00000000e+00
2.24002549e+03 1.00009333e+00 2.00000000e-04 6.97769115e-01 4.52000000e+02 5.00000000e+00
2.24003637e+03 1.00014578e+00 2.00000000e-04 7.03974625e-01 4.48000000e+02 5.00000000e+00
2.24004719e+03 1.00013860e+00 2.00000000e-04 7.10144380e-01 4.57000000e+02 5.00000000e+00
2.24005821e+03 1.00011082e+00 2.00000000e-04 7.16430999e-01 4.40000000e+02 5.00000000e+00
2.24006925e+03 1.00020280e+00 2.00000000e-04 7.22724144e-01 4.50000000e+02 5.00000000e+00
2.24008016e+03 1.00018364e+00 2.00000000e-04 7.28948268e-01 4.50000000e+02 5.00000000e+00
2.24009104e+03 1.00018616e+00 2.00000000e-04 7.35154548e-01 4.62000000e+02 5.00000000e+00
2.24010207e+03 1.00011778e+00 2.00000000e-04 7.41444916e-01 4.46000000e+02 5.00000000e+00
2.24010796e+03 1.00008389e+00 2.00000000e-04 7.44804134e-01 3.90000000e+01 5.00000000e+00
2.24011262e+03 1.00008637e+00 2.00000000e-04 7.47460117e-01 3.57000000e+02 5.00000000e+00
2.24012140e+03 1.00009501e+00 2.00000000e-04 7.52465585e-01 3.71000000e+02 5.00000000e+00
2.24013031e+03 1.00013167e+00 2.00000000e-04 7.57546567e-01 3.74000000e+02 5.00000000e+00
2.24013916e+03 1.00006152e+00 2.00000000e-04 7.62595647e-01 3.63000000e+02 5.00000000e+00
2.24014776e+03 1.00015184e+00 2.00000000e-04 7.67498551e-01 3.73000000e+02 5.00000000e+00
2.24015657e+03 1.00007711e+00 2.00000000e-04 7.72525884e-01 3.60000000e+02 5.00000000e+00
2.24016520e+03 1.00009224e+00 2.00000000e-04 7.77445242e-01 3.68000000e+02 5.00000000e+00
2.24017400e+03 1.00010336e+00 2.00000000e-04 7.82464273e-01 3.72000000e+02 5.00000000e+00
2.24018292e+03 1.00004584e+00 2.00000000e-04 7.87553717e-01 3.66000000e+02 5.00000000e+00
2.24019151e+03 1.00020579e+00 2.00000000e-04 7.92449055e-01 3.73000000e+02 5.00000000e+00
2.24020049e+03 1.00003308e+00 2.00000000e-04 7.97572459e-01 3.67000000e+02 5.00000000e+00
