# Time Flux Flux_Err Phase N NSector
1.54793638e+03 9.97473298e-01 1.03474754e-03 -1.97500000e-01 8.00000000e+01 1.20000000e+01
1.54794533e+03 9.97509561e-01 1.12588114e-03 -1.92500000e-01 7.20000000e+01 1.20000000e+01
1.54795427e+03 9.98986319e-01 7.73875055e-04 -1.87500000e-01 8.80000000e+01 1.20000000e+01
1.54796321e+03 9.99851572e-01 1.48848795e-03 -1.82500000e-01 6.80000000e+01 1.10000000e+01
1.54797216e+03 1.00068131e+00 7.73875055e-04 -1.77500000e-01 8.40000000e+01 1.20000000e+01
1.54798110e+03 1.00217689e+00 1.41564675e-03 -1.72500000e-01 7.50000000e+01 1.20000000e+01
1.54799005e+03 1.00106905e+00 7.73875055e-04 -1.67500000e-01 8.20000000e+01 1.20000000e+01
1.54799899e+03 1.00176628e+00 1.45525696e-03 -1.62500000e-01 8.20000000e+01 1.20000000e+01
1.54800794e+03 1.00374566e+00 7.73875055e-04 -1.57500000e-01 7.50000000e+01 1.20000000e+01
1.54801688e+03 1.00595363e+00 8.59905174e-04 -1.52500000e-01 8.50000000e+01 1.20000000e+01
1.54802582e+03 1.00533745e+00 7.73875055e-04 -1.47500000e-01 7.00000000e+01 1.10000000e+01
1.54803477e+03 1.00674153e+00 7.73875055e-04 -1.42500000e-01 8.50000000e+01 1.20000000e+01
1.54804371e+03 1.00921025e+00 9.05376225e-04 -1.37500000e-01 7.30000000e+01 1.20000000e+01
1.54805266e+03 1.00919951e+00 7.73875055e-04 -1.32500000e-01 8.30000000e+01 1.20000000e+01
1.54806160e+03 1.00925645e+00 7.73875055e-04 -1.27500000e-01 8.00000000e+01 1.20000000e+01
1.54807055e+03 1.01143953e+00 7.73875055e-04 -1.22500000e-01 7.30000000e+01 1.20000000e+01
1.54807949e+03 1.01281190e+00 8.83628050e-04 -1.17500000e-01 8.80000000e+01 1.20000000e+01
1.54808844e+03 1.01218847e+00 7.73875055e-04 -1.12500000e-01 6.70000000e+01 1.10000000e+01
1.54809738e+03 1.01303311e+00 1.16552520e-03 -1.07500000e-01 8.60000000e+01 1.20000000e+01
1.54810632e+03 1.01069594e+00 1.13868976e-03 -1.02500000e-01 7.10000000e+01 1.20000000e+01
1.54811527e+03 1.01026865e+00 9.15323022e-04 -9.75000000e-02 8.40000000e+01 1.20000000e+01
1.54812421e+03 1.00984224e+00 7.80413937e-04 -9.25000000e-02 7.80000000e+01 1.20000000e+01
1.54813316e+03 1.00912707e+00 8.22513579e-04 -8.75000000e-02 7.40000000e+01 1.20000000e+01
1.54814210e+03 1.00837430e+00 7.73875055e-04 -8.25000000e-02 9.10000000e+01 1.20000000e+01
1.54815105e+03 1.00639647e+00 7.73875055e-04 -7.75000000e-02 6.50000000e+01 1.10000000e+01
1.54815999e+03 1.00596993e+00 1.33042518e-03 -7.25000000e-02 8.70000000e+01 1.20000000e+01
1.54816893e+03 1.00453608e+00 7.73875055e-04 -6.75000000e-02 7.10000000e+01 1.20000000e+01
1.54817788e+03 1.00001821e+00 7.73875055e-04 -6.25000000e-02 8.50000000e+01 1.20000000e+01
1.54818682e+03 1.00063814e+00 9.87299777e-04 -5.75000000e-02 7.60000000e+01 1.20000000e+01
1.54819577e+03 9.97330329e-01 1.02127591e-03 -5.25000000e-02 7.80000000e+01 1.20000000e+01
1.54820471e+03 9.93774857e-01 7.73875055e-04 -4.75000000e-02 8.60000000e+01 1.20000000e+01
1.54821366e+03 9.93759524e-01 1.07872598e-03 -4.25000000e-02 7.10000000e+01 1.20000000e+01
1.54822260e+03 9.89521031e-01 1.40550570e-03 -3.75000000e-02 8.60000000e+01 1.20000000e+01
1.54823154e+03 9.90101411e-01 8.13374901e-04 -3.25000000e-02 7.20000000e+01 1.20000000e+01
1.54824049e+03 9.84398843e-01 1.05455780e-03 -2.75000000e-02 8.50000000e+01 1.20000000e+01
1.54824943e+03 9.84399453e-01 7.97787522e-04 -2.25000000e-02 7.70000000e+01 1.20000000e+01
1.54825838e+03 9.86039147e-01 1.51502647e-03 -1.75000000e-02 8.00000000e+01 1.20000000e+01
1.54826732e+03 9.83066313e-01 7.73875055e-04 -1.25000000e-02 8.30000000e+01 1.20000000e+01
1.54827627e+03 9.83985128e-01 9.55926134e-04 -7.50000000e-03 7.40000000e+01 1.20000000e+01
1.54828521e+03 9.82212709e-01 7.73875055e-04 -2.50000000e-03 9.00000000e+01 1.20000000e+01
1.54829415e+03 9.82896203e-01 1.27703911e-03 2.50000000e-03 7.30000000e+01 1.20000000e+01
1.54830310e+03 9.82188891e-01 7.73875055e-04 7.50000000e-03 8.90000000e+01 1.20000000e+01
1.54831204e+03 9.84552658e-01 1.13517681e-03 1.25000000e-02 7.70000000e+01 1.20000000e+01
1.54832099e+03 9.85972988e-01 7.73875055e-04 1.75000000e-02 8.30000000e+01 1.20000000e+01
1.54832993e+03 9.88291289e-01 8.95585814e-04 2.25000000e-02 8.50000000e+01 1.20000000e+01
1.54833888e+03 9.90881091e-01 1.05226927e-03 2.75000000e-02 7.40000000e+01 1.20000000e+01
1.54834782e+03 9.91771597e-01 7.73875055e-04 3.25000000e-02 8.80000000e+01 1.20000000e+01
1.54835677e+03 9.93810967e-01 1.46557988e-03 3.75000000e-02 7.30000000e+01 1.20000000e+01
1.54836571e+03 9.95678617e-01 7.73875055e-04 4.25000000e-02 8.70000000e+01 1.20000000e+01
1.54837465e+03 9.97702862e-01 9.30740601e-04 4.75000000e-02 7.80000000e+01 1.20000000e+01
1.54838360e+03 1.00065668e+00 1.21937833e-03 5.25000000e-02 8.20000000e+01 1.20000000e+01
1.54839254e+03 1.00338172e+00 9.21766277e-04 5.75000000e-02 8.30000000e+01 1.20000000e+01
1.54840149e+03 1.00460796e+00 1.12556087e-03 6.25000000e-02 7.80000000e+01 1.20000000e+01
1.54841043e+03 1.00562358e+00 8.25965252e-04 6.75000000e-02 8.40000000e+01 1.20000000e+01
1.54841938e+03 1.00656906e+00 7.73875055e-04 7.25000000e-02 7.40000000e+01 1.20000000e+01
1.54842832e+03 1.01072429e+00 7.73875055e-04 7.75000000e-02 8.50000000e+01 1.20000000e+01
1.54843726e+03 1.01013241e+00 8.77891855e-04 8.25000000e-02 7.70000000e+01 1.20000000e+01
1.54844621e+03 1.01168923e+00 8.76648467e-04 8.75000000e-02 8.50000000e+01 1.20000000e+01
1.54845515e+03 1.01142170e+00 7.73875055e-04 9.25000000e-02 8.10000000e+01 1.20000000e+01
1.54846410e+03 1.01408741e+00 7.73875055e-04 9.75000000e-02 7.70000000e+01 1.20000000e+01
1.54847304e+03 1.01310248e+00 7.73875055e-04 1.02500000e-01 8.50000000e+01 1.20000000e+01
1.54848199e+03 1.01145752e+00 7.73875055e-04 1.07500000e-01 7.90000000e+01 1.20000000e+01
1.54849093e+03 1.01224516e+00 7.73875055e-04 1.12500000e-01 8.40000000e+01 1.20000000e+01
1.54849987e+03 1.01107457e+00 9.30180227e-04 1.17500000e-01 7.60000000e+01 1.20000000e+01
1.54850882e+03 1.01002440e+00 7.73875055e-04 1.22500000e-01 8.60000000e+01 1.20000000e+01
1.54851776e+03 1.01046142e+00 7.73875055e-04 1.27500000e-01 8.10000000e+01 1.20000000e+01
1.54852671e+03 1.00731497e+00 1.62295736e-03 1.32500000e-01 8.20000000e+01 1.20000000e+01
1.54853565e+03 1.00770967e+00 7.79218499e-04 1.37500000e-01 8.30000000e+01 1.20000000e+01
1.54854460e+03 1.00533417e+00 7.73875055e-04 1.42500000e-01 8.00000000e+01 1.20000000e+01
1.54855354e+03 1.00630877e+00 7.73875055e-04 1.47500000e-01 8.40000000e+01 1.20000000e+01
1.54856248e+03 1.00531911e+00 9.99595500e-04 1.52500000e-01 7.50000000e+01 1.20000000e+01
1.54857143e+03 1.00323292e+00 7.73875055e-04 1.57500000e-01 8.50000000e+01 1.20000000e+01
1.54858037e+03 1.00411846e+00 7.73875055e-04 1.62500000e-01 7.80000000e+01 1.20000000e+01
1.54858932e+03 1.00058956e+00 7.73875055e-04 1.67500000e-01 7.90000000e+01 1.20000000e+01
1.54859826e+03 1.00067195e+00 7.73875055e-04 1.72500000e-01 8.30000000e+01 1.20000000e+01
1.54860721e+03 9.98720158e-01 7.73875055e-04 1.77500000e-01 7.70000000e+01 1.20000000e+01
1.54861615e+03 9.98970188e-01 1.12378797e-03 1.82500000e-01 8.30000000e+01 1.20000000e+01
1.54862510e+03 9.98476840e-01 7.73875055e-04 1.87500000e-01 7.70000000e+01 1.20000000e+01
1.54863404e+03 9.96682951e-01 9.20630912e-04 1.92500000e-01 8.30000000e+01 1.20000000e+01
1.54864298e+03 9.95706462e-01 7.73875055e-04 1.97500000e-01 8.00000000e+01 1.20000000e+01
1.54865193e+03 9.96623606e-01 7.86432536e-04 2.02500000e-01 7.80000000e+01 1.20000000e+01
1.54866087e+03 9.94939625e-01 7.73875055e-04 2.07500000e-01 8.20000000e+01 1.20000000e+01
1.54866982e+03 9.95379594e-01 9.04276469e-04 2.12500000e-01 7.90000000e+01 1.20000000e+01
1.54867876e+03 9.93861949e-01 7.73875055e-04 2.17500000e-01 8.30000000e+01 1.20000000e+01
1.54868771e+03 9.95102643e-01 9.77884329e-04 2.22500000e-01 7.80000000e+01 1.20000000e+01
1.54869665e+03 9.94780484e-01 7.73875055e-04 2.27500000e-01 8.30000000e+01 1.20000000e+01
1.54870559e+03 9.94064355e-01 7.73875055e-04 2.32500000e-01 8.40000000e+01 1.20000000e+01
1.54871454e+03 9.92547228e-01 9.24066308e-04 2.37500000e-01 7.60000000e+01 1.10000000e+01
1.54872348e+03 9.94317070e-01 7.73875055e-04 2.42500000e-01 8.10000000e+01 1.20000000e+01
1.54873243e+03 9.95674774e-01 7.73875055e-04 2.47500000e-01 7.90000000e+01 1.20000000e+01
1.54874137e+03 9.95195944e-01 7.73875055e-04 2.52500000e-01 8.30000000e+01 1.20000000e+01
1.54875032e+03 9.94963564e-01 7.73875055e-04 2.57500000e-01 7.60000000e+01 1.20000000e+01
1.54875926e+03 9.93339504e-01 7.73875055e-04 2.62500000e-01 8.10000000e+01 1.20000000e+01
1.54876820e+03 9.96066938e-01 7.73875055e-04 2.67500000e-01 8.40000000e+01 1.20000000e+01
1.54877715e+03 9.94821896e-01 8.10851152e-04 2.72500000e-01 7.70000000e+01 1.20000000e+01
1.54878609e+03 9.95431758e-01 7.73875055e-04 2.77500000e-01 8.70000000e+01 1.20000000e+01
1.54879504e+03 9.97446576e-01 8.36357671e-04 2.82500000e-01 7.30000000e+01 1.20000000e+01
1.54880398e+03 9.95897435e-01 7.73875055e-04 2.87500000e-01 8.30000000e+01 1.20000000e+01
1.54881293e+03 9.95831262e-01 1.20388673e-03 2.92500000e-01 7.80000000e+01 1.20000000e+01
1.54882187e+03 9.97376575e-01 7.78762395e-04 2.97500000e-01 8.40000000e+01 1.20000000e+01
1.54883082e+03 9.96898255e-01 7.73875055e-04 3.02500000e-01 8.10000000e+01 1.20000000e+01
1.54883976e+03 9.98938933e-01 7.73875055e-04 3.07500000e-01 7.60000000e+01 1.20000000e+01
1.54884870e+03 9.98054790e-01 7.73875055e-04 3.12500000e-01 8.90000000e+01 1.20000000e+01
1.54885765e+03 9.98628671e-01 1.12505755e-03 3.17500000e-01 7.30000000e+01 1.20000000e+01
1.54886659e+03 9.98630922e-01 9.00664190e-04 3.22500000e-01 8.70000000e+01 1.20000000e+01
1.54887554e+03 1.00066932e+00 7.86745268e-04 3.27500000e-01 7.50000000e+01 1.20000000e+01
1.54888448e+03 1.00073249e+00 7.73875055e-04 3.32500000e-01 8.20000000e+01 1.20000000e+01
1.54889343e+03 1.00208170e+00 9.17292936e-04 3.37500000e-01 8.30000000e+01 1.20000000e+01
1.54890237e+03 1.00455945e+00 7.73875055e-04 3.42500000e-01 7.80000000e+01 1.20000000e+01
1.54891131e+03 1.00447129e+00 7.73875055e-04 3.47500000e-01 8.90000000e+01 1.20000000e+01
1.54892026e+03 1.00499600e+00 9.34779462e-04 3.52500000e-01 7.30000000e+01 1.20000000e+01
1.54892920e+03 1.00526629e+00 7.73875055e-04 3.57500000e-01 8.80000000e+01 1.20000000e+01
1.54893815e+03 1.00770857e+00 8.63996756e-04 3.62500000e-01 7.60000000e+01 1.20000000e+01
1.54894709e+03 1.00588581e+00 8.37209575e-04 3.67500000e-01 8.30000000e+01 1.20000000e+01
1.54895604e+03 1.00816919e+00 7.73875055e-04 3.72500000e-01 8.10000000e+01 1.20000000e+01
1.54896498e+03 1.00866952e+00 7.73875055e-04 3.77500000e-01 7.70000000e+01 1.20000000e+01
1.54897392e+03 1.00849326e+00 7.73875055e-04 3.82500000e-01 9.10000000e+01 1.20000000e+01
1.54898287e+03 1.00721754e+00 7.73875055e-04 3.87500000e-01 7.40000000e+01 1.20000000e+01
1.54899181e+03 1.00938454e+00 7.73875055e-04 3.92500000e-01 9.00000000e+01 1.20000000e+01
1.54900076e+03 1.00830935e+00 7.73875055e-04 3.97500000e-01 7.40000000e+01 1.20000000e+01
1.54900970e+03 1.00766687e+00 8.15756508e-04 4.02500000e-01 8.60000000e+01 1.20000000e+01
1.54901865e+03 1.00724023e+00 1.02739557e-03 4.07500000e-01 8.20000000e+01 1.20000000e+01
1.54902759e+03 1.00588447e+00 7.73875055e-04 4.12500000e-01 7.60000000e+01 1.20000000e+01
1.54903653e+03 1.00738884e+00 1.19842214e-03 4.17500000e-01 8.80000000e+01 1.20000000e+01
1.54904548e+03 1.00488892e+00 1.20833575e-03 4.22500000e-01 6.80000000e+01 1.20000000e+01
1.54905442e+03 1.00606776e+00 9.71052783e-04 4.27500000e-01 8.90000000e+01 1.20000000e+01
1.54906337e+03 1.00141233e+00 7.73875055e-04 4.32500000e-01 7.20000000e+01 1.20000000e+01
1.54907231e+03 1.00148472e+00 7.73875055e-04 4.37500000e-01 8.40000000e+01 1.20000000e+01
1.54908126e+03 1.00016878e+00 7.73875055e-04 4.42500000e-01 7.60000000e+01 1.20000000e+01
1.54909020e+03 9.97171718e-01 1.37327489e-03 4.47500000e-01 7.90000000e+01 1.20000000e+01
1.54909915e+03 9.98184168e-01 7.73875055e-04 4.52500000e-01 8.40000000e+01 1.20000000e+01
1.54910809e+03 9.96918153e-01 1.35751999e-03 4.57500000e-01 6.70000000e+01 1.10000000e+01
1.54911703e+03 9.93866638e-01 8.25104150e-04 4.62500000e-01 8.80000000e+01 1.20000000e+01
1.54912598e+03 9.94062679e-01 1.21724194e-03 4.67500000e-01 7.30000000e+01 1.20000000e+01
1.54913492e+03 9.90313625e-01 8.98986317e-04 4.72500000e-01 8.50000000e+01 1.20000000e+01
1.54914387e+03 9.91076862e-01 7.73875055e-04 4.77500000e-01 7.60000000e+01 1.20000000e+01
1.54915281e+03 9.88770871e-01 7.73875055e-04 4.82500000e-01 8.20000000e+01 1.20000000e+01
1.54916176e+03 9.89853739e-01 1.04095507e-03 4.87500000e-01 8.30000000e+01 1.20000000e+01
1.54917070e+03 9.89620650e-01 1.00189711e-03 4.92500000e-01 6.70000000e+01 1.10000000e+01
1.54917964e+03 9.87378706e-01 7.73875055e-04 4.97500000e-01 8.80000000e+01 1.20000000e+01
1.54918859e+03 9.87909130e-01 9.03567198e-04 5.02500000e-01 6.80000000e+01 1.20000000e+01
1.54919753e+03 9.89303060e-01 8.69400085e-04 5.07500000e-01 8.50000000e+01 1.20000000e+01
1.54920648e+03 9.90136009e-01 1.21711807e-03 5.12500000e-01 7.40000000e+01 1.20000000e+01
1.54921542e+03 9.92147001e-01 7.73875055e-04 5.17500000e-01 7.80000000e+01 1.20000000e+01
1.54922437e+03 9.91901152e-01 7.73875055e-04 5.22500000e-01 8.30000000e+01 1.20000000e+01
1.54923331e+03 9.92584142e-01 7.73875055e-04 5.27500000e-01 7.00000000e+01 1.20000000e+01
1.54924225e+03 9.95621797e-01 8.51525149e-04 5.32500000e-01 8.50000000e+01 1.20000000e+01
1.54925120e+03 9.97123042e-01 7.73875055e-04 5.37500000e-01 7.00000000e+01 1.20000000e+01
1.54926014e+03 9.98669071e-01 9.79192844e-04 5.42500000e-01 8.50000000e+01 1.20000000e+01
1.54926909e+03 9.97879447e-01 8.25874393e-04 5.47500000e-01 7.20000000e+01 1.20000000e+01
1.54927803e+03 1.00012860e+00 1.05674227e-03 5.52500000e-01 8.20000000e+01 1.20000000e+01
1.54928698e+03 1.00282478e+00 7.73875055e-04 5.57500000e-01 8.00000000e+01 1.20000000e+01
1.54929592e+03 1.00166220e+00 7.73875055e-04 5.62500000e-01 7.10000000e+01 1.20000000e+01
1.54930486e+03 1.00478411e+00 1.45712794e-03 5.67500000e-01 8.50000000e+01 1.20000000e+01
1.54931381e+03 1.00481165e+00 7.73875055e-04 5.72500000e-01 7.40000000e+01 1.20000000e+01
1.54932275e+03 1.00805379e+00 7.73875055e-04 5.77500000e-01 8.30000000e+01 1.20000000e+01
1.54933170e+03 1.00768153e+00 9.30143414e-04 5.82500000e-01 7.50000000e+01 1.20000000e+01
1.54934064e+03 1.00877668e+00 8.47379642e-04 5.87500000e-01 8.30000000e+01 1.20000000e+01
1.54934959e+03 1.00888887e+00 7.73875055e-04 5.92500000e-01 7.90000000e+01 1.20000000e+01
1.54935853e+03 1.00834490e+00 9.44982734e-04 5.97500000e-01 7.40000000e+01 1.20000000e+01
1.54936748e+03 1.00918220e+00 1.21160016e-03 6.02500000e-01 8.50000000e+01 1.20000000e+01
1.54937642e+03 1.00993150e+00 8.13543017e-04 6.07500000e-01 7.50000000e+01 1.20000000e+01
1.54938536e+03 1.00744197e+00 7.73875055e-04 6.12500000e-01 8.40000000e+01 1.20000000e+01
1.54939431e+03 1.00927238e+00 7.73875055e-04 6.17500000e-01 7.50000000e+01 1.20000000e+01
1.54940325e+03 1.00763307e+00 8.17508774e-04 6.22500000e-01 8.30000000e+01 1.20000000e+01
1.54941220e+03 1.00698784e+00 7.73875055e-04 6.27500000e-01 8.00000000e+01 1.20000000e+01
1.54942114e+03 1.00706006e+00 7.83009359e-04 6.32500000e-01 7.40000000e+01 1.20000000e+01
1.54943009e+03 1.00415277e+00 7.73875055e-04 6.37500000e-01 8.60000000e+01 1.20000000e+01
1.54943903e+03 1.00383287e+00 9.29183729e-04 6.42500000e-01 7.60000000e+01 1.20000000e+01
1.54944797e+03 1.00431001e+00 9.42052742e-04 6.47500000e-01 8.30000000e+01 1.20000000e+01
1.54945692e+03 1.00346691e+00 1.20276228e-03 6.52500000e-01 7.50000000e+01 1.20000000e+01
1.54946586e+03 1.00047316e+00 8.20973708e-04 6.57500000e-01 8.40000000e+01 1.20000000e+01
1.54947481e+03 1.00120858e+00 9.71511430e-04 6.62500000e-01 8.00000000e+01 1.20000000e+01
1.54948375e+03 1.00052029e+00 1.06256337e-03 6.67500000e-01 7.70000000e+01 1.20000000e+01
1.54949270e+03 1.00130026e+00 7.73875055e-04 6.72500000e-01 8.60000000e+01 1.20000000e+01
1.54950164e+03 9.98933209e-01 7.73875055e-04 6.77500000e-01 7.40000000e+01 1.20000000e+01
1.54951058e+03 9.99039925e-01 9.95165881e-04 6.82500000e-01 8.30000000e+01 1.20000000e+01
1.54951953e+03 9.98113401e-01 1.08265395e-03 6.87500000e-01 7.50000000e+01 1.20000000e+01
1.54952847e+03 9.95805613e-01 1.35552276e-03 6.92500000e-01 8.40000000e+01 1.20000000e+01
1.54953742e+03 9.96991022e-01 7.73875055e-04 6.97500000e-01 8.30000000e+01 1.20000000e+01
1.54954636e+03 9.96392508e-01 9.75828429e-04 7.02500000e-01 6.90000000e+01 1.10000000e+01
1.54955531e+03 9.95850544e-01 8.39563681e-04 7.07500000e-01 8.50000000e+01 1.20000000e+01
1.54956425e+03 9.97004708e-01 7.73875055e-04 7.12500000e-01 7.30000000e+01 1.20000000e+01
1.54957319e+03 9.96735635e-01 7.73875055e-04 7.17500000e-01 8.20000000e+01 1.20000000e+01
1.54958214e+03 9.96351071e-01 8.44050203e-04 7.22500000e-01 7.30000000e+01 1.20000000e+01
1.54959108e+03 9.94587522e-01 7.73875055e-04 7.27500000e-01 8.40000000e+01 1.20000000e+01
1.54960003e+03 9.93508525e-01 9.60986236e-04 7.32500000e-01 8.10000000e+01 1.20000000e+01
1.54960897e+03 9.95096852e-01 7.73875055e-04 7.37500000e-01 7.00000000e+01 1.10000000e+01
1.54961792e+03 9.94611307e-01 7.73875055e-04 7.42500000e-01 8.30000000e+01 1.20000000e+01
1.54962686e+03 9.95389587e-01 9.45843407e-04 7.47500000e-01 7.40000000e+01 1.20000000e+01
1.54963581e+03 9.93644352e-01 7.73875055e-04 7.52500000e-01 8.00000000e+01 1.20000000e+01
1.54964475e+03 9.95601149e-01 7.73875055e-04 7.57500000e-01 7.30000000e+01 1.20000000e+01
1.54965369e+03 9.95879987e-01 7.73875055e-04 7.62500000e-01 8.10000000e+01 1.20000000e+01
1.54966264e+03 9.94822772e-01 7.73875055e-04 7.67500000e-01 7.70000000e+01 1.20000000e+01
1.54967158e+03 9.96052153e-01 7.73875055e-04 7.72500000e-01 7.10000000e+01 1.20000000e+01
1.54968053e+03 9.96296699e-01 9.36478355e-04 7.77500000e-01 8.60000000e+01 1.20000000e+01
1.54968947e+03 9.96131691e-01 1.09292893e-03 7.82500000e-01 7.00000000e+01 1.20000000e+01
1.54969842e+03 9.97723889e-01 7.73875055e-04 7.87500000e-01 8.00000000e+01 1.20000000e+01
1.54970736e+03 9.94913759e-01 8.24449426e-04 7.92500000e-01 7.60000000e+01 1.20000000e+01
1.54971630e+03 9.96580710e-01 7.73875055e-04 7.97500000e-01 8.20000000e+01 1.20000000e+01
