# Time Flux Flux_Err Phase N NSector
3.66884342e+03 1.00427114e+00 1.11333376e-03 -1.97536283e-01 2.04000000e+02 6.00000000e+00
3.66884856e+03 1.00436781e+00 1.34369834e-03 -1.92447876e-01 2.01000000e+02 6.00000000e+00
3.66885354e+03 1.00349262e+00 1.21000657e-03 -1.87527156e-01 2.05000000e+02 6.00000000e+00
3.66885868e+03 1.00263911e+00 1.20114384e-03 -1.82448251e-01 1.99000000e+02 6.00000000e+00
3.66886378e+03 1.00249300e+00 1.55901204e-03 -1.77411636e-01 2.03000000e+02 6.00000000e+00
3.66886879e+03 1.00200939e+00 1.78978657e-03 -1.72455194e-01 2.04000000e+02 6.00000000e+00
3.66887377e+03 1.00127505e+00 2.00324773e-03 -1.67536420e-01 2.01000000e+02 6.00000000e+00
3.66887886e+03 1.00037362e+00 1.91976024e-03 -1.62507715e-01 2.08000000e+02 6.00000000e+00
3.66888390e+03 9.99968751e-01 2.07281937e-03 -1.57526498e-01 1.97000000e+02 6.00000000e+00
3.66888900e+03 9.99691382e-01 2.65217050e-03 -1.52483266e-01 2.01000000e+02 6.00000000e+00
3.66889399e+03 9.98779051e-01 2.64433068e-03 -1.47555668e-01 2.07000000e+02 6.00000000e+00
3.66889916e+03 9.97477097e-01 2.45008306e-03 -1.42449422e-01 2.05000000e+02 6.00000000e+00
3.66890414e+03 9.97729457e-01 2.62106920e-03 -1.37525297e-01 2.04000000e+02 6.00000000e+00
3.66890924e+03 9.97007393e-01 2.97392562e-03 -1.32484940e-01 2.08000000e+02 6.00000000e+00
3.66891423e+03 9.95965392e-01 2.97594253e-03 -1.27546763e-01 2.00000000e+02 6.00000000e+00
3.66891941e+03 9.95198978e-01 2.86068811e-03 -1.22436260e-01 2.07000000e+02 6.00000000e+00
3.66892437e+03 9.94442857e-01 3.46481155e-03 -1.17525224e-01 2.01000000e+02 6.00000000e+00
3.66892943e+03 9.94138529e-01 3.46619556e-03 -1.12527202e-01 2.04000000e+02 6.00000000e+00
3.66893451e+03 9.93354077e-01 3.38804427e-03 -1.07509613e-01 2.09000000e+02 6.00000000e+00
3.66893964e+03 9.92114376e-01 3.20285529e-03 -1.02438326e-01 2.06000000e+02 6.00000000e+00
3.66894461e+03 9.92018673e-01 3.47231362e-03 -9.75299169e-02 2.01000000e+02 6.00000000e+00
3.66894960e+03 9.90951656e-01 3.74214868e-03 -9.25993256e-02 2.08000000e+02 6.00000000e+00
3.66895477e+03 9.89993838e-01 3.50690946e-03 -8.74825621e-02 2.08000000e+02 6.00000000e+00
3.66895990e+03 9.89788490e-01 3.58350996e-03 -8.24208297e-02 2.09000000e+02 6.00000000e+00
3.66896487e+03 9.89856129e-01 3.82474427e-03 -7.75037517e-02 2.02000000e+02 6.00000000e+00
3.66897000e+03 9.88782991e-01 4.01231586e-03 -7.24318193e-02 2.06000000e+02 6.00000000e+00
3.66897502e+03 9.88113279e-01 3.68474225e-03 -6.74773976e-02 2.05000000e+02 6.00000000e+00
3.66898008e+03 9.87953795e-01 4.06485935e-03 -6.24723425e-02 2.02000000e+02 6.00000000e+00
3.66898505e+03 9.87049175e-01 4.13583636e-03 -5.75567912e-02 2.06000000e+02 6.00000000e+00
3.66899021e+03 9.86892132e-01 4.06002879e-03 -5.24654254e-02 2.12000000e+02 6.00000000e+00
3.66899526e+03 9.85886981e-01 3.65111463e-03 -4.74745602e-02 1.99000000e+02 6.00000000e+00
3.66900024e+03 9.85767727e-01 3.97431736e-03 -4.25515908e-02 2.04000000e+02 6.00000000e+00
3.66900454e+03 9.85957865e-01 4.07932995e-03 -3.82940732e-02 1.50000000e+02 6.00000000e+00
3.66900817e+03 9.84581381e-01 3.36001576e-03 -3.47073265e-02 1.37000000e+02 6.00000000e+00
3.66901171e+03 9.84680919e-01 4.33211556e-03 -3.12110653e-02 1.45000000e+02 6.00000000e+00
3.66901520e+03 9.83254847e-01 3.36792750e-03 -2.77685070e-02 1.35000000e+02 6.00000000e+00
3.66901858e+03 9.83249652e-01 4.27382802e-03 -2.44239911e-02 1.44000000e+02 6.00000000e+00
3.66902205e+03 9.81339417e-01 3.58342540e-03 -2.09926268e-02 1.36000000e+02 6.00000000e+00
3.66902552e+03 9.81354331e-01 4.43246407e-03 -1.75609316e-02 1.46000000e+02 6.00000000e+00
3.66902901e+03 9.79620619e-01 3.46578085e-03 -1.41187047e-02 1.37000000e+02 6.00000000e+00
3.66903255e+03 9.80145656e-01 4.67622603e-03 -1.06215410e-02 1.45000000e+02 6.00000000e+00
3.66903598e+03 9.78714926e-01 3.54516102e-03 -7.22819573e-03 1.36000000e+02 6.00000000e+00
3.66903943e+03 9.79523510e-01 4.37438111e-03 -3.81687857e-03 1.45000000e+02 6.00000000e+00
3.66904289e+03 9.78409292e-01 3.59660084e-03 -3.92957271e-04 1.37000000e+02 6.00000000e+00
3.66904639e+03 9.79515625e-01 4.73774837e-03 3.06150341e-03 1.46000000e+02 6.00000000e+00
3.66904984e+03 9.78805599e-01 3.53017174e-03 6.46991644e-03 1.37000000e+02 6.00000000e+00
3.66905338e+03 9.80550967e-01 4.80211754e-03 9.96798255e-03 1.45000000e+02 6.00000000e+00
3.66905681e+03 9.79909222e-01 3.63964070e-03 1.33607743e-02 1.38000000e+02 6.00000000e+00
3.66906028e+03 9.81918585e-01 4.64559571e-03 1.67875611e-02 1.44000000e+02 6.00000000e+00
3.66906373e+03 9.81781805e-01 3.78492242e-03 2.01956632e-02 1.37000000e+02 6.00000000e+00
3.66906721e+03 9.84068864e-01 4.61164686e-03 2.36355836e-02 1.47000000e+02 6.00000000e+00
3.66907073e+03 9.83829429e-01 3.62380699e-03 2.71149711e-02 1.39000000e+02 6.00000000e+00
3.66907421e+03 9.85413526e-01 4.55558454e-03 3.05575052e-02 1.43000000e+02 6.00000000e+00
3.66907767e+03 9.85025501e-01 3.41168180e-03 3.39780774e-02 1.37000000e+02 6.00000000e+00
3.66908147e+03 9.86442722e-01 4.37407291e-03 3.77268588e-02 1.79000000e+02 6.00000000e+00
3.66908633e+03 9.86114702e-01 4.19218961e-03 4.25380562e-02 2.03000000e+02 6.00000000e+00
3.66909132e+03 9.86682834e-01 4.00676483e-03 4.74638338e-02 2.03000000e+02 6.00000000e+00
3.66909636e+03 9.86963730e-01 4.02495505e-03 5.24441810e-02 2.06000000e+02 6.00000000e+00
3.66910146e+03 9.87964003e-01 4.08320633e-03 5.74830680e-02 2.04000000e+02 6.00000000e+00
3.66910665e+03 9.87778586e-01 3.63866899e-03 6.26134498e-02 2.05000000e+02 6.00000000e+00
3.66911156e+03 9.88332404e-01 3.63858836e-03 6.74668969e-02 2.03000000e+02 6.00000000e+00
3.66911665e+03 9.89196971e-01 3.90340611e-03 7.24985731e-02 2.04000000e+02 6.00000000e+00
3.66912171e+03 9.89876779e-01 3.87785761e-03 7.75013990e-02 2.11000000e+02 6.00000000e+00
3.66912687e+03 9.90337952e-01 3.62953075e-03 8.25951899e-02 2.12000000e+02 6.00000000e+00
3.66913178e+03 9.90747777e-01 3.51465190e-03 8.74512098e-02 2.03000000e+02 6.00000000e+00
3.66913684e+03 9.91669819e-01 3.63024087e-03 9.24486026e-02 2.11000000e+02 6.00000000e+00
3.66914196e+03 9.91876601e-01 3.35217764e-03 9.75136206e-02 2.10000000e+02 6.00000000e+00
3.66914704e+03 9.92651628e-01 3.21809307e-03 1.02534298e-01 2.07000000e+02 6.00000000e+00
3.66915201e+03 9.93657222e-01 3.28147050e-03 1.07445536e-01 2.08000000e+02 6.00000000e+00
3.66915710e+03 9.94573286e-01 3.09524652e-03 1.12475135e-01 2.14000000e+02 6.00000000e+00
3.66916221e+03 9.95029060e-01 2.72676541e-03 1.17521415e-01 2.09000000e+02 6.00000000e+00
3.66916733e+03 9.95860979e-01 2.67556689e-03 1.22586740e-01 2.07000000e+02 6.00000000e+00
3.66917232e+03 9.96456473e-01 2.56216663e-03 1.27512271e-01 2.12000000e+02 6.00000000e+00
3.66917738e+03 9.97167366e-01 2.79638781e-03 1.32517236e-01 2.14000000e+02 6.00000000e+00
3.66918246e+03 9.97280152e-01 2.47361428e-03 1.37537607e-01 2.08000000e+02 6.00000000e+00
3.66918742e+03 9.98396592e-01 2.25598516e-03 1.42434889e-01 2.09000000e+02 6.00000000e+00
3.66919255e+03 9.99290408e-01 2.52206175e-03 1.47509425e-01 2.10000000e+02 6.00000000e+00
3.66919758e+03 9.99563178e-01 2.06267404e-03 1.52478192e-01 2.14000000e+02 6.00000000e+00
3.66920272e+03 9.99847231e-01 1.64467992e-03 1.57564392e-01 2.09000000e+02 6.00000000e+00
3.66920767e+03 1.00093076e+00 1.62654524e-03 1.62448210e-01 2.11000000e+02 6.00000000e+00
3.66921277e+03 1.00175201e+00 1.70824706e-03 1.67488203e-01 2.13000000e+02 6.00000000e+00
3.66921794e+03 1.00192705e+00 1.26138338e-03 1.72597148e-01 2.10000000e+02 6.00000000e+00
3.66922295e+03 1.00228682e+00 1.11333376e-03 1.77552996e-01 2.09000000e+02 6.00000000e+00
3.66922789e+03 1.00339338e+00 1.11333376e-03 1.82435599e-01 2.11000000e+02 6.00000000e+00
3.66923301e+03 1.00410719e+00 1.11333376e-03 1.87499570e-01 2.13000000e+02 6.00000000e+00
3.66923807e+03 1.00440019e+00 1.11333376e-03 1.92496984e-01 2.09000000e+02 6.00000000e+00
3.66924315e+03 1.00491381e+00 1.11333376e-03 1.97513947e-01 2.06000000e+02 6.00000000e+00
3.66924811e+03 1.00543939e+00 1.11333376e-03 2.02423007e-01 2.09000000e+02 6.00000000e+00
3.66925325e+03 1.00617595e+00 1.11333376e-03 2.07501933e-01 2.08000000e+02 6.00000000e+00
3.66925830e+03 1.00650912e+00 1.11333376e-03 2.12489215e-01 2.10000000e+02 6.00000000e+00
3.66926339e+03 1.00690527e+00 1.11333376e-03 2.17515356e-01 2.11000000e+02 6.00000000e+00
3.66926839e+03 1.00753637e+00 1.11333376e-03 2.22461542e-01 2.06000000e+02 6.00000000e+00
3.66927357e+03 1.00796498e+00 1.11333376e-03 2.27583623e-01 2.08000000e+02 6.00000000e+00
3.66927853e+03 1.00835706e+00 1.11333376e-03 2.32477649e-01 2.06000000e+02 6.00000000e+00
3.66928357e+03 1.00879655e+00 1.11333376e-03 2.37465606e-01 2.09000000e+02 6.00000000e+00
3.66928867e+03 1.00903893e+00 1.11333376e-03 2.42499166e-01 2.13000000e+02 6.00000000e+00
3.66929381e+03 1.00930235e+00 1.11333376e-03 2.47582260e-01 2.08000000e+02 6.00000000e+00
3.66929878e+03 1.00958681e+00 1.11333376e-03 2.52492818e-01 2.02000000e+02 6.00000000e+00
3.66930379e+03 1.00999569e+00 1.11333376e-03 2.57444684e-01 2.11000000e+02 6.00000000e+00
3.66930893e+03 1.01007857e+00 1.11333376e-03 2.62531123e-01 2.12000000e+02 6.00000000e+00
3.66931402e+03 1.01022683e+00 1.11333376e-03 2.67553365e-01 2.08000000e+02 6.00000000e+00
3.66931899e+03 1.00994376e+00 1.11333376e-03 2.72473388e-01 2.02000000e+02 6.00000000e+00
3.66932405e+03 1.00983795e+00 1.11333376e-03 2.77472815e-01 2.10000000e+02 6.00000000e+00
3.66932917e+03 1.01001134e+00 1.11333376e-03 2.82524753e-01 2.05000000e+02 6.00000000e+00
3.66933424e+03 1.00944683e+00 1.11333376e-03 2.87543088e-01 2.04000000e+02 6.00000000e+00
3.66933925e+03 1.00903585e+00 1.11333376e-03 2.92488390e-01 2.01000000e+02 6.00000000e+00
3.66934432e+03 1.00887528e+00 1.11333376e-03 2.97503539e-01 2.07000000e+02 6.00000000e+00
3.66934941e+03 1.00920896e+00 1.11333376e-03 3.02536329e-01 2.02000000e+02 6.00000000e+00
3.66935435e+03 1.00817205e+00 1.11333376e-03 3.07416058e-01 2.00000000e+02 6.00000000e+00
3.66935949e+03 1.00765905e+00 1.11333376e-03 3.12491566e-01 2.01000000e+02 6.00000000e+00
3.66936459e+03 1.00817637e+00 1.11333376e-03 3.17534989e-01 2.02000000e+02 6.00000000e+00
3.66936967e+03 1.00732449e+00 1.11333376e-03 3.22551775e-01 2.00000000e+02 6.00000000e+00
3.66937462e+03 1.00606232e+00 1.11333376e-03 3.27443628e-01 1.98000000e+02 6.00000000e+00
3.66937975e+03 1.00567232e+00 1.11333376e-03 3.32513740e-01 2.00000000e+02 6.00000000e+00
3.66938487e+03 1.00593897e+00 1.11333376e-03 3.37574591e-01 2.01000000e+02 6.00000000e+00
3.66938989e+03 1.00524692e+00 1.11333376e-03 3.42540540e-01 1.98000000e+02 6.00000000e+00
3.66939485e+03 1.00441187e+00 1.11333376e-03 3.47443731e-01 2.00000000e+02 6.00000000e+00
3.66939999e+03 1.00355641e+00 1.11333376e-03 3.52515365e-01 2.04000000e+02 6.00000000e+00
3.66940502e+03 1.00326006e+00 1.11333376e-03 3.57486982e-01 1.97000000e+02 6.00000000e+00
3.66941012e+03 1.00310936e+00 1.11333376e-03 3.62535220e-01 1.97000000e+02 6.00000000e+00
3.66941507e+03 1.00212960e+00 1.31991043e-03 3.67419460e-01 2.02000000e+02 6.00000000e+00
3.66942025e+03 1.00186557e+00 1.19484073e-03 3.72541402e-01 2.01000000e+02 6.00000000e+00
3.66942529e+03 1.00155474e+00 1.16489425e-03 3.77521288e-01 1.96000000e+02 6.00000000e+00
3.66943029e+03 1.00116057e+00 1.19289560e-03 3.82464487e-01 2.00000000e+02 6.00000000e+00
3.66943533e+03 1.00047896e+00 1.24319614e-03 3.87442436e-01 1.97000000e+02 6.00000000e+00
3.66944051e+03 1.00053287e+00 1.11333376e-03 3.92562523e-01 1.99000000e+02 6.00000000e+00
3.66944548e+03 9.99908920e-01 1.16161208e-03 3.97474903e-01 2.00000000e+02 6.00000000e+00
3.66945050e+03 9.99228200e-01 1.33878858e-03 4.02441319e-01 2.00000000e+02 6.00000000e+00
3.66945561e+03 9.99102950e-01 1.18226843e-03 4.07487884e-01 2.00000000e+02 6.00000000e+00
3.66946075e+03 9.98730063e-01 1.11333376e-03 4.12565515e-01 2.01000000e+02 6.00000000e+00
3.66946572e+03 9.98295233e-01 1.13985187e-03 4.17484171e-01 1.96000000e+02 6.00000000e+00
3.66947075e+03 9.97934062e-01 1.27447340e-03 4.22449253e-01 2.00000000e+02 6.00000000e+00
3.66947587e+03 9.97702680e-01 1.18165499e-03 4.27508338e-01 2.03000000e+02 6.00000000e+00
3.66948100e+03 9.97624358e-01 1.11333376e-03 4.32581360e-01 1.99000000e+02 6.00000000e+00
3.66948596e+03 9.97341292e-01 1.11333376e-03 4.37483445e-01 1.96000000e+02 6.00000000e+00
3.66949094e+03 9.96825974e-01 1.16917801e-03 4.42401600e-01 1.95000000e+02 6.00000000e+00
3.66949610e+03 9.96917801e-01 1.11333376e-03 4.47508280e-01 1.99000000e+02 6.00000000e+00
3.66950121e+03 9.96743334e-01 1.15076969e-03 4.52556516e-01 1.97000000e+02 6.00000000e+00
3.66950617e+03 9.96239896e-01 1.11333376e-03 4.57458377e-01 1.94000000e+02 6.00000000e+00
3.66951122e+03 9.96074724e-01 1.12242120e-03 4.62449632e-01 2.03000000e+02 6.00000000e+00
3.66951637e+03 9.95799031e-01 1.11333376e-03 4.67535110e-01 1.97000000e+02 6.00000000e+00
3.66952145e+03 9.95230659e-01 1.11333376e-03 4.72557670e-01 1.91000000e+02 6.00000000e+00
3.66952564e+03 9.94452940e-01 1.14172100e-03 4.76694284e-01 1.41000000e+02 6.00000000e+00
3.66952927e+03 9.94497830e-01 1.11333376e-03 4.80289939e-01 1.31000000e+02 6.00000000e+00
3.66953260e+03 9.94241579e-01 1.24861263e-03 4.83580056e-01 1.35000000e+02 5.00000000e+00
3.66953622e+03 9.93703859e-01 1.11333376e-03 4.87152832e-01 1.31000000e+02 6.00000000e+00
3.66953952e+03 9.92931828e-01 1.11333376e-03 4.90411233e-01 1.38000000e+02 6.00000000e+00
3.66954314e+03 9.92979988e-01 1.11333376e-03 4.93994509e-01 1.30000000e+02 6.00000000e+00
3.66954647e+03 9.92704664e-01 1.11333376e-03 4.97288716e-01 1.39000000e+02 6.00000000e+00
3.66955011e+03 9.93276887e-01 1.11333376e-03 5.00878620e-01 1.31000000e+02 6.00000000e+00
3.66955343e+03 9.93488718e-01 1.11333376e-03 5.04160643e-01 1.34000000e+02 5.00000000e+00
3.66955703e+03 9.93950901e-01 1.11333376e-03 5.07721559e-01 1.31000000e+02 6.00000000e+00
3.66956035e+03 9.93642160e-01 1.11333376e-03 5.11000326e-01 1.38000000e+02 6.00000000e+00
3.66956398e+03 9.94227497e-01 1.11333376e-03 5.14584788e-01 1.29000000e+02 6.00000000e+00
3.66956756e+03 9.94565585e-01 1.11333376e-03 5.18125915e-01 1.51000000e+02 6.00000000e+00
3.66957202e+03 9.95361284e-01 1.11333376e-03 5.22535294e-01 1.94000000e+02 6.00000000e+00
3.66957713e+03 9.96431327e-01 1.11333376e-03 5.27587909e-01 1.92000000e+02 6.00000000e+00
3.66958205e+03 9.96361217e-01 1.11333376e-03 5.32446967e-01 1.97000000e+02 6.00000000e+00
3.66958713e+03 9.96319606e-01 1.14675200e-03 5.37466945e-01 1.99000000e+02 6.00000000e+00
3.66959225e+03 9.96566816e-01 1.11333376e-03 5.42532759e-01 1.96000000e+02 6.00000000e+00
3.66959732e+03 9.97123818e-01 1.11333376e-03 5.47536609e-01 1.95000000e+02 6.00000000e+00
3.66960228e+03 9.97141356e-01 1.11333376e-03 5.52441952e-01 1.93000000e+02 6.00000000e+00
3.66960741e+03 9.97297641e-01 1.15387535e-03 5.57507953e-01 1.97000000e+02 6.00000000e+00
3.66961254e+03 9.97466286e-01 1.11333376e-03 5.62577219e-01 2.00000000e+02 6.00000000e+00
3.66961752e+03 9.98020711e-01 1.11333376e-03 5.67501256e-01 1.98000000e+02 6.00000000e+00
3.66962254e+03 9.97879743e-01 1.16569835e-03 5.72458895e-01 1.96000000e+02 6.00000000e+00
3.66962774e+03 9.98151959e-01 1.11333376e-03 5.77607099e-01 1.96000000e+02 6.00000000e+00
3.66963273e+03 9.98405263e-01 1.20017501e-03 5.82529088e-01 1.97000000e+02 6.00000000e+00
3.66963777e+03 9.99108632e-01 1.11333376e-03 5.87513812e-01 1.92000000e+02 6.00000000e+00
3.66964274e+03 9.99214136e-01 1.12999644e-03 5.92430605e-01 2.00000000e+02 6.00000000e+00
3.66964795e+03 9.99452649e-01 1.12582478e-03 5.97574734e-01 1.99000000e+02 6.00000000e+00
3.66965295e+03 9.99865028e-01 1.11333376e-03 6.02519920e-01 1.91000000e+02 6.00000000e+00
3.66965788e+03 1.00024087e+00 1.21967303e-03 6.07393314e-01 1.93000000e+02 6.00000000e+00
3.66966307e+03 1.00075759e+00 1.24790654e-03 6.12516818e-01 2.02000000e+02 6.00000000e+00
3.66966816e+03 1.00116268e+00 1.11333376e-03 6.17547797e-01 1.97000000e+02 6.00000000e+00
3.66967318e+03 1.00163860e+00 1.11333376e-03 6.22511997e-01 1.93000000e+02 6.00000000e+00
3.66967815e+03 1.00209792e+00 1.11333376e-03 6.27425517e-01 1.98000000e+02 6.00000000e+00
3.66968330e+03 1.00234558e+00 1.11333376e-03 6.32516027e-01 2.00000000e+02 6.00000000e+00
3.66968845e+03 1.00320451e+00 1.11333376e-03 6.37597843e-01 1.97000000e+02 6.00000000e+00
3.66969342e+03 1.00349430e+00 1.11333376e-03 6.42515270e-01 1.97000000e+02 6.00000000e+00
3.66969842e+03 1.00387525e+00 1.11333376e-03 6.47452606e-01 2.00000000e+02 6.00000000e+00
3.66970354e+03 1.00427869e+00 1.11333376e-03 6.52514919e-01 1.99000000e+02 6.00000000e+00
3.66970865e+03 1.00509014e+00 1.11333376e-03 6.57563044e-01 1.96000000e+02 6.00000000e+00
3.66971366e+03 1.00571853e+00 1.11333376e-03 6.62515097e-01 1.96000000e+02 6.00000000e+00
3.66971862e+03 1.00545621e+00 1.11333376e-03 6.67421126e-01 2.00000000e+02 6.00000000e+00
3.66972380e+03 1.00643257e+00 1.11333376e-03 6.72534633e-01 2.02000000e+02 6.00000000e+00
3.66972881e+03 1.00670451e+00 1.11333376e-03 6.77490080e-01 1.98000000e+02 6.00000000e+00
3.66973393e+03 1.00745180e+00 1.11333376e-03 6.82548737e-01 2.00000000e+02 6.00000000e+00
3.66973888e+03 1.00744521e+00 1.11333376e-03 6.87440900e-01 2.01000000e+02 6.00000000e+00
3.66974403e+03 1.00788005e+00 1.11333376e-03 6.92531445e-01 1.98000000e+02 6.00000000e+00
3.66974901e+03 1.00847465e+00 1.11333376e-03 6.97456820e-01 2.02000000e+02 6.00000000e+00
3.66975411e+03 1.00883533e+00 1.11333376e-03 7.02494458e-01 2.07000000e+02 6.00000000e+00
3.66975915e+03 1.00878690e+00 1.11333376e-03 7.07478139e-01 1.98000000e+02 6.00000000e+00
3.66976432e+03 1.00917357e+00 1.11333376e-03 7.12577939e-01 2.03000000e+02 6.00000000e+00
3.66976924e+03 1.00931135e+00 1.11333376e-03 7.17449459e-01 2.03000000e+02 6.00000000e+00
3.66977434e+03 1.00912833e+00 1.11333376e-03 7.22482052e-01 2.03000000e+02 6.00000000e+00
3.66977944e+03 1.00933182e+00 1.11333376e-03 7.27529362e-01 2.05000000e+02 6.00000000e+00
3.66978455e+03 1.00924644e+00 1.11333376e-03 7.32576117e-01 2.04000000e+02 6.00000000e+00
3.66978950e+03 1.00901753e+00 1.11333376e-03 7.37463954e-01 1.97000000e+02 6.00000000e+00
3.66979460e+03 1.00883997e+00 1.11333376e-03 7.42504630e-01 2.04000000e+02 6.00000000e+00
3.66979965e+03 1.00848473e+00 1.11333376e-03 7.47497846e-01 2.06000000e+02 6.00000000e+00
3.66980472e+03 1.00829947e+00 1.11333376e-03 7.52513972e-01 2.04000000e+02 6.00000000e+00
3.66980975e+03 1.00774620e+00 1.11333376e-03 7.57484016e-01 2.03000000e+02 6.00000000e+00
3.66981478e+03 1.00745260e+00 1.11333376e-03 7.62452555e-01 2.04000000e+02 6.00000000e+00
3.66981989e+03 1.00727557e+00 1.11333376e-03 7.67498154e-01 2.02000000e+02 6.00000000e+00
3.66982498e+03 1.00671289e+00 1.11333376e-03 7.72527530e-01 2.04000000e+02 6.00000000e+00
3.66983003e+03 1.00622560e+00 1.11333376e-03 7.77520201e-01 2.07000000e+02 6.00000000e+00
3.66983510e+03 1.00598125e+00 1.11333376e-03 7.82533131e-01 2.05000000e+02 6.00000000e+00
3.66984008e+03 1.00626739e+00 1.11333376e-03 7.87459149e-01 1.99000000e+02 6.00000000e+00
3.66984521e+03 1.00542657e+00 1.11333376e-03 7.92526508e-01 2.01000000e+02 6.00000000e+00
3.66985026e+03 1.00480484e+00 1.11333376e-03 7.97518816e-01 2.03000000e+02 6.00000000e+00
