# Time Flux Flux_Err Phase N NSector
1.57213959e+03 1.00048407e+00 4.00000000e-04 -1.97727273e-01 1.80000000e+01 2.00000000e+00
1.57216137e+03 9.99929221e-01 9.07603120e-04 -1.93181818e-01 1.70000000e+01 2.00000000e+00
1.57218315e+03 9.99895359e-01 4.00000000e-04 -1.88636364e-01 1.70000000e+01 2.00000000e+00
1.57220492e+03 9.99659668e-01 6.58637318e-04 -1.84090909e-01 1.60000000e+01 2.00000000e+00
1.57222670e+03 9.99833755e-01 1.42443843e-03 -1.79545455e-01 1.70000000e+01 2.00000000e+00
1.57224848e+03 1.00045957e+00 7.61553691e-04 -1.75000000e-01 1.70000000e+01 2.00000000e+00
1.57227026e+03 1.00043315e+00 4.00000000e-04 -1.70454545e-01 1.60000000e+01 2.00000000e+00
1.57229203e+03 9.99958765e-01 4.00000000e-04 -1.65909091e-01 1.80000000e+01 2.00000000e+00
1.57231381e+03 1.00058741e+00 4.00000000e-04 -1.61363636e-01 1.60000000e+01 2.00000000e+00
1.57233559e+03 1.00012739e+00 4.00000000e-04 -1.56818182e-01 1.60000000e+01 2.00000000e+00
1.57235736e+03 1.00072060e+00 4.00000000e-04 -1.52272727e-01 1.70000000e+01 2.00000000e+00
1.57237914e+03 1.00034572e+00 4.00000000e-04 -1.47727273e-01 1.70000000e+01 2.00000000e+00
1.57240092e+03 1.00010837e+00 4.00000000e-04 -1.43181818e-01 1.90000000e+01 2.00000000e+00
1.57242270e+03 1.00001221e+00 4.22260444e-04 -1.38636364e-01 1.70000000e+01 2.00000000e+00
1.57244447e+03 9.99814341e-01 4.00000000e-04 -1.34090909e-01 1.70000000e+01 2.00000000e+00
1.57246625e+03 1.00016739e+00 4.00000000e-04 -1.29545455e-01 1.70000000e+01 2.00000000e+00
1.57248803e+03 9.99575373e-01 4.00000000e-04 -1.25000000e-01 1.60000000e+01 2.00000000e+00
1.57250980e+03 1.00058783e+00 4.00000000e-04 -1.20454545e-01 1.60000000e+01 2.00000000e+00
1.57253158e+03 1.00001933e+00 4.00000000e-04 -1.15909091e-01 1.60000000e+01 2.00000000e+00
1.57255336e+03 1.00005459e+00 5.47519915e-04 -1.11363636e-01 1.70000000e+01 2.00000000e+00
1.57257514e+03 1.00056241e+00 4.00000000e-04 -1.06818182e-01 1.70000000e+01 2.00000000e+00
1.57259691e+03 1.00018361e+00 4.00000000e-04 -1.02272727e-01 1.70000000e+01 2.00000000e+00
1.57261869e+03 1.00050559e+00 4.00000000e-04 -9.77272727e-02 1.60000000e+01 2.00000000e+00
1.57264047e+03 1.00024342e+00 9.74824264e-04 -9.31818182e-02 1.60000000e+01 2.00000000e+00
1.57266225e+03 1.00021605e+00 1.02418167e-03 -8.86363636e-02 1.60000000e+01 2.00000000e+00
1.57268402e+03 1.00022114e+00 1.19752873e-03 -8.40909091e-02 1.60000000e+01 2.00000000e+00
1.57270580e+03 1.00020667e+00 5.09489472e-04 -7.95454545e-02 1.70000000e+01 2.00000000e+00
1.57272758e+03 9.99441220e-01 6.35576620e-04 -7.50000000e-02 1.70000000e+01 2.00000000e+00
1.57274935e+03 1.00000725e+00 1.18639912e-03 -7.04545455e-02 1.60000000e+01 2.00000000e+00
1.57277113e+03 9.99391919e-01 8.19658589e-04 -6.59090909e-02 1.80000000e+01 2.00000000e+00
1.57279291e+03 1.00013849e+00 7.72222291e-04 -6.13636364e-02 1.60000000e+01 2.00000000e+00
1.57281469e+03 9.99558260e-01 9.55107561e-04 -5.68181818e-02 1.60000000e+01 2.00000000e+00
1.57283646e+03 9.99764543e-01 5.94592695e-04 -5.22727273e-02 1.90000000e+01 2.00000000e+00
1.57285824e+03 1.00063194e+00 1.18728367e-03 -4.77272727e-02 2.00000000e+01 2.00000000e+00
1.57288002e+03 1.00022057e+00 4.80630314e-04 -4.31818182e-02 2.10000000e+01 2.00000000e+00
1.57290179e+03 1.00056025e+00 4.00000000e-04 -3.86363636e-02 2.20000000e+01 2.00000000e+00
1.57292357e+03 1.00016184e+00 4.00000000e-04 -3.40909091e-02 2.00000000e+01 2.00000000e+00
1.57294535e+03 9.98922524e-01 1.44326796e-03 -2.95454545e-02 2.00000000e+01 2.00000000e+00
1.57296713e+03 9.97099786e-01 2.37047403e-03 -2.50000000e-02 1.90000000e+01 2.00000000e+00
1.57298890e+03 9.96062468e-01 3.63360604e-03 -2.04545455e-02 1.90000000e+01 2.00000000e+00
1.57301068e+03 1.00020881e+00 4.00000000e-04 -1.59090909e-02 1.50000000e+01 1.00000000e+00
1.57303246e+03 9.99429529e-01 4.00000000e-04 -1.13636364e-02 1.60000000e+01 1.00000000e+00
1.57305423e+03 9.95748789e-01 4.00000000e-04 -6.81818182e-03 1.60000000e+01 1.00000000e+00
1.57307601e+03 9.92788541e-01 4.00000000e-04 -2.27272727e-03 1.50000000e+01 1.00000000e+00
1.57309779e+03 9.91635900e-01 1.05079761e-03 2.27272727e-03 1.20000000e+01 2.00000000e+00
1.57311957e+03 9.94708069e-01 4.00000000e-04 6.81818182e-03 4.00000000e+00 1.00000000e+00
1.57314134e+03 9.98370204e-01 4.00000000e-04 1.13636364e-02 4.00000000e+00 1.00000000e+00
1.57316312e+03 1.00040951e+00 4.00000000e-04 1.59090909e-02 4.00000000e+00 1.00000000e+00
1.57318490e+03 1.00033194e+00 4.00000000e-04 2.04545455e-02 4.00000000e+00 1.00000000e+00
1.57320667e+03 9.95671973e-01 5.02123640e-03 2.50000000e-02 9.00000000e+00 2.00000000e+00
1.57322845e+03 9.96034320e-01 3.92390565e-03 2.95454545e-02 2.00000000e+01 2.00000000e+00
1.57325023e+03 9.98532652e-01 1.23136863e-03 3.40909091e-02 2.00000000e+01 2.00000000e+00
1.57327201e+03 9.99839990e-01 4.00000000e-04 3.86363636e-02 2.00000000e+01 2.00000000e+00
1.57329378e+03 1.00024841e+00 4.00000000e-04 4.31818182e-02 1.90000000e+01 2.00000000e+00
1.57331556e+03 1.00008235e+00 5.53621874e-04 4.77272727e-02 2.00000000e+01 2.00000000e+00
1.57333734e+03 1.00006965e+00 4.00000000e-04 5.22727273e-02 2.00000000e+01 2.00000000e+00
1.57335911e+03 9.99134182e-01 4.00000000e-04 5.68181818e-02 2.00000000e+01 2.00000000e+00
1.57338089e+03 9.99574280e-01 5.32502208e-04 6.13636364e-02 2.30000000e+01 2.00000000e+00
1.57340267e+03 9.99376869e-01 6.64237115e-04 6.59090909e-02 2.00000000e+01 2.00000000e+00
1.57342445e+03 9.99878128e-01 4.64282504e-04 7.04545455e-02 2.00000000e+01 2.00000000e+00
1.57344622e+03 9.99442079e-01 6.43796521e-04 7.50000000e-02 1.90000000e+01 2.00000000e+00
1.57346800e+03 9.99668375e-01 4.00000000e-04 7.95454545e-02 1.90000000e+01 2.00000000e+00
1.57348978e+03 1.00010403e+00 6.29273114e-04 8.40909091e-02 1.90000000e+01 2.00000000e+00
1.57351155e+03 9.99347710e-01 4.88821909e-04 8.86363636e-02 2.00000000e+01 2.00000000e+00
1.57353333e+03 9.99289398e-01 9.29574314e-04 9.31818182e-02 2.00000000e+01 2.00000000e+00
1.57355511e+03 9.99844773e-01 1.24596359e-03 9.77272727e-02 2.00000000e+01 2.00000000e+00
1.57357689e+03 9.99695870e-01 4.00000000e-04 1.02272727e-01 2.20000000e+01 2.00000000e+00
1.57359866e+03 9.98771747e-01 8.93721307e-04 1.06818182e-01 2.00000000e+01 2.00000000e+00
1.57362044e+03 1.00016791e+00 4.00000000e-04 1.11363636e-01 2.00000000e+01 2.00000000e+00
1.57364222e+03 1.00030462e+00 4.00000000e-04 1.15909091e-01 1.90000000e+01 2.00000000e+00
1.57366400e+03 9.99998536e-01 8.90216651e-04 1.20454545e-01 2.00000000e+01 2.00000000e+00
1.57368577e+03 1.00022810e+00 4.00000000e-04 1.25000000e-01 2.10000000e+01 2.00000000e+00
1.57370755e+03 1.00035053e+00 5.08303518e-04 1.29545455e-01 2.00000000e+01 2.00000000e+00
1.57372933e+03 1.00092999e+00 6.86119460e-04 1.34090909e-01 2.00000000e+01 2.00000000e+00
1.57375110e+03 1.00002555e+00 4.00000000e-04 1.38636364e-01 2.00000000e+01 2.00000000e+00
1.57377288e+03 1.00009545e+00 4.89025815e-04 1.43181818e-01 1.90000000e+01 2.00000000e+00
1.57379466e+03 1.00048385e+00 4.98825065e-04 1.47727273e-01 2.10000000e+01 2.00000000e+00
1.57381644e+03 1.00039595e+00 4.00000000e-04 1.52272727e-01 2.10000000e+01 2.00000000e+00
1.57383821e+03 1.00006358e+00 4.00000000e-04 1.56818182e-01 2.00000000e+01 2.00000000e+00
1.57385999e+03 9.99884723e-01 4.00000000e-04 1.61363636e-01 2.40000000e+01 2.00000000e+00
1.57388177e+03 9.99700922e-01 8.23539080e-04 1.65909091e-01 2.00000000e+01 2.00000000e+00
1.57390354e+03 9.99655604e-01 4.00000000e-04 1.70454545e-01 2.00000000e+01 2.00000000e+00
1.57392532e+03 1.00005891e+00 7.16520751e-04 1.75000000e-01 1.90000000e+01 2.00000000e+00
1.57394710e+03 9.99475296e-01 4.00000000e-04 1.79545455e-01 1.90000000e+01 2.00000000e+00
1.57396888e+03 9.99607937e-01 4.00000000e-04 1.84090909e-01 1.90000000e+01 2.00000000e+00
1.57399065e+03 9.99952979e-01 5.01623653e-04 1.88636364e-01 2.00000000e+01 2.00000000e+00
1.57401243e+03 1.00034641e+00 4.00000000e-04 1.93181818e-01 2.00000000e+01 2.00000000e+00
1.57403421e+03 9.99989230e-01 4.00000000e-04 1.97727273e-01 2.00000000e+01 2.00000000e+00
1.57405598e+03 9.99440722e-01 4.00000000e-04 2.02272727e-01 2.10000000e+01 2.00000000e+00
1.57407776e+03 9.99755695e-01 5.24152572e-04 2.06818182e-01 1.80000000e+01 2.00000000e+00
1.57409954e+03 1.00058954e+00 4.00000000e-04 2.11363636e-01 1.80000000e+01 2.00000000e+00
1.57412132e+03 1.00029325e+00 4.00000000e-04 2.15909091e-01 1.70000000e+01 2.00000000e+00
1.57414309e+03 9.99748924e-01 4.62089867e-04 2.20454545e-01 2.00000000e+01 2.00000000e+00
1.57416487e+03 1.00051322e+00 4.00000000e-04 2.25000000e-01 2.20000000e+01 2.00000000e+00
1.57418665e+03 1.00028345e+00 4.00000000e-04 2.29545455e-01 2.10000000e+01 2.00000000e+00
1.57420842e+03 1.00048576e+00 4.00000000e-04 2.34090909e-01 2.10000000e+01 2.00000000e+00
1.57423020e+03 1.00030793e+00 4.00000000e-04 2.38636364e-01 2.10000000e+01 2.00000000e+00
1.57425198e+03 9.99409629e-01 4.00000000e-04 2.43181818e-01 1.90000000e+01 2.00000000e+00
1.57427376e+03 9.99894732e-01 4.00000000e-04 2.47727273e-01 2.20000000e+01 2.00000000e+00
1.57429553e+03 1.00121766e+00 6.53529725e-04 2.52272727e-01 2.50000000e+01 2.00000000e+00
1.57431731e+03 1.00109192e+00 1.34017074e-03 2.56818182e-01 2.50000000e+01 2.00000000e+00
1.57433909e+03 1.00017941e+00 4.00000000e-04 2.61363636e-01 2.60000000e+01 2.00000000e+00
1.57436086e+03 1.00059288e+00 4.00000000e-04 2.65909091e-01 2.50000000e+01 2.00000000e+00
1.57438264e+03 1.00011052e+00 6.35472833e-04 2.70454545e-01 2.50000000e+01 2.00000000e+00
1.57440442e+03 1.00114374e+00 7.06636845e-04 2.75000000e-01 2.30000000e+01 2.00000000e+00
1.57442620e+03 1.00076550e+00 4.00000000e-04 2.79545455e-01 2.30000000e+01 2.00000000e+00
1.57444797e+03 1.00058177e+00 4.00000000e-04 2.84090909e-01 2.40000000e+01 2.00000000e+00
1.57446975e+03 1.00064629e+00 9.81947846e-04 2.88636364e-01 2.30000000e+01 2.00000000e+00
1.57449153e+03 1.00045683e+00 4.00000000e-04 2.93181818e-01 2.30000000e+01 2.00000000e+00
1.57451330e+03 1.00098456e+00 4.00000000e-04 2.97727273e-01 2.30000000e+01 2.00000000e+00
1.57453508e+03 1.00026514e+00 7.00975196e-04 3.02272727e-01 2.40000000e+01 2.00000000e+00
1.57455686e+03 1.00070777e+00 4.00000000e-04 3.06818182e-01 2.10000000e+01 2.00000000e+00
1.57457864e+03 1.00031778e+00 4.00000000e-04 3.11363636e-01 2.20000000e+01 2.00000000e+00
1.57460041e+03 1.00054029e+00 4.00000000e-04 3.15909091e-01 2.20000000e+01 2.00000000e+00
1.57462219e+03 1.00028576e+00 5.57917515e-04 3.20454545e-01 2.40000000e+01 2.00000000e+00
1.57464397e+03 9.99891474e-01 4.00000000e-04 3.25000000e-01 2.50000000e+01 2.00000000e+00
1.57466575e+03 1.00009279e+00 7.89427656e-04 3.29545455e-01 2.40000000e+01 2.00000000e+00
1.57468752e+03 1.00057985e+00 4.00000000e-04 3.34090909e-01 2.30000000e+01 2.00000000e+00
1.57470930e+03 9.99463523e-01 5.79717040e-04 3.38636364e-01 2.40000000e+01 2.00000000e+00
1.57473108e+03 9.99662642e-01 6.85895374e-04 3.43181818e-01 2.30000000e+01 2.00000000e+00
1.57475285e+03 1.00001928e+00 9.67955956e-04 3.47727273e-01 2.50000000e+01 2.00000000e+00
1.57477463e+03 9.99564632e-01 4.00000000e-04 3.52272727e-01 2.50000000e+01 2.00000000e+00
1.57479641e+03 9.99977796e-01 4.00000000e-04 3.56818182e-01 2.50000000e+01 2.00000000e+00
1.57481819e+03 1.00001504e+00 4.00000000e-04 3.61363636e-01 2.50000000e+01 2.00000000e+00
1.57483996e+03 9.99245009e-01 1.27092915e-03 3.65909091e-01 2.60000000e+01 2.00000000e+00
1.57486174e+03 9.99436872e-01 4.00000000e-04 3.70454545e-01 2.50000000e+01 2.00000000e+00
1.57488352e+03 9.99922936e-01 4.00000000e-04 3.75000000e-01 2.30000000e+01 2.00000000e+00
1.57490529e+03 9.99202615e-01 9.38703664e-04 3.79545455e-01 2.30000000e+01 2.00000000e+00
1.57492707e+03 9.99664228e-01 4.00000000e-04 3.84090909e-01 2.30000000e+01 2.00000000e+00
1.57494885e+03 9.99989348e-01 4.00000000e-04 3.88636364e-01 2.50000000e+01 2.00000000e+00
1.57497063e+03 9.99242264e-01 4.00000000e-04 3.93181818e-01 2.40000000e+01 2.00000000e+00
1.57499240e+03 9.99823921e-01 4.00000000e-04 3.97727273e-01 2.50000000e+01 2.00000000e+00
1.57501418e+03 9.99674212e-01 4.32125741e-04 4.02272727e-01 2.60000000e+01 2.00000000e+00
1.57503596e+03 9.99681122e-01 7.35204560e-04 4.06818182e-01 2.30000000e+01 2.00000000e+00
1.57505773e+03 9.99812222e-01 4.38064418e-04 4.11363636e-01 2.40000000e+01 2.00000000e+00
1.57507951e+03 9.99346958e-01 4.91467699e-04 4.15909091e-01 2.30000000e+01 2.00000000e+00
1.57510129e+03 9.99382884e-01 4.07392128e-04 4.20454545e-01 2.50000000e+01 2.00000000e+00
1.57512307e+03 9.99214380e-01 4.00000000e-04 4.25000000e-01 2.50000000e+01 2.00000000e+00
1.57514484e+03 9.99688960e-01 6.24611597e-04 4.29545455e-01 2.60000000e+01 2.00000000e+00
1.57516662e+03 9.99960979e-01 4.75053843e-04 4.34090909e-01 2.40000000e+01 2.00000000e+00
1.57518840e+03 1.00003950e+00 4.00000000e-04 4.38636364e-01 2.40000000e+01 2.00000000e+00
1.57521017e+03 9.99821878e-01 4.00000000e-04 4.43181818e-01 2.00000000e+01 2.00000000e+00
1.57523195e+03 9.99856488e-01 6.83592921e-04 4.47727273e-01 2.20000000e+01 2.00000000e+00
1.57525373e+03 9.99977395e-01 4.00425012e-04 4.52272727e-01 2.60000000e+01 2.00000000e+00
1.57527551e+03 9.99773462e-01 4.00000000e-04 4.56818182e-01 2.60000000e+01 2.00000000e+00
1.57529728e+03 9.99824442e-01 4.00000000e-04 4.61363636e-01 2.50000000e+01 2.00000000e+00
1.57531906e+03 9.99781142e-01 4.00000000e-04 4.65909091e-01 2.60000000e+01 2.00000000e+00
1.57534084e+03 9.99459387e-01 4.00000000e-04 4.70454545e-01 2.50000000e+01 2.00000000e+00
1.57536261e+03 9.98670476e-01 8.00018940e-04 4.75000000e-01 2.40000000e+01 2.00000000e+00
1.57538439e+03 9.99609083e-01 4.89799502e-04 4.79545455e-01 2.40000000e+01 2.00000000e+00
1.57540617e+03 9.98381602e-01 1.34947045e-03 4.84090909e-01 2.40000000e+01 2.00000000e+00
1.57542795e+03 9.98583978e-01 5.27308387e-04 4.88636364e-01 2.60000000e+01 2.00000000e+00
1.57544972e+03 9.97801260e-01 7.32338092e-04 4.93181818e-01 2.50000000e+01 2.00000000e+00
1.57547150e+03 9.98467292e-01 4.00000000e-04 4.97727273e-01 2.50000000e+01 2.00000000e+00
1.57549328e+03 9.98700274e-01 4.00000000e-04 5.02272727e-01 2.50000000e+01 2.00000000e+00
1.57551506e+03 9.98557510e-01 1.18266933e-03 5.06818182e-01 2.50000000e+01 2.00000000e+00
1.57553683e+03 9.97946333e-01 9.10855384e-04 5.11363636e-01 2.40000000e+01 2.00000000e+00
1.57555861e+03 9.98526023e-01 1.10830835e-03 5.15909091e-01 2.40000000e+01 2.00000000e+00
1.57558039e+03 9.98679523e-01 1.72490972e-03 5.20454545e-01 2.50000000e+01 2.00000000e+00
1.57560216e+03 9.99058581e-01 7.78067141e-04 5.25000000e-01 2.40000000e+01 2.00000000e+00
1.57562394e+03 9.99842658e-01 4.00000000e-04 5.29545455e-01 2.30000000e+01 2.00000000e+00
1.57564572e+03 1.00006778e+00 4.00000000e-04 5.34090909e-01 2.20000000e+01 2.00000000e+00
1.57566750e+03 9.99614537e-01 4.00000000e-04 5.38636364e-01 2.10000000e+01 2.00000000e+00
1.57568927e+03 9.99916103e-01 4.00000000e-04 5.43181818e-01 2.10000000e+01 2.00000000e+00
1.57571105e+03 9.99725232e-01 1.09272086e-03 5.47727273e-01 2.20000000e+01 2.00000000e+00
1.57573283e+03 1.00030901e+00 4.00000000e-04 5.52272727e-01 2.30000000e+01 2.00000000e+00
1.57575460e+03 9.99871269e-01 4.00000000e-04 5.56818182e-01 2.30000000e+01 2.00000000e+00
1.57577638e+03 1.00039651e+00 9.17612042e-04 5.61363636e-01 2.30000000e+01 2.00000000e+00
1.57579816e+03 9.99885500e-01 4.00000000e-04 5.65909091e-01 2.30000000e+01 2.00000000e+00
1.57581994e+03 1.00051754e+00 4.00000000e-04 5.70454545e-01 2.20000000e+01 2.00000000e+00
1.57584171e+03 1.00017977e+00 4.00000000e-04 5.75000000e-01 2.10000000e+01 2.00000000e+00
1.57586349e+03 9.99884462e-01 4.00000000e-04 5.79545455e-01 2.10000000e+01 2.00000000e+00
1.57588527e+03 9.99905751e-01 4.00000000e-04 5.84090909e-01 2.10000000e+01 2.00000000e+00
1.57590704e+03 1.00083742e+00 4.43845318e-04 5.88636364e-01 2.20000000e+01 2.00000000e+00
1.57592882e+03 1.00038806e+00 4.00000000e-04 5.93181818e-01 2.30000000e+01 2.00000000e+00
1.57595060e+03 1.00024858e+00 4.00000000e-04 5.97727273e-01 2.20000000e+01 2.00000000e+00
1.57597238e+03 1.00052562e+00 4.00000000e-04 6.02272727e-01 2.20000000e+01 2.00000000e+00
1.57599415e+03 1.00063147e+00 4.70678003e-04 6.06818182e-01 2.10000000e+01 2.00000000e+00
1.57601593e+03 1.00076268e+00 4.43905599e-04 6.11363636e-01 2.10000000e+01 2.00000000e+00
1.57603771e+03 1.00071949e+00 4.00000000e-04 6.15909091e-01 2.10000000e+01 2.00000000e+00
1.57605948e+03 1.00120595e+00 4.00000000e-04 6.20454545e-01 2.20000000e+01 2.00000000e+00
1.57608126e+03 1.00048739e+00 4.00000000e-04 6.25000000e-01 2.20000000e+01 2.00000000e+00
1.57610304e+03 1.00025097e+00 4.00000000e-04 6.29545455e-01 2.30000000e+01 2.00000000e+00
1.57612482e+03 1.00035343e+00 4.00000000e-04 6.34090909e-01 2.20000000e+01 2.00000000e+00
1.57614659e+03 1.00038184e+00 4.00000000e-04 6.38636364e-01 2.10000000e+01 2.00000000e+00
1.57616837e+03 1.00012760e+00 6.85933901e-04 6.43181818e-01 2.10000000e+01 2.00000000e+00
1.57619015e+03 1.00007589e+00 4.68677215e-04 6.47727273e-01 2.20000000e+01 2.00000000e+00
1.57621192e+03 1.00082331e+00 4.00000000e-04 6.52272727e-01 2.40000000e+01 2.00000000e+00
1.57623370e+03 1.00013733e+00 4.23091528e-04 6.56818182e-01 2.30000000e+01 2.00000000e+00
1.57625548e+03 1.00026199e+00 4.00000000e-04 6.61363636e-01 2.30000000e+01 2.00000000e+00
1.57627726e+03 1.00003801e+00 4.00000000e-04 6.65909091e-01 2.30000000e+01 2.00000000e+00
1.57629903e+03 1.00025838e+00 4.00000000e-04 6.70454545e-01 2.20000000e+01 2.00000000e+00
1.57632081e+03 1.00037162e+00 5.64779532e-04 6.75000000e-01 2.10000000e+01 2.00000000e+00
1.57634259e+03 1.00026498e+00 4.00000000e-04 6.79545455e-01 2.00000000e+01 2.00000000e+00
1.57636436e+03 9.99919358e-01 4.00000000e-04 6.84090909e-01 2.10000000e+01 2.00000000e+00
1.57638614e+03 1.00071581e+00 4.00000000e-04 6.88636364e-01 2.20000000e+01 2.00000000e+00
1.57640792e+03 1.00054869e+00 4.00000000e-04 6.93181818e-01 2.30000000e+01 2.00000000e+00
1.57642970e+03 1.00007779e+00 4.00000000e-04 6.97727273e-01 2.00000000e+01 2.00000000e+00
1.57645147e+03 1.00005466e+00 4.00000000e-04 7.02272727e-01 1.90000000e+01 2.00000000e+00
1.57647325e+03 9.99983599e-01 7.70485426e-04 7.06818182e-01 1.80000000e+01 2.00000000e+00
1.57649503e+03 1.00082489e+00 1.14322387e-03 7.11363636e-01 1.80000000e+01 2.00000000e+00
1.57651681e+03 1.00008080e+00 4.00000000e-04 7.15909091e-01 1.70000000e+01 2.00000000e+00
1.57653858e+03 1.00030873e+00 4.00000000e-04 7.20454545e-01 1.80000000e+01 2.00000000e+00
1.57656036e+03 1.00013244e+00 1.14547259e-03 7.25000000e-01 1.80000000e+01 2.00000000e+00
1.57658214e+03 1.00019052e+00 4.00000000e-04 7.29545455e-01 1.70000000e+01 2.00000000e+00
1.57660391e+03 1.00024219e+00 1.02869930e-03 7.34090909e-01 1.90000000e+01 2.00000000e+00
1.57662569e+03 9.99959476e-01 4.00000000e-04 7.38636364e-01 1.70000000e+01 2.00000000e+00
1.57664747e+03 9.99924788e-01 4.00000000e-04 7.43181818e-01 1.70000000e+01 2.00000000e+00
1.57666925e+03 1.00059675e+00 4.21024431e-04 7.47727273e-01 1.80000000e+01 2.00000000e+00
1.57669102e+03 9.99991859e-01 5.04003946e-04 7.52272727e-01 1.80000000e+01 2.00000000e+00
1.57671280e+03 1.00075894e+00 4.00000000e-04 7.56818182e-01 2.10000000e+01 2.00000000e+00
1.57673458e+03 9.99670985e-01 4.00000000e-04 7.61363636e-01 1.80000000e+01 2.00000000e+00
1.57675635e+03 1.00006474e+00 4.00000000e-04 7.65909091e-01 1.80000000e+01 2.00000000e+00
1.57677813e+03 1.00051321e+00 4.97513309e-04 7.70454545e-01 1.80000000e+01 2.00000000e+00
1.57679991e+03 1.00007313e+00 4.48595159e-04 7.75000000e-01 1.70000000e+01 2.00000000e+00
1.57682169e+03 1.00037835e+00 4.00000000e-04 7.79545455e-01 1.70000000e+01 2.00000000e+00
1.57684346e+03 1.00011169e+00 7.68954826e-04 7.84090909e-01 1.70000000e+01 2.00000000e+00
1.57686524e+03 1.00006642e+00 4.00000000e-04 7.88636364e-01 1.80000000e+01 2.00000000e+00
1.57688702e+03 1.00038979e+00 4.00000000e-04 7.93181818e-01 1.80000000e+01 2.00000000e+00
1.57690879e+03 9.99923159e-01 4.00000000e-04 7.97727273e-01 1.80000000e+01 2.00000000e+00
