# Time Flux Flux_Err Phase N NSector
1.57213959e+03 1.00027937e+00 4.00000000e-04 -1.97727273e-01 1.70000000e+01 2.00000000e+00
1.57216137e+03 1.00020016e+00 6.23561930e-04 -1.93181818e-01 1.60000000e+01 2.00000000e+00
1.57218315e+03 9.99894994e-01 4.00000000e-04 -1.88636364e-01 1.60000000e+01 2.00000000e+00
1.57220492e+03 1.00020850e+00 4.00000000e-04 -1.84090909e-01 1.60000000e+01 2.00000000e+00
1.57222670e+03 1.00038759e+00 8.43827138e-04 -1.79545455e-01 1.70000000e+01 2.00000000e+00
1.57224848e+03 1.00076902e+00 4.37138457e-04 -1.75000000e-01 1.70000000e+01 2.00000000e+00
1.57227026e+03 9.99942682e-01 4.00000000e-04 -1.70454545e-01 1.60000000e+01 2.00000000e+00
1.57229203e+03 9.99787903e-01 4.00000000e-04 -1.65909091e-01 1.70000000e+01 2.00000000e+00
1.57231381e+03 1.00040156e+00 4.00000000e-04 -1.61363636e-01 1.60000000e+01 2.00000000e+00
1.57233559e+03 9.99865098e-01 4.00000000e-04 -1.56818182e-01 1.60000000e+01 2.00000000e+00
1.57235736e+03 1.00005346e+00 4.19508770e-04 -1.52272727e-01 1.60000000e+01 2.00000000e+00
1.57237914e+03 9.99923188e-01 4.00000000e-04 -1.47727273e-01 1.60000000e+01 2.00000000e+00
1.57240092e+03 9.99833192e-01 4.00000000e-04 -1.43181818e-01 1.80000000e+01 2.00000000e+00
1.57242270e+03 9.99657779e-01 4.00000000e-04 -1.38636364e-01 1.60000000e+01 2.00000000e+00
1.57244447e+03 9.99866681e-01 4.00000000e-04 -1.34090909e-01 1.70000000e+01 2.00000000e+00
1.57246625e+03 1.00000031e+00 4.00000000e-04 -1.29545455e-01 1.90000000e+01 2.00000000e+00
1.57248803e+03 1.00009010e+00 4.00000000e-04 -1.25000000e-01 1.80000000e+01 2.00000000e+00
1.57250980e+03 1.00026403e+00 4.00000000e-04 -1.20454545e-01 1.90000000e+01 2.00000000e+00
1.57253158e+03 1.00020533e+00 4.00000000e-04 -1.15909091e-01 1.70000000e+01 2.00000000e+00
1.57255336e+03 9.99608690e-01 4.00000000e-04 -1.11363636e-01 1.80000000e+01 2.00000000e+00
1.57257514e+03 9.99995675e-01 4.00000000e-04 -1.06818182e-01 1.80000000e+01 2.00000000e+00
1.57259691e+03 9.99398093e-01 8.81528397e-04 -1.02272727e-01 1.80000000e+01 2.00000000e+00
1.57261869e+03 1.00022559e+00 4.00000000e-04 -9.77272727e-02 1.80000000e+01 2.00000000e+00
1.57264047e+03 9.99427131e-01 4.00000000e-04 -9.31818182e-02 1.70000000e+01 2.00000000e+00
1.57266225e+03 9.99972625e-01 7.68980249e-04 -8.86363636e-02 1.60000000e+01 2.00000000e+00
1.57268402e+03 9.99381972e-01 4.00000000e-04 -8.40909091e-02 1.70000000e+01 2.00000000e+00
1.57270580e+03 1.00025468e+00 4.59163379e-04 -7.95454545e-02 1.80000000e+01 2.00000000e+00
1.57272758e+03 9.99651695e-01 8.56229457e-04 -7.50000000e-02 1.80000000e+01 2.00000000e+00
1.57274935e+03 9.98915599e-01 4.00000000e-04 -7.04545455e-02 1.70000000e+01 2.00000000e+00
1.57277113e+03 9.99159145e-01 5.75628974e-04 -6.59090909e-02 1.90000000e+01 2.00000000e+00
1.57279291e+03 9.99433729e-01 4.00000000e-04 -6.13636364e-02 1.70000000e+01 2.00000000e+00
1.57281469e+03 9.98711368e-01 4.00000000e-04 -5.68181818e-02 1.70000000e+01 2.00000000e+00
1.57283646e+03 9.99163088e-01 4.00000000e-04 -5.22727273e-02 1.90000000e+01 2.00000000e+00
1.57285824e+03 9.99253090e-01 4.00000000e-04 -4.77272727e-02 2.00000000e+01 2.00000000e+00
1.57288002e+03 9.99294776e-01 4.89931070e-04 -4.31818182e-02 2.20000000e+01 2.00000000e+00
1.57290179e+03 9.99695852e-01 1.03086757e-03 -3.86363636e-02 2.30000000e+01 2.00000000e+00
1.57292357e+03 9.99340947e-01 7.21210049e-04 -3.40909091e-02 2.30000000e+01 2.00000000e+00
1.57294535e+03 9.98202853e-01 2.19774000e-03 -2.95454545e-02 2.40000000e+01 2.00000000e+00
1.57296713e+03 9.95933287e-01 3.59338086e-03 -2.50000000e-02 1.80000000e+01 2.00000000e+00
1.57298890e+03 9.99528470e-01 4.00000000e-04 -2.04545455e-02 1.50000000e+01 1.00000000e+00
1.57301068e+03 1.00020881e+00 4.00000000e-04 -1.59090909e-02 1.50000000e+01 1.00000000e+00
1.57303246e+03 9.99429529e-01 4.00000000e-04 -1.13636364e-02 1.60000000e+01 1.00000000e+00
1.57305423e+03 9.95748789e-01 4.00000000e-04 -6.81818182e-03 1.60000000e+01 1.00000000e+00
1.57307601e+03 9.92788541e-01 4.00000000e-04 -2.27272727e-03 1.50000000e+01 1.00000000e+00
1.57309779e+03 9.90633572e-01 4.00000000e-04 2.27272727e-03 8.00000000e+00 1.00000000e+00
1.57311957e+03 9.93120283e-01 4.00000000e-04 6.81818182e-03 3.00000000e+00 1.00000000e+00
1.57314134e+03 9.94740173e-01 4.00000000e-04 1.13636364e-02 4.00000000e+00 1.00000000e+00
1.57316312e+03 9.98801842e-01 4.00000000e-04 1.59090909e-02 5.00000000e+00 1.00000000e+00
1.57318490e+03 9.99085060e-01 4.00000000e-04 2.04545455e-02 5.00000000e+00 1.00000000e+00
1.57320667e+03 9.95308706e-01 4.64040281e-03 2.50000000e-02 1.00000000e+01 2.00000000e+00
1.57322845e+03 9.95987719e-01 3.87505067e-03 2.95454545e-02 2.10000000e+01 2.00000000e+00
1.57325023e+03 9.99172886e-01 1.90256186e-03 3.40909091e-02 2.10000000e+01 2.00000000e+00
1.57327201e+03 9.99917819e-01 4.00000000e-04 3.86363636e-02 2.10000000e+01 2.00000000e+00
1.57329378e+03 9.99521913e-01 4.98440580e-04 4.31818182e-02 2.00000000e+01 2.00000000e+00
1.57331556e+03 9.99589327e-01 4.00000000e-04 4.77272727e-02 2.00000000e+01 2.00000000e+00
1.57333734e+03 9.99916017e-01 4.00000000e-04 5.22727273e-02 2.10000000e+01 2.00000000e+00
1.57335911e+03 9.99247526e-01 4.00000000e-04 5.68181818e-02 2.10000000e+01 2.00000000e+00
1.57338089e+03 9.99893351e-01 4.00000000e-04 6.13636364e-02 2.20000000e+01 2.00000000e+00
1.57340267e+03 9.99481975e-01 7.74426199e-04 6.59090909e-02 2.10000000e+01 2.00000000e+00
1.57342445e+03 1.00020998e+00 4.00000000e-04 7.04545455e-02 2.40000000e+01 2.00000000e+00
1.57344622e+03 9.99829245e-01 4.00000000e-04 7.50000000e-02 1.90000000e+01 2.00000000e+00
1.57346800e+03 1.00016381e+00 4.86936440e-04 7.95454545e-02 2.20000000e+01 2.00000000e+00
1.57348978e+03 1.00046585e+00 4.00000000e-04 8.40909091e-02 2.00000000e+01 2.00000000e+00
1.57351155e+03 9.99705962e-01 4.00000000e-04 8.86363636e-02 2.10000000e+01 2.00000000e+00
1.57353333e+03 1.00005978e+00 4.00000000e-04 9.31818182e-02 2.10000000e+01 2.00000000e+00
1.57355511e+03 1.00114271e+00 4.00000000e-04 9.77272727e-02 2.10000000e+01 2.00000000e+00
1.57357689e+03 1.00025084e+00 4.00000000e-04 1.02272727e-01 2.10000000e+01 2.00000000e+00
1.57359866e+03 1.00002168e+00 4.16650950e-04 1.06818182e-01 2.00000000e+01 2.00000000e+00
1.57362044e+03 9.99797077e-01 7.34093827e-04 1.11363636e-01 2.00000000e+01 2.00000000e+00
1.57364222e+03 1.00092246e+00 4.99156608e-04 1.15909091e-01 2.10000000e+01 2.00000000e+00
1.57366400e+03 1.00061285e+00 4.00000000e-04 1.20454545e-01 2.00000000e+01 2.00000000e+00
1.57368577e+03 1.00031852e+00 4.00000000e-04 1.25000000e-01 2.20000000e+01 2.00000000e+00
1.57370755e+03 1.00080994e+00 4.00000000e-04 1.29545455e-01 2.20000000e+01 2.00000000e+00
1.57372933e+03 1.00139600e+00 4.00000000e-04 1.34090909e-01 2.20000000e+01 2.00000000e+00
1.57375110e+03 1.00067085e+00 8.85056903e-04 1.38636364e-01 2.20000000e+01 2.00000000e+00
1.57377288e+03 1.00008055e+00 5.04649996e-04 1.43181818e-01 2.10000000e+01 2.00000000e+00
1.57379466e+03 1.00023465e+00 4.00000000e-04 1.47727273e-01 2.10000000e+01 2.00000000e+00
1.57381644e+03 1.00108277e+00 8.58614468e-04 1.52272727e-01 2.00000000e+01 2.00000000e+00
1.57383821e+03 1.00024129e+00 4.00000000e-04 1.56818182e-01 2.10000000e+01 2.00000000e+00
1.57385999e+03 1.00024440e+00 4.00000000e-04 1.61363636e-01 2.20000000e+01 2.00000000e+00
1.57388177e+03 1.00052158e+00 4.00000000e-04 1.65909091e-01 2.20000000e+01 2.00000000e+00
1.57390354e+03 1.00030999e+00 6.50786176e-04 1.70454545e-01 2.20000000e+01 2.00000000e+00
1.57392532e+03 1.00013794e+00 6.33667825e-04 1.75000000e-01 2.10000000e+01 2.00000000e+00
1.57394710e+03 1.00009784e+00 9.53798950e-04 1.79545455e-01 2.10000000e+01 2.00000000e+00
1.57396888e+03 1.00035701e+00 6.17280702e-04 1.84090909e-01 2.20000000e+01 2.00000000e+00
1.57399065e+03 9.99000353e-01 4.97068020e-04 1.88636364e-01 2.10000000e+01 2.00000000e+00
1.57401243e+03 1.00012352e+00 4.00000000e-04 1.93181818e-01 2.20000000e+01 2.00000000e+00
1.57403421e+03 1.00043928e+00 6.73194535e-04 1.97727273e-01 2.20000000e+01 2.00000000e+00
1.57405598e+03 9.99709243e-01 4.00000000e-04 2.02272727e-01 2.30000000e+01 2.00000000e+00
1.57407776e+03 1.00018862e+00 4.00000000e-04 2.06818182e-01 2.10000000e+01 2.00000000e+00
1.57409954e+03 1.00032444e+00 5.83276997e-04 2.11363636e-01 1.90000000e+01 2.00000000e+00
1.57412132e+03 9.99838551e-01 4.00000000e-04 2.15909091e-01 1.80000000e+01 2.00000000e+00
1.57414309e+03 9.99877168e-01 4.00000000e-04 2.20454545e-01 2.00000000e+01 2.00000000e+00
1.57416487e+03 1.00049669e+00 4.00000000e-04 2.25000000e-01 2.30000000e+01 2.00000000e+00
1.57418665e+03 1.00011890e+00 4.00000000e-04 2.29545455e-01 2.20000000e+01 2.00000000e+00
1.57420842e+03 9.99913976e-01 4.00000000e-04 2.34090909e-01 2.20000000e+01 2.00000000e+00
1.57423020e+03 1.00048613e+00 4.00000000e-04 2.38636364e-01 2.10000000e+01 2.00000000e+00
1.57425198e+03 1.00037743e+00 9.58181080e-04 2.43181818e-01 2.00000000e+01 2.00000000e+00
1.57427376e+03 1.00031026e+00 4.00000000e-04 2.47727273e-01 2.20000000e+01 2.00000000e+00
1.57429553e+03 1.00066095e+00 4.00000000e-04 2.52272727e-01 2.50000000e+01 2.00000000e+00
1.57431731e+03 1.00016982e+00 4.00000000e-04 2.56818182e-01 2.50000000e+01 2.00000000e+00
1.57433909e+03 9.99983644e-01 4.00000000e-04 2.61363636e-01 2.40000000e+01 2.00000000e+00
1.57436086e+03 1.00058563e+00 4.00000000e-04 2.65909091e-01 2.60000000e+01 2.00000000e+00
1.57438264e+03 1.00002811e+00 5.49083014e-04 2.70454545e-01 2.60000000e+01 2.00000000e+00
1.57440442e+03 1.00042237e+00 4.00000000e-04 2.75000000e-01 2.60000000e+01 2.00000000e+00
1.57442620e+03 1.00003658e+00 4.00000000e-04 2.79545455e-01 2.50000000e+01 2.00000000e+00
1.57444797e+03 1.00106713e+00 4.00000000e-04 2.84090909e-01 2.60000000e+01 2.00000000e+00
1.57446975e+03 1.00046820e+00 7.95248656e-04 2.88636364e-01 2.50000000e+01 2.00000000e+00
1.57449153e+03 1.00093410e+00 4.31078957e-04 2.93181818e-01 2.50000000e+01 2.00000000e+00
1.57451330e+03 1.00035948e+00 4.00000000e-04 2.97727273e-01 2.50000000e+01 2.00000000e+00
1.57453508e+03 1.00068510e+00 4.00000000e-04 3.02272727e-01 2.60000000e+01 2.00000000e+00
1.57455686e+03 1.00066811e+00 4.00000000e-04 3.06818182e-01 2.30000000e+01 2.00000000e+00
1.57457864e+03 1.00060266e+00 5.13623928e-04 3.11363636e-01 2.40000000e+01 2.00000000e+00
1.57460041e+03 1.00016912e+00 4.00000000e-04 3.15909091e-01 2.40000000e+01 2.00000000e+00
1.57462219e+03 1.00122623e+00 4.28033481e-04 3.20454545e-01 2.40000000e+01 2.00000000e+00
1.57464397e+03 1.00031693e+00 4.74729901e-04 3.25000000e-01 2.60000000e+01 2.00000000e+00
1.57466575e+03 1.00019425e+00 8.95796529e-04 3.29545455e-01 2.50000000e+01 2.00000000e+00
1.57468752e+03 1.00035722e+00 4.00000000e-04 3.34090909e-01 2.50000000e+01 2.00000000e+00
1.57470930e+03 1.00006351e+00 1.20871260e-03 3.38636364e-01 2.50000000e+01 2.00000000e+00
1.57473108e+03 9.99521362e-01 5.37783566e-04 3.43181818e-01 2.40000000e+01 2.00000000e+00
1.57475285e+03 9.99668962e-01 6.00695964e-04 3.47727273e-01 2.40000000e+01 2.00000000e+00
1.57477463e+03 9.99945835e-01 4.00000000e-04 3.52272727e-01 2.50000000e+01 2.00000000e+00
1.57479641e+03 1.00021452e+00 4.00000000e-04 3.56818182e-01 2.50000000e+01 2.00000000e+00
1.57481819e+03 9.99395594e-01 5.04807511e-04 3.61363636e-01 2.50000000e+01 2.00000000e+00
1.57483996e+03 1.00065198e+00 4.00000000e-04 3.65909091e-01 2.60000000e+01 2.00000000e+00
1.57486174e+03 9.99235657e-01 6.03870126e-04 3.70454545e-01 2.60000000e+01 2.00000000e+00
1.57488352e+03 1.00054099e+00 4.00000000e-04 3.75000000e-01 2.60000000e+01 2.00000000e+00
1.57490529e+03 1.00037996e+00 4.00000000e-04 3.79545455e-01 2.50000000e+01 2.00000000e+00
1.57492707e+03 9.99561466e-01 4.00000000e-04 3.84090909e-01 2.50000000e+01 2.00000000e+00
1.57494885e+03 9.99655462e-01 4.00000000e-04 3.88636364e-01 2.60000000e+01 2.00000000e+00
1.57497063e+03 9.99581605e-01 4.00000000e-04 3.93181818e-01 2.50000000e+01 2.00000000e+00
1.57499240e+03 9.99381859e-01 6.61849745e-04 3.97727273e-01 2.50000000e+01 2.00000000e+00
1.57501418e+03 1.00015139e+00 4.00000000e-04 4.02272727e-01 2.60000000e+01 2.00000000e+00
1.57503596e+03 1.00017721e+00 4.00000000e-04 4.06818182e-01 2.40000000e+01 2.00000000e+00
1.57505773e+03 1.00045949e+00 4.00000000e-04 4.11363636e-01 2.40000000e+01 2.00000000e+00
1.57507951e+03 9.99741985e-01 4.00000000e-04 4.15909091e-01 2.40000000e+01 2.00000000e+00
1.57510129e+03 1.00007291e+00 4.00000000e-04 4.20454545e-01 2.50000000e+01 2.00000000e+00
1.57512307e+03 9.99696716e-01 4.54541438e-04 4.25000000e-01 2.50000000e+01 2.00000000e+00
1.57514484e+03 9.99804169e-01 7.45392489e-04 4.29545455e-01 2.60000000e+01 2.00000000e+00
1.57516662e+03 1.00052992e+00 4.00000000e-04 4.34090909e-01 2.50000000e+01 2.00000000e+00
1.57518840e+03 9.99935698e-01 4.00000000e-04 4.38636364e-01 2.50000000e+01 2.00000000e+00
1.57521017e+03 9.99783839e-01 4.00000000e-04 4.43181818e-01 2.10000000e+01 2.00000000e+00
1.57523195e+03 1.00013618e+00 4.00000000e-04 4.47727273e-01 2.30000000e+01 2.00000000e+00
1.57525373e+03 1.00019437e+00 4.00000000e-04 4.52272727e-01 2.50000000e+01 2.00000000e+00
1.57527551e+03 9.99994025e-01 4.00000000e-04 4.56818182e-01 2.50000000e+01 2.00000000e+00
1.57529728e+03 9.99718836e-01 4.00000000e-04 4.61363636e-01 2.50000000e+01 2.00000000e+00
1.57531906e+03 9.99803986e-01 4.00000000e-04 4.65909091e-01 2.70000000e+01 2.00000000e+00
1.57534084e+03 9.99477852e-01 4.00000000e-04 4.70454545e-01 2.60000000e+01 2.00000000e+00
1.57536261e+03 9.99449631e-01 4.00000000e-04 4.75000000e-01 2.60000000e+01 2.00000000e+00
1.57538439e+03 9.99281101e-01 8.33641568e-04 4.79545455e-01 2.50000000e+01 2.00000000e+00
1.57540617e+03 9.98074979e-01 1.67092067e-03 4.84090909e-01 2.50000000e+01 2.00000000e+00
1.57542795e+03 9.98110106e-01 1.02409545e-03 4.88636364e-01 2.60000000e+01 2.00000000e+00
1.57544972e+03 9.98302200e-01 4.00000000e-04 4.93181818e-01 2.50000000e+01 2.00000000e+00
1.57547150e+03 9.98015180e-01 4.00000000e-04 4.97727273e-01 2.50000000e+01 2.00000000e+00
1.57549328e+03 9.98584936e-01 4.00000000e-04 5.02272727e-01 2.50000000e+01 2.00000000e+00
1.57551506e+03 9.97775044e-01 4.00000000e-04 5.06818182e-01 2.50000000e+01 2.00000000e+00
1.57553683e+03 9.98580636e-01 1.57583133e-03 5.11363636e-01 2.40000000e+01 2.00000000e+00
1.57555861e+03 9.98634876e-01 1.22242432e-03 5.15909091e-01 2.40000000e+01 2.00000000e+00
1.57558039e+03 9.98366687e-01 1.39694580e-03 5.20454545e-01 2.50000000e+01 2.00000000e+00
1.57560216e+03 9.98860507e-01 5.70414973e-04 5.25000000e-01 2.40000000e+01 2.00000000e+00
1.57562394e+03 9.99665420e-01 4.00000000e-04 5.29545455e-01 2.20000000e+01 2.00000000e+00
1.57564572e+03 9.99979784e-01 4.00000000e-04 5.34090909e-01 2.20000000e+01 2.00000000e+00
1.57566750e+03 9.99531638e-01 4.00000000e-04 5.38636364e-01 2.10000000e+01 2.00000000e+00
1.57568927e+03 9.99831440e-01 4.00000000e-04 5.43181818e-01 2.00000000e+01 2.00000000e+00
1.57571105e+03 1.00042771e+00 4.00000000e-04 5.47727273e-01 2.10000000e+01 2.00000000e+00
1.57573283e+03 9.99842378e-01 4.00000000e-04 5.52272727e-01 2.20000000e+01 2.00000000e+00
1.57575460e+03 9.99668961e-01 4.00000000e-04 5.56818182e-01 2.20000000e+01 2.00000000e+00
1.57577638e+03 9.99828070e-01 4.00000000e-04 5.61363636e-01 2.20000000e+01 2.00000000e+00
1.57579816e+03 1.00010038e+00 5.66704577e-04 5.65909091e-01 2.30000000e+01 2.00000000e+00
1.57581994e+03 9.99948010e-01 5.02105110e-04 5.70454545e-01 2.30000000e+01 2.00000000e+00
1.57584171e+03 9.99978265e-01 4.00000000e-04 5.75000000e-01 2.30000000e+01 2.00000000e+00
1.57586349e+03 9.99718935e-01 4.26151681e-04 5.79545455e-01 2.20000000e+01 2.00000000e+00
1.57588527e+03 1.00004867e+00 4.00000000e-04 5.84090909e-01 2.20000000e+01 2.00000000e+00
1.57590704e+03 1.00038620e+00 9.16882910e-04 5.88636364e-01 2.20000000e+01 2.00000000e+00
1.57592882e+03 1.00016090e+00 4.00000000e-04 5.93181818e-01 2.30000000e+01 2.00000000e+00
1.57595060e+03 1.00017114e+00 4.00000000e-04 5.97727273e-01 2.20000000e+01 2.00000000e+00
1.57597238e+03 9.99876964e-01 9.76838681e-04 6.02272727e-01 2.10000000e+01 2.00000000e+00
1.57599415e+03 9.99775791e-01 4.26375767e-04 6.06818182e-01 1.90000000e+01 2.00000000e+00
1.57601593e+03 1.00075955e+00 4.47189838e-04 6.11363636e-01 1.90000000e+01 2.00000000e+00
1.57603771e+03 1.00018780e+00 5.61861956e-04 6.15909091e-01 1.90000000e+01 2.00000000e+00
1.57605948e+03 1.00045641e+00 9.78365874e-04 6.20454545e-01 2.00000000e+01 2.00000000e+00
1.57608126e+03 1.00062409e+00 4.00000000e-04 6.25000000e-01 2.00000000e+01 2.00000000e+00
1.57610304e+03 1.00024653e+00 4.00000000e-04 6.29545455e-01 2.10000000e+01 2.00000000e+00
1.57612482e+03 9.99678597e-01 5.53005964e-04 6.34090909e-01 2.10000000e+01 2.00000000e+00
1.57614659e+03 1.00003924e+00 6.00632014e-04 6.38636364e-01 1.90000000e+01 2.00000000e+00
1.57616837e+03 9.99724512e-01 4.00000000e-04 6.43181818e-01 1.90000000e+01 2.00000000e+00
1.57619015e+03 1.00047831e+00 4.00000000e-04 6.47727273e-01 1.90000000e+01 2.00000000e+00
1.57621192e+03 1.00048525e+00 4.00000000e-04 6.52272727e-01 1.90000000e+01 2.00000000e+00
1.57623370e+03 1.00031868e+00 4.00000000e-04 6.56818182e-01 1.90000000e+01 2.00000000e+00
1.57625548e+03 1.00055108e+00 4.00000000e-04 6.61363636e-01 2.00000000e+01 2.00000000e+00
1.57627726e+03 9.99700863e-01 4.00000000e-04 6.65909091e-01 2.00000000e+01 2.00000000e+00
1.57629903e+03 1.00022046e+00 4.00000000e-04 6.70454545e-01 2.00000000e+01 2.00000000e+00
1.57632081e+03 1.00073946e+00 9.50412234e-04 6.75000000e-01 1.90000000e+01 2.00000000e+00
1.57634259e+03 9.99934380e-01 4.00000000e-04 6.79545455e-01 2.10000000e+01 2.00000000e+00
1.57636436e+03 9.99861579e-01 4.00000000e-04 6.84090909e-01 1.90000000e+01 2.00000000e+00
1.57638614e+03 1.00069175e+00 4.00000000e-04 6.88636364e-01 2.00000000e+01 2.00000000e+00
1.57640792e+03 1.00044465e+00 5.05108128e-04 6.93181818e-01 2.10000000e+01 2.00000000e+00
1.57642970e+03 9.99661637e-01 5.61308686e-04 6.97727273e-01 1.80000000e+01 2.00000000e+00
1.57645147e+03 9.99938114e-01 4.00000000e-04 7.02272727e-01 1.60000000e+01 2.00000000e+00
1.57647325e+03 1.00017537e+00 5.69441311e-04 7.06818182e-01 1.60000000e+01 2.00000000e+00
1.57649503e+03 1.00120077e+00 7.49175221e-04 7.11363636e-01 1.60000000e+01 2.00000000e+00
1.57651681e+03 9.99973078e-01 4.41711126e-04 7.15909091e-01 1.60000000e+01 2.00000000e+00
1.57653858e+03 1.00031720e+00 4.00000000e-04 7.20454545e-01 1.70000000e+01 2.00000000e+00
1.57656036e+03 1.00062544e+00 6.28632044e-04 7.25000000e-01 1.70000000e+01 2.00000000e+00
1.57658214e+03 9.99509183e-01 1.05952911e-03 7.29545455e-01 1.60000000e+01 2.00000000e+00
1.57660391e+03 1.00070608e+00 5.42377726e-04 7.34090909e-01 1.70000000e+01 2.00000000e+00
1.57662569e+03 9.99520212e-01 5.96586669e-04 7.38636364e-01 1.60000000e+01 2.00000000e+00
1.57664747e+03 1.00028464e+00 4.00000000e-04 7.43181818e-01 1.60000000e+01 2.00000000e+00
1.57666925e+03 1.00084707e+00 4.00000000e-04 7.47727273e-01 1.60000000e+01 2.00000000e+00
1.57669102e+03 9.99986639e-01 5.09476367e-04 7.52272727e-01 1.60000000e+01 2.00000000e+00
1.57671280e+03 1.00084702e+00 4.00000000e-04 7.56818182e-01 1.80000000e+01 2.00000000e+00
1.57673458e+03 1.00021174e+00 7.50972891e-04 7.61363636e-01 1.60000000e+01 2.00000000e+00
1.57675635e+03 1.00022334e+00 4.00000000e-04 7.65909091e-01 1.70000000e+01 2.00000000e+00
1.57677813e+03 1.00011290e+00 4.00000000e-04 7.70454545e-01 1.90000000e+01 2.00000000e+00
1.57679991e+03 1.00006562e+00 4.40722002e-04 7.75000000e-01 1.50000000e+01 2.00000000e+00
1.57682169e+03 1.00037459e+00 4.00000000e-04 7.79545455e-01 1.80000000e+01 2.00000000e+00
1.57684346e+03 1.00079046e+00 4.00000000e-04 7.84090909e-01 1.60000000e+01 2.00000000e+00
1.57686524e+03 1.00048340e+00 7.05233620e-04 7.88636364e-01 1.70000000e+01 2.00000000e+00
1.57688702e+03 1.00005024e+00 6.36745538e-04 7.93181818e-01 1.70000000e+01 2.00000000e+00
1.57690879e+03 9.99330325e-01 5.16518178e-04 7.97727273e-01 1.70000000e+01 2.00000000e+00
