# Time Flux Flux_Err Phase N NSector
1.57213959e+03 1.00012657e+00 4.00000000e-04 -1.97727273e-01 9.00000000e+00 2.00000000e+00
1.57216137e+03 9.99334421e-01 4.00000000e-04 -1.93181818e-01 9.00000000e+00 2.00000000e+00
1.57218315e+03 9.99790679e-01 4.00000000e-04 -1.88636364e-01 9.00000000e+00 2.00000000e+00
1.57220492e+03 9.99580248e-01 5.75376844e-04 -1.84090909e-01 8.00000000e+00 2.00000000e+00
1.57222670e+03 9.99028851e-01 5.80611288e-04 -1.79545455e-01 8.00000000e+00 2.00000000e+00
1.57224848e+03 1.00004260e+00 4.00000000e-04 -1.75000000e-01 8.00000000e+00 2.00000000e+00
1.57227026e+03 1.00006417e+00 5.14181915e-04 -1.70454545e-01 8.00000000e+00 2.00000000e+00
1.57229203e+03 1.00012943e+00 4.00000000e-04 -1.65909091e-01 7.00000000e+00 2.00000000e+00
1.57231381e+03 1.00048926e+00 4.00000000e-04 -1.61363636e-01 8.00000000e+00 2.00000000e+00
1.57233559e+03 1.00018622e+00 4.00000000e-04 -1.56818182e-01 8.00000000e+00 2.00000000e+00
1.57235736e+03 1.00032044e+00 6.99401613e-04 -1.52272727e-01 9.00000000e+00 2.00000000e+00
1.57237914e+03 1.00011077e+00 4.42959457e-04 -1.47727273e-01 9.00000000e+00 2.00000000e+00
1.57240092e+03 1.00009796e+00 4.00000000e-04 -1.43181818e-01 9.00000000e+00 2.00000000e+00
1.57242270e+03 1.00006056e+00 4.00000000e-04 -1.38636364e-01 9.00000000e+00 2.00000000e+00
1.57244447e+03 1.00019397e+00 4.00000000e-04 -1.34090909e-01 8.00000000e+00 2.00000000e+00
1.57246625e+03 1.00018671e+00 4.00000000e-04 -1.29545455e-01 1.00000000e+01 2.00000000e+00
1.57248803e+03 9.99955148e-01 5.39622907e-04 -1.25000000e-01 1.00000000e+01 2.00000000e+00
1.57250980e+03 1.00033370e+00 4.00000000e-04 -1.20454545e-01 1.10000000e+01 2.00000000e+00
1.57253158e+03 1.00014716e+00 4.00000000e-04 -1.15909091e-01 9.00000000e+00 2.00000000e+00
1.57255336e+03 1.00013095e+00 4.67467411e-04 -1.11363636e-01 9.00000000e+00 2.00000000e+00
1.57257514e+03 1.00029301e+00 5.94140853e-04 -1.06818182e-01 9.00000000e+00 2.00000000e+00
1.57259691e+03 9.99342742e-01 8.23500553e-04 -1.02272727e-01 9.00000000e+00 2.00000000e+00
1.57261869e+03 1.00013160e+00 4.00000000e-04 -9.77272727e-02 8.00000000e+00 2.00000000e+00
1.57264047e+03 1.00035699e+00 8.55756649e-04 -9.31818182e-02 9.00000000e+00 2.00000000e+00
1.57266225e+03 1.00094956e+00 4.00000000e-04 -8.86363636e-02 8.00000000e+00 2.00000000e+00
1.57268402e+03 1.00052426e+00 8.79745666e-04 -8.40909091e-02 9.00000000e+00 2.00000000e+00
1.57270580e+03 9.99768687e-01 4.00000000e-04 -7.95454545e-02 9.00000000e+00 2.00000000e+00
1.57272758e+03 1.00025795e+00 4.00000000e-04 -7.50000000e-02 9.00000000e+00 2.00000000e+00
1.57274935e+03 1.00004727e+00 1.14443891e-03 -7.04545455e-02 9.00000000e+00 2.00000000e+00
1.57277113e+03 9.99940996e-01 4.00000000e-04 -6.59090909e-02 9.00000000e+00 2.00000000e+00
1.57279291e+03 1.00017033e+00 7.38843406e-04 -6.13636364e-02 9.00000000e+00 2.00000000e+00
1.57281469e+03 9.99622420e-01 8.87845531e-04 -5.68181818e-02 9.00000000e+00 2.00000000e+00
1.57283646e+03 9.99730254e-01 6.30539791e-04 -5.22727273e-02 1.00000000e+01 2.00000000e+00
1.57285824e+03 1.00038561e+00 1.44552795e-03 -4.77272727e-02 1.00000000e+01 2.00000000e+00
1.57288002e+03 9.99753237e-01 9.70561384e-04 -4.31818182e-02 1.10000000e+01 2.00000000e+00
1.57290179e+03 9.99576932e-01 9.06197012e-04 -3.86363636e-02 1.10000000e+01 2.00000000e+00
1.57292357e+03 9.99473900e-01 8.60592717e-04 -3.40909091e-02 1.10000000e+01 2.00000000e+00
1.57294535e+03 9.96826157e-01 7.54472043e-04 -2.95454545e-02 1.20000000e+01 2.00000000e+00
1.57296713e+03 9.93672153e-01 1.22290682e-03 -2.50000000e-02 7.00000000e+00 2.00000000e+00
1.57298890e+03 9.92596465e-01 4.00000000e-04 -2.04545455e-02 4.00000000e+00 1.00000000e+00
1.57309779e+03 9.92638229e-01 4.00000000e-04 2.27272727e-03 4.00000000e+00 1.00000000e+00
1.57311957e+03 9.93914176e-01 8.32282898e-04 6.81818182e-03 7.00000000e+00 2.00000000e+00
1.57314134e+03 9.96555188e-01 1.90278358e-03 1.13636364e-02 8.00000000e+00 2.00000000e+00
1.57316312e+03 9.99605676e-01 8.42704610e-04 1.59090909e-02 9.00000000e+00 2.00000000e+00
1.57318490e+03 9.99708500e-01 6.53587909e-04 2.04545455e-02 9.00000000e+00 2.00000000e+00
1.57320667e+03 1.00009833e+00 4.00000000e-04 2.50000000e-02 1.10000000e+01 2.00000000e+00
1.57322845e+03 9.99730630e-01 4.00000000e-04 2.95454545e-02 1.10000000e+01 2.00000000e+00
1.57325023e+03 1.00034746e+00 6.71193222e-04 3.40909091e-02 9.00000000e+00 2.00000000e+00
1.57327201e+03 1.00005725e+00 4.00000000e-04 3.86363636e-02 9.00000000e+00 2.00000000e+00
1.57329378e+03 9.99772960e-01 7.61626290e-04 4.31818182e-02 9.00000000e+00 2.00000000e+00
1.57331556e+03 1.00011741e+00 5.16868591e-04 4.77272727e-02 1.00000000e+01 2.00000000e+00
1.57333734e+03 1.00013864e+00 4.00000000e-04 5.22727273e-02 1.10000000e+01 2.00000000e+00
1.57335911e+03 9.99116890e-01 4.00000000e-04 5.68181818e-02 9.00000000e+00 2.00000000e+00
1.57338089e+03 9.99385412e-01 4.00000000e-04 6.13636364e-02 1.10000000e+01 2.00000000e+00
1.57340267e+03 1.00011557e+00 4.00000000e-04 6.59090909e-02 9.00000000e+00 2.00000000e+00
1.57342445e+03 9.99767111e-01 4.00000000e-04 7.04545455e-02 1.20000000e+01 2.00000000e+00
1.57344622e+03 9.99215144e-01 4.05887474e-04 7.50000000e-02 8.00000000e+00 2.00000000e+00
1.57346800e+03 1.00013285e+00 5.19396441e-04 7.95454545e-02 1.10000000e+01 2.00000000e+00
1.57348978e+03 9.99865603e-01 4.00000000e-04 8.40909091e-02 9.00000000e+00 2.00000000e+00
1.57351155e+03 9.99239687e-01 4.00000000e-04 8.86363636e-02 9.00000000e+00 2.00000000e+00
1.57353333e+03 9.99173082e-01 8.07633153e-04 9.31818182e-02 9.00000000e+00 2.00000000e+00
1.57355511e+03 9.99954220e-01 1.36070359e-03 9.77272727e-02 9.00000000e+00 2.00000000e+00
1.57357689e+03 9.99975653e-01 5.81811918e-04 1.02272727e-01 9.00000000e+00 2.00000000e+00
1.57359866e+03 9.99169180e-01 1.31037226e-03 1.06818182e-01 1.00000000e+01 2.00000000e+00
1.57362044e+03 9.99467678e-01 4.00000000e-04 1.11363636e-01 1.00000000e+01 2.00000000e+00
1.57364222e+03 1.00078076e+00 6.47716326e-04 1.15909091e-01 1.00000000e+01 2.00000000e+00
1.57366400e+03 9.99763691e-01 6.44015366e-04 1.20454545e-01 1.00000000e+01 2.00000000e+00
1.57368577e+03 1.00025699e+00 4.00000000e-04 1.25000000e-01 9.00000000e+00 2.00000000e+00
1.57370755e+03 1.00032508e+00 4.81622845e-04 1.29545455e-01 1.00000000e+01 2.00000000e+00
1.57372933e+03 1.00074153e+00 4.88538329e-04 1.34090909e-01 1.00000000e+01 2.00000000e+00
1.57375110e+03 1.00086978e+00 6.76499217e-04 1.38636364e-01 1.00000000e+01 2.00000000e+00
1.57377288e+03 9.99614078e-01 4.00000000e-04 1.43181818e-01 1.00000000e+01 2.00000000e+00
1.57379466e+03 1.00071046e+00 4.00000000e-04 1.47727273e-01 1.20000000e+01 2.00000000e+00
1.57381644e+03 1.00121496e+00 7.20033007e-04 1.52272727e-01 1.10000000e+01 2.00000000e+00
1.57383821e+03 1.00007748e+00 4.00000000e-04 1.56818182e-01 9.00000000e+00 2.00000000e+00
1.57385999e+03 1.00000323e+00 4.00000000e-04 1.61363636e-01 1.20000000e+01 2.00000000e+00
1.57388177e+03 9.99736027e-01 8.60341636e-04 1.65909091e-01 1.00000000e+01 2.00000000e+00
1.57390354e+03 1.00027637e+00 6.86031660e-04 1.70454545e-01 1.00000000e+01 2.00000000e+00
1.57392532e+03 9.99454470e-01 4.00000000e-04 1.75000000e-01 1.00000000e+01 2.00000000e+00
1.57394710e+03 1.00038510e+00 6.52649368e-04 1.79545455e-01 1.00000000e+01 2.00000000e+00
1.57396888e+03 1.00019675e+00 7.85297131e-04 1.84090909e-01 1.10000000e+01 2.00000000e+00
1.57399065e+03 9.99478839e-01 9.98691672e-04 1.88636364e-01 9.00000000e+00 2.00000000e+00
1.57401243e+03 1.00044871e+00 4.00000000e-04 1.93181818e-01 1.00000000e+01 2.00000000e+00
1.57403421e+03 1.00063137e+00 4.71815470e-04 1.97727273e-01 1.00000000e+01 2.00000000e+00
1.57405598e+03 9.99733766e-01 4.00000000e-04 2.02272727e-01 1.00000000e+01 2.00000000e+00
1.57407776e+03 9.99688645e-01 4.53860268e-04 2.06818182e-01 9.00000000e+00 2.00000000e+00
1.57409954e+03 1.00003317e+00 4.00000000e-04 2.11363636e-01 1.10000000e+01 2.00000000e+00
1.57412132e+03 1.00010597e+00 4.76691376e-04 2.15909091e-01 9.00000000e+00 2.00000000e+00
1.57414309e+03 9.99436393e-01 4.00000000e-04 2.20454545e-01 1.00000000e+01 2.00000000e+00
1.57416487e+03 1.00029487e+00 4.00000000e-04 2.25000000e-01 1.10000000e+01 2.00000000e+00
1.57418665e+03 9.99910828e-01 4.00000000e-04 2.29545455e-01 1.10000000e+01 2.00000000e+00
1.57420842e+03 1.00018497e+00 5.99430860e-04 2.34090909e-01 1.10000000e+01 2.00000000e+00
1.57423020e+03 1.00050390e+00 4.00000000e-04 2.38636364e-01 1.00000000e+01 2.00000000e+00
1.57425198e+03 1.00032361e+00 1.01459655e-03 2.43181818e-01 9.00000000e+00 2.00000000e+00
1.57427376e+03 1.00013928e+00 4.35626727e-04 2.47727273e-01 1.00000000e+01 2.00000000e+00
1.57429553e+03 1.00128434e+00 5.83633176e-04 2.52272727e-01 1.20000000e+01 2.00000000e+00
1.57431731e+03 1.00144818e+00 9.66685348e-04 2.56818182e-01 1.20000000e+01 2.00000000e+00
1.57433909e+03 1.00001945e+00 4.00000000e-04 2.61363636e-01 1.20000000e+01 2.00000000e+00
1.57436086e+03 1.00055420e+00 4.00000000e-04 2.65909091e-01 1.10000000e+01 2.00000000e+00
1.57438264e+03 1.00063427e+00 4.00000000e-04 2.70454545e-01 1.30000000e+01 2.00000000e+00
1.57440442e+03 1.00109642e+00 7.56247697e-04 2.75000000e-01 1.30000000e+01 2.00000000e+00
1.57442620e+03 1.00039252e+00 7.64174844e-04 2.79545455e-01 1.20000000e+01 2.00000000e+00
1.57444797e+03 1.00077386e+00 5.08835559e-04 2.84090909e-01 1.20000000e+01 2.00000000e+00
1.57446975e+03 1.00140486e+00 4.00000000e-04 2.88636364e-01 1.00000000e+01 2.00000000e+00
1.57449153e+03 1.00086803e+00 5.00341251e-04 2.93181818e-01 1.00000000e+01 2.00000000e+00
1.57451330e+03 1.00073239e+00 6.55314552e-04 2.97727273e-01 1.00000000e+01 2.00000000e+00
1.57453508e+03 1.00001646e+00 4.40269898e-04 3.02272727e-01 1.00000000e+01 2.00000000e+00
1.57455686e+03 1.00075464e+00 4.00000000e-04 3.06818182e-01 1.00000000e+01 2.00000000e+00
1.57457864e+03 1.00080771e+00 4.00000000e-04 3.11363636e-01 1.00000000e+01 2.00000000e+00
1.57460041e+03 1.00049278e+00 4.00000000e-04 3.15909091e-01 1.00000000e+01 2.00000000e+00
1.57462219e+03 1.00069405e+00 9.85950996e-04 3.20454545e-01 1.00000000e+01 2.00000000e+00
1.57464397e+03 1.00034431e+00 4.46026948e-04 3.25000000e-01 1.10000000e+01 2.00000000e+00
1.57466575e+03 1.00094726e+00 4.00000000e-04 3.29545455e-01 1.10000000e+01 2.00000000e+00
1.57468752e+03 1.00073167e+00 4.00000000e-04 3.34090909e-01 1.00000000e+01 2.00000000e+00
1.57470930e+03 1.00061648e+00 6.28995562e-04 3.38636364e-01 1.10000000e+01 2.00000000e+00
1.57473108e+03 1.00017562e+00 4.00000000e-04 3.43181818e-01 1.10000000e+01 2.00000000e+00
1.57475285e+03 1.00059227e+00 4.00000000e-04 3.47727273e-01 1.30000000e+01 2.00000000e+00
1.57477463e+03 9.99830694e-01 4.00000000e-04 3.52272727e-01 1.20000000e+01 2.00000000e+00
1.57479641e+03 9.99896013e-01 4.00000000e-04 3.56818182e-01 1.20000000e+01 2.00000000e+00
1.57481819e+03 9.99533521e-01 6.49403656e-04 3.61363636e-01 1.20000000e+01 2.00000000e+00
1.57483996e+03 9.99439676e-01 1.47501010e-03 3.65909091e-01 1.20000000e+01 2.00000000e+00
1.57486174e+03 9.98860856e-01 4.00000000e-04 3.70454545e-01 1.30000000e+01 2.00000000e+00
1.57488352e+03 1.00028643e+00 6.47943558e-04 3.75000000e-01 1.30000000e+01 2.00000000e+00
1.57490529e+03 9.99484555e-01 1.23427730e-03 3.79545455e-01 1.20000000e+01 2.00000000e+00
1.57492707e+03 9.99451250e-01 4.00000000e-04 3.84090909e-01 1.20000000e+01 2.00000000e+00
1.57494885e+03 9.99616363e-01 4.00000000e-04 3.88636364e-01 1.10000000e+01 2.00000000e+00
1.57497063e+03 9.99506515e-01 4.00000000e-04 3.93181818e-01 1.10000000e+01 2.00000000e+00
1.57499240e+03 9.99192600e-01 4.63439101e-04 3.97727273e-01 1.20000000e+01 2.00000000e+00
1.57501418e+03 9.99739194e-01 5.00250830e-04 4.02272727e-01 1.20000000e+01 2.00000000e+00
1.57503596e+03 9.99475921e-01 5.20079707e-04 4.06818182e-01 1.10000000e+01 2.00000000e+00
1.57505773e+03 1.00004163e+00 6.78570507e-04 4.11363636e-01 1.20000000e+01 2.00000000e+00
1.57507951e+03 9.99273187e-01 4.14128866e-04 4.15909091e-01 1.10000000e+01 2.00000000e+00
1.57510129e+03 9.99684309e-01 7.23392990e-04 4.20454545e-01 1.20000000e+01 2.00000000e+00
1.57512307e+03 9.99647956e-01 5.05659825e-04 4.25000000e-01 1.20000000e+01 2.00000000e+00
1.57514484e+03 1.00039997e+00 4.00000000e-04 4.29545455e-01 1.20000000e+01 2.00000000e+00
1.57516662e+03 1.00007678e+00 5.96453527e-04 4.34090909e-01 1.10000000e+01 2.00000000e+00
1.57518840e+03 1.00008759e+00 4.00000000e-04 4.38636364e-01 1.10000000e+01 2.00000000e+00
1.57521017e+03 9.99693969e-01 4.00000000e-04 4.43181818e-01 1.10000000e+01 2.00000000e+00
1.57523195e+03 9.99484114e-01 4.00000000e-04 4.47727273e-01 1.10000000e+01 2.00000000e+00
1.57525373e+03 9.99812417e-01 4.00000000e-04 4.52272727e-01 1.30000000e+01 2.00000000e+00
1.57527551e+03 1.00001850e+00 4.00000000e-04 4.56818182e-01 1.30000000e+01 2.00000000e+00
1.57529728e+03 9.99709465e-01 4.00000000e-04 4.61363636e-01 1.20000000e+01 2.00000000e+00
1.57531906e+03 9.99572459e-01 4.00000000e-04 4.65909091e-01 1.30000000e+01 2.00000000e+00
1.57534084e+03 9.99146884e-01 4.00000000e-04 4.70454545e-01 1.30000000e+01 2.00000000e+00
1.57536261e+03 9.98686513e-01 8.16831433e-04 4.75000000e-01 1.40000000e+01 2.00000000e+00
1.57538439e+03 9.98813894e-01 4.00000000e-04 4.79545455e-01 1.30000000e+01 2.00000000e+00
1.57540617e+03 9.96787754e-01 4.00000000e-04 4.84090909e-01 1.30000000e+01 2.00000000e+00
1.57542795e+03 9.97607120e-01 4.96787060e-04 4.88636364e-01 1.20000000e+01 2.00000000e+00
1.57544972e+03 9.97603642e-01 5.25164236e-04 4.93181818e-01 1.20000000e+01 2.00000000e+00
1.57547150e+03 9.98384428e-01 4.73974822e-04 4.97727273e-01 1.20000000e+01 2.00000000e+00
1.57549328e+03 9.98894985e-01 4.00000000e-04 5.02272727e-01 1.20000000e+01 2.00000000e+00
1.57551506e+03 9.98903162e-01 8.20302804e-04 5.06818182e-01 1.20000000e+01 2.00000000e+00
1.57553683e+03 9.99449477e-01 6.64975944e-04 5.11363636e-01 1.20000000e+01 2.00000000e+00
1.57555861e+03 9.99692062e-01 4.00000000e-04 5.15909091e-01 1.20000000e+01 2.00000000e+00
1.57558039e+03 1.00001203e+00 4.00000000e-04 5.20454545e-01 1.20000000e+01 2.00000000e+00
1.57560216e+03 9.99602685e-01 4.00000000e-04 5.25000000e-01 1.20000000e+01 2.00000000e+00
1.57562394e+03 9.99705017e-01 4.00000000e-04 5.29545455e-01 1.10000000e+01 2.00000000e+00
1.57564572e+03 1.00006659e+00 4.00000000e-04 5.34090909e-01 1.20000000e+01 2.00000000e+00
1.57566750e+03 9.99234271e-01 4.00000000e-04 5.38636364e-01 1.20000000e+01 2.00000000e+00
1.57568927e+03 1.00014148e+00 4.00000000e-04 5.43181818e-01 1.10000000e+01 2.00000000e+00
1.57571105e+03 9.99385387e-01 7.36442407e-04 5.47727273e-01 1.30000000e+01 2.00000000e+00
1.57573283e+03 1.00020919e+00 4.89196959e-04 5.52272727e-01 1.30000000e+01 2.00000000e+00
1.57575460e+03 9.99664062e-01 4.00000000e-04 5.56818182e-01 1.30000000e+01 2.00000000e+00
1.57577638e+03 1.00070336e+00 5.95931446e-04 5.61363636e-01 1.30000000e+01 2.00000000e+00
1.57579816e+03 1.00042607e+00 4.00000000e-04 5.65909091e-01 1.40000000e+01 2.00000000e+00
1.57581994e+03 1.00003859e+00 5.97070485e-04 5.70454545e-01 1.30000000e+01 2.00000000e+00
1.57584171e+03 1.00005599e+00 4.00000000e-04 5.75000000e-01 1.40000000e+01 2.00000000e+00
1.57586349e+03 9.99477967e-01 4.00000000e-04 5.79545455e-01 1.30000000e+01 2.00000000e+00
1.57588527e+03 9.99812146e-01 4.00000000e-04 5.84090909e-01 1.30000000e+01 2.00000000e+00
1.57590704e+03 9.99962832e-01 4.73037592e-04 5.88636364e-01 1.20000000e+01 2.00000000e+00
1.57592882e+03 1.00005156e+00 4.00000000e-04 5.93181818e-01 1.20000000e+01 2.00000000e+00
1.57595060e+03 1.00047764e+00 4.00000000e-04 5.97727273e-01 1.20000000e+01 2.00000000e+00
1.57597238e+03 9.99593839e-01 6.80022743e-04 6.02272727e-01 1.10000000e+01 2.00000000e+00
1.57599415e+03 1.00022476e+00 8.97053770e-04 6.06818182e-01 1.00000000e+01 2.00000000e+00
1.57601593e+03 1.00033612e+00 4.00000000e-04 6.11363636e-01 1.00000000e+01 2.00000000e+00
1.57603771e+03 1.00018354e+00 5.57395957e-04 6.15909091e-01 1.00000000e+01 2.00000000e+00
1.57605948e+03 1.00027271e+00 7.85790645e-04 6.20454545e-01 1.00000000e+01 2.00000000e+00
1.57608126e+03 1.00031792e+00 4.00000000e-04 6.25000000e-01 1.00000000e+01 2.00000000e+00
1.57610304e+03 1.00008390e+00 4.00000000e-04 6.29545455e-01 1.00000000e+01 2.00000000e+00
1.57612482e+03 9.99825935e-01 7.07468192e-04 6.34090909e-01 1.10000000e+01 2.00000000e+00
1.57614659e+03 9.99808912e-01 4.00000000e-04 6.38636364e-01 1.00000000e+01 2.00000000e+00
1.57616837e+03 1.00037881e+00 4.22574951e-04 6.43181818e-01 1.00000000e+01 2.00000000e+00
1.57619015e+03 1.00003125e+00 4.21881201e-04 6.47727273e-01 1.10000000e+01 2.00000000e+00
1.57621192e+03 1.00049409e+00 4.00000000e-04 6.52272727e-01 1.10000000e+01 2.00000000e+00
1.57623370e+03 9.99915109e-01 4.00000000e-04 6.56818182e-01 1.00000000e+01 2.00000000e+00
1.57625548e+03 1.00048293e+00 4.00000000e-04 6.61363636e-01 1.10000000e+01 2.00000000e+00
1.57627726e+03 9.99657147e-01 4.00000000e-04 6.65909091e-01 1.10000000e+01 2.00000000e+00
1.57629903e+03 1.00054446e+00 4.00000000e-04 6.70454545e-01 1.00000000e+01 2.00000000e+00
1.57632081e+03 1.00127819e+00 4.00000000e-04 6.75000000e-01 1.00000000e+01 2.00000000e+00
1.57634259e+03 9.99995885e-01 4.00000000e-04 6.79545455e-01 1.10000000e+01 2.00000000e+00
1.57636436e+03 9.99775217e-01 4.00000000e-04 6.84090909e-01 1.00000000e+01 2.00000000e+00
1.57638614e+03 1.00107068e+00 4.00000000e-04 6.88636364e-01 1.00000000e+01 2.00000000e+00
1.57640792e+03 1.00006688e+00 4.00000000e-04 6.93181818e-01 1.00000000e+01 2.00000000e+00
1.57642970e+03 9.99542369e-01 4.36273301e-04 6.97727273e-01 1.00000000e+01 2.00000000e+00
1.57645147e+03 9.99893321e-01 4.00000000e-04 7.02272727e-01 9.00000000e+00 2.00000000e+00
1.57647325e+03 9.99440424e-01 4.00000000e-04 7.06818182e-01 1.00000000e+01 2.00000000e+00
1.57649503e+03 1.00011027e+00 4.00000000e-04 7.11363636e-01 1.00000000e+01 2.00000000e+00
1.57651681e+03 9.99659461e-01 4.00000000e-04 7.15909091e-01 9.00000000e+00 2.00000000e+00
1.57653858e+03 1.00040331e+00 4.00000000e-04 7.20454545e-01 9.00000000e+00 2.00000000e+00
1.57656036e+03 9.99532808e-01 5.16840548e-04 7.25000000e-01 9.00000000e+00 2.00000000e+00
1.57658214e+03 9.99179867e-01 7.14288538e-04 7.29545455e-01 9.00000000e+00 2.00000000e+00
1.57660391e+03 9.99724830e-01 4.86321579e-04 7.34090909e-01 8.00000000e+00 2.00000000e+00
1.57662569e+03 9.99390407e-01 4.60505276e-04 7.38636364e-01 9.00000000e+00 2.00000000e+00
1.57664747e+03 1.00017093e+00 4.00000000e-04 7.43181818e-01 9.00000000e+00 2.00000000e+00
1.57666925e+03 1.00044546e+00 4.00000000e-04 7.47727273e-01 1.00000000e+01 2.00000000e+00
1.57669102e+03 9.99505883e-01 4.00000000e-04 7.52272727e-01 1.00000000e+01 2.00000000e+00
1.57671280e+03 1.00074883e+00 4.00000000e-04 7.56818182e-01 1.10000000e+01 2.00000000e+00
1.57673458e+03 1.00038732e+00 5.66900095e-04 7.61363636e-01 1.00000000e+01 2.00000000e+00
1.57675635e+03 1.00040544e+00 4.00000000e-04 7.65909091e-01 9.00000000e+00 2.00000000e+00
1.57677813e+03 1.00058746e+00 4.19662354e-04 7.70454545e-01 1.10000000e+01 2.00000000e+00
1.57679991e+03 1.00049352e+00 4.00000000e-04 7.75000000e-01 8.00000000e+00 2.00000000e+00
1.57682169e+03 1.00029028e+00 4.00000000e-04 7.79545455e-01 1.10000000e+01 2.00000000e+00
1.57684346e+03 1.00005697e+00 7.11583516e-04 7.84090909e-01 9.00000000e+00 2.00000000e+00
1.57686524e+03 1.00073912e+00 4.37146320e-04 7.88636364e-01 9.00000000e+00 2.00000000e+00
1.57688702e+03 9.99782415e-01 4.00000000e-04 7.93181818e-01 9.00000000e+00 2.00000000e+00
1.57690879e+03 9.99430466e-01 6.21501648e-04 7.97727273e-01 9.00000000e+00 2.00000000e+00
