# Time Flux Flux_Err Phase N NSector
1.57213959e+03 1.00033128e+00 4.00000000e-04 -1.97727273e-01 2.20000000e+01 3.00000000e+00
1.57216137e+03 9.99605361e-01 4.63837320e-04 -1.93181818e-01 2.10000000e+01 3.00000000e+00
1.57218315e+03 9.99791044e-01 4.00000000e-04 -1.88636364e-01 2.10000000e+01 3.00000000e+00
1.57220492e+03 1.00012908e+00 4.00000000e-04 -1.84090909e-01 2.00000000e+01 3.00000000e+00
1.57222670e+03 9.99582681e-01 9.48134263e-04 -1.79545455e-01 2.10000000e+01 3.00000000e+00
1.57224848e+03 1.00035205e+00 5.29767858e-04 -1.75000000e-01 2.10000000e+01 3.00000000e+00
1.57227026e+03 1.00031166e+00 4.00000000e-04 -1.70454545e-01 2.00000000e+01 3.00000000e+00
1.57229203e+03 9.99958565e-01 4.00000000e-04 -1.65909091e-01 2.10000000e+01 3.00000000e+00
1.57231381e+03 1.00049971e+00 4.00000000e-04 -1.61363636e-01 2.00000000e+01 3.00000000e+00
1.57233559e+03 9.99923933e-01 4.00000000e-04 -1.56818182e-01 2.00000000e+01 3.00000000e+00
1.57235736e+03 1.00045362e+00 4.57063099e-04 -1.52272727e-01 2.10000000e+01 3.00000000e+00
1.57237914e+03 1.00015813e+00 4.00000000e-04 -1.47727273e-01 2.10000000e+01 3.00000000e+00
1.57240092e+03 9.99843607e-01 4.00000000e-04 -1.43181818e-01 2.30000000e+01 3.00000000e+00
1.57242270e+03 9.99706135e-01 4.00000000e-04 -1.38636364e-01 2.10000000e+01 3.00000000e+00
1.57244447e+03 1.00014162e+00 4.00000000e-04 -1.34090909e-01 2.10000000e+01 3.00000000e+00
1.57246625e+03 1.00001963e+00 4.00000000e-04 -1.29545455e-01 2.30000000e+01 3.00000000e+00
1.57248803e+03 9.99710330e-01 4.00000000e-04 -1.25000000e-01 2.20000000e+01 3.00000000e+00
1.57250980e+03 1.00051816e+00 4.00000000e-04 -1.20454545e-01 2.30000000e+01 3.00000000e+00
1.57253158e+03 1.00007749e+00 4.00000000e-04 -1.15909091e-01 2.10000000e+01 3.00000000e+00
1.57255336e+03 9.99685050e-01 4.00000000e-04 -1.11363636e-01 2.20000000e+01 3.00000000e+00
1.57257514e+03 1.00026507e+00 4.61194056e-04 -1.06818182e-01 2.20000000e+01 3.00000000e+00
1.57259691e+03 1.00012826e+00 4.00000000e-04 -1.02272727e-01 2.20000000e+01 3.00000000e+00
1.57261869e+03 1.00041160e+00 4.00000000e-04 -9.77272727e-02 2.10000000e+01 3.00000000e+00
1.57264047e+03 9.99540707e-01 4.00000000e-04 -9.31818182e-02 2.10000000e+01 3.00000000e+00
1.57266225e+03 1.00070613e+00 4.16742184e-04 -8.86363636e-02 2.00000000e+01 3.00000000e+00
1.57268402e+03 9.99685097e-01 5.18937577e-04 -8.40909091e-02 2.10000000e+01 3.00000000e+00
1.57270580e+03 9.99816692e-01 4.00000000e-04 -7.95454545e-02 2.20000000e+01 3.00000000e+00
1.57272758e+03 1.00004748e+00 4.00000000e-04 -7.50000000e-02 2.20000000e+01 3.00000000e+00
1.57277113e+03 9.99708223e-01 4.00000000e-04 -6.59090909e-02 2.30000000e+01 3.00000000e+00
1.57279291e+03 9.99465568e-01 4.00000000e-04 -6.13636364e-02 2.10000000e+01 3.00000000e+00
1.57283646e+03 9.99197377e-01 4.00000000e-04 -5.22727273e-02 2.40000000e+01 3.00000000e+00
1.57285824e+03 9.99499422e-01 4.21711145e-04 -4.77272727e-02 2.50000000e+01 3.00000000e+00
1.57288002e+03 9.99762108e-01 7.84866015e-04 -4.31818182e-02 2.70000000e+01 3.00000000e+00
1.57290179e+03 1.00044133e+00 4.00000000e-04 -3.86363636e-02 2.80000000e+01 3.00000000e+00
1.57292357e+03 1.00002889e+00 4.00000000e-04 -3.40909091e-02 2.70000000e+01 3.00000000e+00
1.57294535e+03 9.97545829e-01 1.23204769e-03 -2.95454545e-02 2.80000000e+01 3.00000000e+00
1.57296713e+03 9.94838652e-01 1.99699848e-03 -2.50000000e-02 2.20000000e+01 3.00000000e+00
1.57320667e+03 9.99735066e-01 6.21898645e-04 2.50000000e-02 1.50000000e+01 3.00000000e+00
1.57322845e+03 9.99684029e-01 4.00000000e-04 2.95454545e-02 2.60000000e+01 3.00000000e+00
1.57325023e+03 9.99707222e-01 1.09605394e-03 3.40909091e-02 2.50000000e+01 3.00000000e+00
1.57327201e+03 9.99979424e-01 4.00000000e-04 3.86363636e-02 2.50000000e+01 3.00000000e+00
1.57329378e+03 9.99997363e-01 4.29780464e-04 4.31818182e-02 2.40000000e+01 3.00000000e+00
1.57331556e+03 9.99624385e-01 4.00000000e-04 4.77272727e-02 2.50000000e+01 3.00000000e+00
1.57333734e+03 9.99985000e-01 4.00000000e-04 5.22727273e-02 2.60000000e+01 3.00000000e+00
1.57335911e+03 9.99230234e-01 4.00000000e-04 5.68181818e-02 2.50000000e+01 3.00000000e+00
1.57338089e+03 9.99704483e-01 4.00000000e-04 6.13636364e-02 2.80000000e+01 3.00000000e+00
1.57340267e+03 1.00001047e+00 4.00000000e-04 6.59090909e-02 2.50000000e+01 3.00000000e+00
1.57342445e+03 1.00009896e+00 4.00000000e-04 7.04545455e-02 2.80000000e+01 3.00000000e+00
1.57344622e+03 9.99602309e-01 4.00000000e-04 7.50000000e-02 2.30000000e+01 3.00000000e+00
1.57346800e+03 9.99699338e-01 4.00000000e-04 7.95454545e-02 2.60000000e+01 3.00000000e+00
1.57348978e+03 1.00022742e+00 4.08182389e-04 8.40909091e-02 2.40000000e+01 3.00000000e+00
1.57351155e+03 9.99597939e-01 4.00000000e-04 8.86363636e-02 2.50000000e+01 3.00000000e+00
1.57353333e+03 9.99943462e-01 4.00000000e-04 9.31818182e-02 2.50000000e+01 3.00000000e+00
1.57355511e+03 1.00103327e+00 4.00000000e-04 9.77272727e-02 2.50000000e+01 3.00000000e+00
1.57357689e+03 9.99971061e-01 4.71116570e-04 1.02272727e-01 2.60000000e+01 3.00000000e+00
1.57359866e+03 9.99624245e-01 6.80388153e-04 1.06818182e-01 2.50000000e+01 3.00000000e+00
1.57362044e+03 9.99838512e-01 5.63917589e-04 1.11363636e-01 2.50000000e+01 3.00000000e+00
1.57364222e+03 1.00044633e+00 4.00000000e-04 1.15909091e-01 2.50000000e+01 3.00000000e+00
1.57366400e+03 1.00037800e+00 4.02045016e-04 1.20454545e-01 2.50000000e+01 3.00000000e+00
1.57368577e+03 1.00028964e+00 4.00000000e-04 1.25000000e-01 2.60000000e+01 3.00000000e+00
1.57370755e+03 1.00078449e+00 4.00000000e-04 1.29545455e-01 2.60000000e+01 3.00000000e+00
1.57372933e+03 1.00120753e+00 4.00000000e-04 1.34090909e-01 2.60000000e+01 3.00000000e+00
1.57375110e+03 1.00022449e+00 4.00000000e-04 1.38636364e-01 2.60000000e+01 3.00000000e+00
1.57377288e+03 9.99628982e-01 4.00000000e-04 1.43181818e-01 2.50000000e+01 3.00000000e+00
1.57379466e+03 1.00046126e+00 4.00000000e-04 1.47727273e-01 2.70000000e+01 3.00000000e+00
1.57381644e+03 1.00052814e+00 4.00000000e-04 1.52272727e-01 2.60000000e+01 3.00000000e+00
1.57383821e+03 1.00022740e+00 4.00000000e-04 1.56818182e-01 2.50000000e+01 3.00000000e+00
1.57385999e+03 1.00012589e+00 4.00000000e-04 1.61363636e-01 2.90000000e+01 3.00000000e+00
1.57388177e+03 1.00048647e+00 4.00000000e-04 1.65909091e-01 2.60000000e+01 3.00000000e+00
1.57390354e+03 9.99689224e-01 4.00000000e-04 1.70454545e-01 2.60000000e+01 3.00000000e+00
1.57392532e+03 9.99533501e-01 4.00000000e-04 1.75000000e-01 2.50000000e+01 3.00000000e+00
1.57394710e+03 9.99762555e-01 4.91775208e-04 1.79545455e-01 2.50000000e+01 3.00000000e+00
1.57396888e+03 9.99768204e-01 4.00000000e-04 1.84090909e-01 2.60000000e+01 3.00000000e+00
1.57399065e+03 9.99474493e-01 8.11708677e-04 1.88636364e-01 2.50000000e+01 3.00000000e+00
1.57401243e+03 1.00022582e+00 4.00000000e-04 1.93181818e-01 2.60000000e+01 3.00000000e+00
1.57403421e+03 1.00018132e+00 4.00000000e-04 1.97727273e-01 2.60000000e+01 3.00000000e+00
1.57405598e+03 9.99465245e-01 4.00000000e-04 2.02272727e-01 2.70000000e+01 3.00000000e+00
1.57407776e+03 1.00012157e+00 4.00000000e-04 2.06818182e-01 2.40000000e+01 3.00000000e+00
1.57409954e+03 1.00029828e+00 4.53853603e-04 2.11363636e-01 2.40000000e+01 3.00000000e+00
1.57412132e+03 1.00002584e+00 4.00000000e-04 2.15909091e-01 2.20000000e+01 3.00000000e+00
1.57414309e+03 9.99564636e-01 4.00000000e-04 2.20454545e-01 2.50000000e+01 3.00000000e+00
1.57416487e+03 1.00031140e+00 4.00000000e-04 2.25000000e-01 2.80000000e+01 3.00000000e+00
1.57418665e+03 1.00007538e+00 4.00000000e-04 2.29545455e-01 2.70000000e+01 3.00000000e+00
1.57420842e+03 1.00021476e+00 4.63928054e-04 2.34090909e-01 2.70000000e+01 3.00000000e+00
1.57423020e+03 1.00032570e+00 4.00000000e-04 2.38636364e-01 2.60000000e+01 3.00000000e+00
1.57425198e+03 9.99463442e-01 4.00000000e-04 2.43181818e-01 2.40000000e+01 3.00000000e+00
1.57427376e+03 1.00006572e+00 4.00000000e-04 2.47727273e-01 2.70000000e+01 3.00000000e+00
1.57429553e+03 1.00072763e+00 4.00000000e-04 2.52272727e-01 3.10000000e+01 3.00000000e+00
1.57431731e+03 1.00052608e+00 6.09899096e-04 2.56818182e-01 3.10000000e+01 3.00000000e+00
1.57433909e+03 1.00014360e+00 4.00000000e-04 2.61363636e-01 3.10000000e+01 3.00000000e+00
1.57436086e+03 1.00056145e+00 4.00000000e-04 2.65909091e-01 3.10000000e+01 3.00000000e+00
1.57438264e+03 1.00055187e+00 4.00000000e-04 2.70454545e-01 3.20000000e+01 3.00000000e+00
1.57440442e+03 1.00046970e+00 4.00000000e-04 2.75000000e-01 3.10000000e+01 3.00000000e+00
1.57442620e+03 1.00040956e+00 6.09367533e-04 2.79545455e-01 3.00000000e+01 3.00000000e+00
1.57444797e+03 1.00087504e+00 4.00000000e-04 2.84090909e-01 3.10000000e+01 3.00000000e+00
1.57446975e+03 1.00122677e+00 4.00000000e-04 2.88636364e-01 2.90000000e+01 3.00000000e+00
1.57449153e+03 1.00052290e+00 4.00000000e-04 2.93181818e-01 2.90000000e+01 3.00000000e+00
1.57451330e+03 1.00061165e+00 4.31708986e-04 2.97727273e-01 2.90000000e+01 3.00000000e+00
1.57453508e+03 1.00043642e+00 4.25729969e-04 3.02272727e-01 3.00000000e+01 3.00000000e+00
1.57455686e+03 1.00071498e+00 4.00000000e-04 3.06818182e-01 2.70000000e+01 3.00000000e+00
1.57457864e+03 1.00052284e+00 4.00000000e-04 3.11363636e-01 2.80000000e+01 3.00000000e+00
1.57460041e+03 1.00021664e+00 4.00000000e-04 3.15909091e-01 2.80000000e+01 3.00000000e+00
1.57462219e+03 1.00081794e+00 6.98975748e-04 3.20454545e-01 2.90000000e+01 3.00000000e+00
1.57464397e+03 9.99918853e-01 4.00000000e-04 3.25000000e-01 3.10000000e+01 3.00000000e+00
1.57466575e+03 1.00084580e+00 4.00000000e-04 3.29545455e-01 3.00000000e+01 3.00000000e+00
1.57468752e+03 1.00050904e+00 4.00000000e-04 3.34090909e-01 2.90000000e+01 3.00000000e+00
1.57470930e+03 1.00001650e+00 9.46673962e-04 3.38636364e-01 3.00000000e+01 3.00000000e+00
1.57473108e+03 1.00003434e+00 4.00000000e-04 3.43181818e-01 2.90000000e+01 3.00000000e+00
1.57475285e+03 1.00024195e+00 5.99733055e-04 3.47727273e-01 3.10000000e+01 3.00000000e+00
1.57477463e+03 9.99679773e-01 4.00000000e-04 3.52272727e-01 3.10000000e+01 3.00000000e+00
1.57479641e+03 1.00013273e+00 4.00000000e-04 3.56818182e-01 3.10000000e+01 3.00000000e+00
1.57481819e+03 9.99877117e-01 4.00000000e-04 3.61363636e-01 3.10000000e+01 3.00000000e+00
1.57483996e+03 1.00045732e+00 4.00000000e-04 3.65909091e-01 3.20000000e+01 3.00000000e+00
1.57488352e+03 1.00017750e+00 4.35803136e-04 3.75000000e-01 3.10000000e+01 3.00000000e+00
1.57490529e+03 1.00009802e+00 4.82669726e-04 3.79545455e-01 3.00000000e+01 3.00000000e+00
1.57492707e+03 9.99554012e-01 4.00000000e-04 3.84090909e-01 3.00000000e+01 3.00000000e+00
1.57494885e+03 9.99950249e-01 4.00000000e-04 3.88636364e-01 3.10000000e+01 3.00000000e+00
1.57497063e+03 9.99317354e-01 4.00000000e-04 3.93181818e-01 3.00000000e+01 3.00000000e+00
1.57499240e+03 9.99634662e-01 4.00000000e-04 3.97727273e-01 3.10000000e+01 3.00000000e+00
1.57501418e+03 1.00008641e+00 4.00000000e-04 4.02272727e-01 3.20000000e+01 3.00000000e+00
1.57503596e+03 9.99972011e-01 4.00000000e-04 4.06818182e-01 2.90000000e+01 3.00000000e+00
1.57505773e+03 1.00023008e+00 4.00000000e-04 4.11363636e-01 3.00000000e+01 3.00000000e+00
1.57507951e+03 9.99668213e-01 4.00000000e-04 4.15909091e-01 2.90000000e+01 3.00000000e+00
1.57510129e+03 9.99771485e-01 5.16027247e-04 4.20454545e-01 3.10000000e+01 3.00000000e+00
1.57512307e+03 9.99263141e-01 4.00000000e-04 4.25000000e-01 3.10000000e+01 3.00000000e+00
1.57514484e+03 1.00028476e+00 4.00000000e-04 4.29545455e-01 3.20000000e+01 3.00000000e+00
1.57516662e+03 1.00041412e+00 4.00000000e-04 4.34090909e-01 3.00000000e+01 3.00000000e+00
1.57518840e+03 9.99983790e-01 4.00000000e-04 4.38636364e-01 3.00000000e+01 3.00000000e+00
1.57521017e+03 9.99732008e-01 4.00000000e-04 4.43181818e-01 2.60000000e+01 3.00000000e+00
1.57523195e+03 9.99763801e-01 4.78812682e-04 4.47727273e-01 2.80000000e+01 3.00000000e+00
1.57525373e+03 1.00002939e+00 4.00000000e-04 4.52272727e-01 3.20000000e+01 3.00000000e+00
1.57527551e+03 9.99797937e-01 4.00000000e-04 4.56818182e-01 3.20000000e+01 3.00000000e+00
1.57529728e+03 9.99815072e-01 4.00000000e-04 4.61363636e-01 3.10000000e+01 3.00000000e+00
1.57531906e+03 9.99595303e-01 4.00000000e-04 4.65909091e-01 3.30000000e+01 3.00000000e+00
1.57534084e+03 9.99165350e-01 4.00000000e-04 4.70454545e-01 3.20000000e+01 3.00000000e+00
1.57536261e+03 9.99433594e-01 4.00000000e-04 4.75000000e-01 3.20000000e+01 3.00000000e+00
1.57538439e+03 9.99141876e-01 5.61491743e-04 4.79545455e-01 3.10000000e+01 3.00000000e+00
1.57540617e+03 9.97094377e-01 5.24926010e-04 4.84090909e-01 3.10000000e+01 3.00000000e+00
1.57542795e+03 9.98080992e-01 8.11249872e-04 4.88636364e-01 3.20000000e+01 3.00000000e+00
1.57544972e+03 9.98104583e-01 4.00000000e-04 4.93181818e-01 3.10000000e+01 3.00000000e+00
1.57547150e+03 9.98098044e-01 4.00000000e-04 4.97727273e-01 3.10000000e+01 3.00000000e+00
1.57549328e+03 9.98779646e-01 4.00000000e-04 5.02272727e-01 3.10000000e+01 3.00000000e+00
1.57551506e+03 9.98120696e-01 5.91742059e-04 5.06818182e-01 3.10000000e+01 3.00000000e+00
1.57553683e+03 9.98815174e-01 1.08590117e-03 5.11363636e-01 3.00000000e+01 3.00000000e+00
1.57555861e+03 9.99583210e-01 4.00000000e-04 5.15909091e-01 3.00000000e+01 3.00000000e+00
1.57558039e+03 9.99699198e-01 5.35562839e-04 5.20454545e-01 3.10000000e+01 3.00000000e+00
1.57560216e+03 9.99404612e-01 4.00000000e-04 5.25000000e-01 3.00000000e+01 3.00000000e+00
1.57562394e+03 9.99803061e-01 4.00000000e-04 5.29545455e-01 2.80000000e+01 3.00000000e+00
1.57564572e+03 9.99980975e-01 4.00000000e-04 5.34090909e-01 2.80000000e+01 3.00000000e+00
1.57566750e+03 9.99317170e-01 4.00000000e-04 5.38636364e-01 2.70000000e+01 3.00000000e+00
1.57568927e+03 1.00005682e+00 4.00000000e-04 5.43181818e-01 2.60000000e+01 3.00000000e+00
1.57571105e+03 1.00008786e+00 5.81800285e-04 5.47727273e-01 2.80000000e+01 3.00000000e+00
1.57573283e+03 9.99942201e-01 4.00000000e-04 5.52272727e-01 2.90000000e+01 3.00000000e+00
1.57575460e+03 9.99866370e-01 4.00000000e-04 5.56818182e-01 2.90000000e+01 3.00000000e+00
1.57577638e+03 1.00013491e+00 5.25302213e-04 5.61363636e-01 2.90000000e+01 3.00000000e+00
1.57579816e+03 1.00021119e+00 4.00000000e-04 5.65909091e-01 3.00000000e+01 3.00000000e+00
1.57581994e+03 1.00042696e+00 4.00000000e-04 5.70454545e-01 2.90000000e+01 3.00000000e+00
1.57584171e+03 1.00010204e+00 4.00000000e-04 5.75000000e-01 2.90000000e+01 3.00000000e+00
1.57586349e+03 9.99643494e-01 4.00000000e-04 5.79545455e-01 2.80000000e+01 3.00000000e+00
1.57588527e+03 9.99955060e-01 4.00000000e-04 5.84090909e-01 2.80000000e+01 3.00000000e+00
1.57590704e+03 1.00041405e+00 7.24796369e-04 5.88636364e-01 2.80000000e+01 3.00000000e+00
1.57592882e+03 1.00027873e+00 4.00000000e-04 5.93181818e-01 2.90000000e+01 3.00000000e+00
1.57595060e+03 1.00040019e+00 4.00000000e-04 5.97727273e-01 2.80000000e+01 3.00000000e+00
1.57597238e+03 1.00024249e+00 4.84698397e-04 6.02272727e-01 2.70000000e+01 3.00000000e+00
1.57599415e+03 1.00018250e+00 6.96268712e-04 6.06818182e-01 2.50000000e+01 3.00000000e+00
1.57601593e+03 1.00033925e+00 4.00000000e-04 6.11363636e-01 2.50000000e+01 3.00000000e+00
1.57603771e+03 1.00071523e+00 4.00000000e-04 6.15909091e-01 2.50000000e+01 3.00000000e+00
1.57605948e+03 1.00102226e+00 4.00000000e-04 6.20454545e-01 2.60000000e+01 3.00000000e+00
1.57608126e+03 1.00045461e+00 4.00000000e-04 6.25000000e-01 2.60000000e+01 3.00000000e+00
1.57610304e+03 1.00008834e+00 4.00000000e-04 6.29545455e-01 2.70000000e+01 3.00000000e+00
1.57612482e+03 1.00020610e+00 4.00000000e-04 6.34090909e-01 2.70000000e+01 3.00000000e+00
1.57614659e+03 1.00015151e+00 4.00000000e-04 6.38636364e-01 2.50000000e+01 3.00000000e+00
1.57616837e+03 9.99975723e-01 4.30063365e-04 6.43181818e-01 2.50000000e+01 3.00000000e+00
1.57619015e+03 1.00043368e+00 4.00000000e-04 6.47727273e-01 2.60000000e+01 3.00000000e+00
1.57621192e+03 1.00081447e+00 4.00000000e-04 6.52272727e-01 2.70000000e+01 3.00000000e+00
1.57623370e+03 1.00009646e+00 4.00000000e-04 6.56818182e-01 2.60000000e+01 3.00000000e+00
1.57625548e+03 1.00033014e+00 4.00000000e-04 6.61363636e-01 2.70000000e+01 3.00000000e+00
1.57627726e+03 9.99994292e-01 4.00000000e-04 6.65909091e-01 2.70000000e+01 3.00000000e+00
1.57629903e+03 1.00050654e+00 4.00000000e-04 6.70454545e-01 2.60000000e+01 3.00000000e+00
1.57632081e+03 1.00091034e+00 6.29735565e-04 6.75000000e-01 2.50000000e+01 3.00000000e+00
1.57634259e+03 1.00020348e+00 4.00000000e-04 6.79545455e-01 2.60000000e+01 3.00000000e+00
1.57636436e+03 9.99832996e-01 4.00000000e-04 6.84090909e-01 2.50000000e+01 3.00000000e+00
1.57638614e+03 1.00104662e+00 4.00000000e-04 6.88636364e-01 2.60000000e+01 3.00000000e+00
1.57640792e+03 1.00017092e+00 4.00000000e-04 6.93181818e-01 2.70000000e+01 3.00000000e+00
1.57642970e+03 9.99958519e-01 4.00000000e-04 6.97727273e-01 2.40000000e+01 3.00000000e+00
1.57645147e+03 1.00000986e+00 4.00000000e-04 7.02272727e-01 2.20000000e+01 3.00000000e+00
1.57647325e+03 9.99632194e-01 4.00000000e-04 7.06818182e-01 2.20000000e+01 3.00000000e+00
1.57649503e+03 1.00048615e+00 6.43478744e-04 7.11363636e-01 2.20000000e+01 3.00000000e+00
1.57651681e+03 9.99767180e-01 4.00000000e-04 7.15909091e-01 2.10000000e+01 3.00000000e+00
1.57653858e+03 1.00039484e+00 4.00000000e-04 7.20454545e-01 2.20000000e+01 3.00000000e+00
1.57656036e+03 1.00002581e+00 8.43997080e-04 7.25000000e-01 2.20000000e+01 3.00000000e+00
1.57658214e+03 9.99861208e-01 5.63775496e-04 7.29545455e-01 2.10000000e+01 3.00000000e+00
1.57660391e+03 1.00018872e+00 7.94159813e-04 7.34090909e-01 2.20000000e+01 3.00000000e+00
1.57662569e+03 9.99829671e-01 4.00000000e-04 7.38636364e-01 2.10000000e+01 3.00000000e+00
1.57664747e+03 1.00003849e+00 4.00000000e-04 7.43181818e-01 2.10000000e+01 3.00000000e+00
1.57666925e+03 1.00069578e+00 4.00000000e-04 7.47727273e-01 2.20000000e+01 3.00000000e+00
1.57669102e+03 9.99511102e-01 4.00000000e-04 7.52272727e-01 2.20000000e+01 3.00000000e+00
1.57671280e+03 1.00083692e+00 4.00000000e-04 7.56818182e-01 2.50000000e+01 3.00000000e+00
1.57673458e+03 9.99846568e-01 4.00000000e-04 7.61363636e-01 2.20000000e+01 3.00000000e+00
1.57675635e+03 1.00024685e+00 4.00000000e-04 7.65909091e-01 2.20000000e+01 3.00000000e+00
1.57677813e+03 1.00018716e+00 4.00000000e-04 7.70454545e-01 2.40000000e+01 3.00000000e+00
1.57679991e+03 1.00048601e+00 4.00000000e-04 7.75000000e-01 2.00000000e+01 3.00000000e+00
1.57682169e+03 1.00029403e+00 4.00000000e-04 7.79545455e-01 2.30000000e+01 3.00000000e+00
1.57684346e+03 1.00073573e+00 4.00000000e-04 7.84090909e-01 2.10000000e+01 3.00000000e+00
1.57686524e+03 1.00032214e+00 4.37784728e-04 7.88636364e-01 2.20000000e+01 3.00000000e+00
1.57688702e+03 1.00012196e+00 4.58513984e-04 7.93181818e-01 2.20000000e+01 3.00000000e+00
1.57690879e+03 9.99823018e-01 4.00000000e-04 7.97727273e-01 2.20000000e+01 3.00000000e+00
