# Time Flux Flux_Err Phase N NSector
4.13119584e+03 1.00013352e+00 2.00000000e-04 -1.97421765e-01 1.91000000e+02 5.00000000e+00
4.13120999e+03 1.00012559e+00 2.00000000e-04 -1.92512455e-01 1.92000000e+02 5.00000000e+00
4.13122446e+03 1.00011611e+00 2.00000000e-04 -1.87494441e-01 1.89000000e+02 5.00000000e+00
4.13123892e+03 1.00019752e+00 2.00000000e-04 -1.82477619e-01 1.84000000e+02 5.00000000e+00
4.13125325e+03 1.00021706e+00 2.00000000e-04 -1.77504888e-01 1.91000000e+02 5.00000000e+00
4.13126772e+03 1.00009661e+00 2.00000000e-04 -1.72485838e-01 1.90000000e+02 5.00000000e+00
4.13128201e+03 1.00023435e+00 2.00000000e-04 -1.67528147e-01 1.86000000e+02 5.00000000e+00
4.13129663e+03 1.00009081e+00 2.00000000e-04 -1.62453871e-01 1.92000000e+02 5.00000000e+00
4.13131094e+03 1.00015902e+00 2.00000000e-04 -1.57490197e-01 1.89000000e+02 5.00000000e+00
4.13132551e+03 1.00013429e+00 2.00000000e-04 -1.52437339e-01 1.90000000e+02 5.00000000e+00
4.13133989e+03 1.00014374e+00 2.00000000e-04 -1.47448310e-01 1.90000000e+02 5.00000000e+00
4.13135428e+03 1.00008750e+00 2.00000000e-04 -1.42454612e-01 1.89000000e+02 5.00000000e+00
4.13136850e+03 9.99999431e-01 2.59551033e-04 -1.37521976e-01 1.91000000e+02 5.00000000e+00
4.13138301e+03 1.00010729e+00 2.00000000e-04 -1.32487897e-01 1.86000000e+02 5.00000000e+00
4.13139736e+03 1.00014007e+00 2.00000000e-04 -1.27507897e-01 1.80000000e+02 5.00000000e+00
4.13141166e+03 1.00014338e+00 2.53106128e-04 -1.22548871e-01 1.82000000e+02 5.00000000e+00
4.13142626e+03 1.00011408e+00 2.00000000e-04 -1.17481638e-01 1.86000000e+02 5.00000000e+00
4.13144057e+03 1.00008006e+00 2.00000000e-04 -1.12517964e-01 1.87000000e+02 5.00000000e+00
4.13145519e+03 1.00011899e+00 2.00000000e-04 -1.07446438e-01 1.83000000e+02 5.00000000e+00
4.13146951e+03 9.99966445e-01 2.00000000e-04 -1.02478280e-01 1.84000000e+02 5.00000000e+00
4.13148386e+03 1.00008583e+00 2.00000000e-04 -9.75007740e-02 1.84000000e+02 5.00000000e+00
4.13149813e+03 1.00005341e+00 2.00000000e-04 -9.25497415e-02 1.85000000e+02 5.00000000e+00
4.13151249e+03 1.00008515e+00 2.00000000e-04 -8.75658584e-02 1.84000000e+02 5.00000000e+00
4.13152712e+03 9.99927552e-01 2.00000000e-04 -8.24910980e-02 1.84000000e+02 5.00000000e+00
4.13154129e+03 1.00020957e+00 2.00000000e-04 -7.75764473e-02 1.84000000e+02 5.00000000e+00
4.13155597e+03 1.00015169e+00 2.00000000e-04 -7.24837488e-02 1.85000000e+02 5.00000000e+00
4.13157035e+03 1.00008166e+00 2.00000000e-04 -6.74944072e-02 1.85000000e+02 5.00000000e+00
4.13158460e+03 1.00012261e+00 2.00000000e-04 -6.25508198e-02 1.84000000e+02 5.00000000e+00
4.13159912e+03 1.00004280e+00 2.00000000e-04 -5.75141114e-02 1.85000000e+02 5.00000000e+00
4.13160852e+03 9.99902485e-01 2.00000000e-04 -5.42528842e-02 5.90000000e+01 4.00000000e+00
4.13161633e+03 1.00005019e+00 2.00000000e-04 -5.15422316e-02 1.32000000e+02 5.00000000e+00
4.13162682e+03 9.99873039e-01 2.00000000e-04 -4.79013185e-02 1.25000000e+02 5.00000000e+00
4.13163668e+03 1.00001073e+00 2.00000000e-04 -4.44818057e-02 1.28000000e+02 5.00000000e+00
4.13164700e+03 9.99935926e-01 2.00000000e-04 -4.09020458e-02 1.26000000e+02 5.00000000e+00
4.13165704e+03 1.00001459e+00 2.00000000e-04 -3.74174110e-02 1.27000000e+02 5.00000000e+00
4.13166754e+03 9.99673914e-01 3.33343550e-04 -3.37740329e-02 1.28000000e+02 5.00000000e+00
4.13167784e+03 9.99514785e-01 4.73227076e-04 -3.02009953e-02 1.29000000e+02 5.00000000e+00
4.13168816e+03 9.98896986e-01 9.25900827e-04 -2.66224919e-02 1.28000000e+02 5.00000000e+00
4.13169832e+03 9.98001139e-01 1.34867445e-03 -2.30973692e-02 1.26000000e+02 5.00000000e+00
4.13170878e+03 9.96107641e-01 1.59495975e-03 -1.94686469e-02 1.27000000e+02 5.00000000e+00
4.13171853e+03 9.94453548e-01 8.29094806e-04 -1.60866907e-02 1.23000000e+02 5.00000000e+00
4.13172908e+03 9.94834493e-01 1.60634629e-03 -1.24239602e-02 1.27000000e+02 5.00000000e+00
4.13173911e+03 9.95865109e-01 2.87413592e-03 -8.94443131e-03 1.24000000e+02 5.00000000e+00
4.13174960e+03 9.97544844e-01 1.66347142e-03 -5.30496771e-03 1.25000000e+02 5.00000000e+00
4.13175985e+03 9.98951443e-01 1.07743781e-03 -1.75132814e-03 1.22000000e+02 5.00000000e+00
4.13177026e+03 9.99143667e-01 6.16728474e-04 1.86052436e-03 1.33000000e+02 5.00000000e+00
4.13178021e+03 1.00009745e+00 2.31032115e-04 5.31215619e-03 1.25000000e+02 5.00000000e+00
4.13179075e+03 1.00006962e+00 3.09084969e-04 8.96866215e-03 1.31000000e+02 5.00000000e+00
4.13180068e+03 1.00008786e+00 1.43077877e-03 1.24140209e-02 1.23000000e+02 5.00000000e+00
4.13181094e+03 1.00017828e+00 4.96091059e-04 1.59741326e-02 1.27000000e+02 5.00000000e+00
4.13182133e+03 9.99674202e-01 1.33691946e-03 1.95795329e-02 1.27000000e+02 5.00000000e+00
4.13183147e+03 9.99800686e-01 1.01139180e-03 2.30955265e-02 1.33000000e+02 5.00000000e+00
4.13184177e+03 1.00002331e+00 6.12595755e-04 2.66701827e-02 1.33000000e+02 5.00000000e+00
4.13185197e+03 1.00008872e+00 2.60952610e-04 3.02076388e-02 1.37000000e+02 5.00000000e+00
4.13186237e+03 1.00009435e+00 2.93064700e-04 3.38173323e-02 1.36000000e+02 5.00000000e+00
4.13187236e+03 1.00020981e+00 2.00000000e-04 3.72834100e-02 1.40000000e+02 5.00000000e+00
4.13188280e+03 1.00015378e+00 2.00000000e-04 4.09055360e-02 1.37000000e+02 5.00000000e+00
4.13189275e+03 1.00011721e+00 2.00000000e-04 4.43558026e-02 1.37000000e+02 5.00000000e+00
4.13190322e+03 1.00021171e+00 2.00000000e-04 4.79900199e-02 1.40000000e+02 5.00000000e+00
4.13191328e+03 1.00010806e+00 2.00000000e-04 5.14803354e-02 1.37000000e+02 5.00000000e+00
4.13192080e+03 1.00001524e+00 2.00000000e-04 5.40861109e-02 6.40000000e+01 4.00000000e+00
4.13193067e+03 1.00021482e+00 2.00000000e-04 5.75123596e-02 1.93000000e+02 5.00000000e+00
4.13194503e+03 1.00011230e+00 2.00000000e-04 6.24949926e-02 1.96000000e+02 5.00000000e+00
4.13195933e+03 1.00002548e+00 2.00000000e-04 6.74535817e-02 1.94000000e+02 5.00000000e+00
4.13197396e+03 1.00012575e+00 2.00000000e-04 7.25311773e-02 1.95000000e+02 5.00000000e+00
4.13198834e+03 1.00015297e+00 2.00000000e-04 7.75205071e-02 1.97000000e+02 5.00000000e+00
4.13200277e+03 1.00024254e+00 2.00000000e-04 8.25247403e-02 1.95000000e+02 5.00000000e+00
4.13201725e+03 1.00030050e+00 2.00000000e-04 8.75494811e-02 1.95000000e+02 5.00000000e+00
4.13203155e+03 1.00015652e+00 2.00000000e-04 9.25116100e-02 1.94000000e+02 5.00000000e+00
4.13204590e+03 1.00014675e+00 2.00000000e-04 9.74898121e-02 1.94000000e+02 5.00000000e+00
4.13206036e+03 1.00009751e+00 2.00000000e-04 1.02504354e-01 1.94000000e+02 5.00000000e+00
4.13207475e+03 1.00016108e+00 2.00000000e-04 1.07496104e-01 1.96000000e+02 5.00000000e+00
4.13208905e+03 1.00011909e+00 2.00000000e-04 1.12456706e-01 1.91000000e+02 5.00000000e+00
4.13210375e+03 1.00014138e+00 2.00000000e-04 1.17557650e-01 1.96000000e+02 5.00000000e+00
4.13211815e+03 1.00026727e+00 2.00000000e-04 1.22554928e-01 1.93000000e+02 5.00000000e+00
4.13213237e+03 1.00011551e+00 2.00000000e-04 1.27487524e-01 1.92000000e+02 5.00000000e+00
4.13214662e+03 1.00017642e+00 2.00000000e-04 1.32430631e-01 1.86000000e+02 5.00000000e+00
4.13216113e+03 1.00004315e+00 2.00000000e-04 1.37466188e-01 1.88000000e+02 5.00000000e+00
4.13217554e+03 1.00010252e+00 2.00000000e-04 1.42464162e-01 1.93000000e+02 5.00000000e+00
4.13218992e+03 1.00011456e+00 2.21988061e-04 1.47453790e-01 1.96000000e+02 5.00000000e+00
4.13220452e+03 1.00018829e+00 4.28749333e-04 1.52516735e-01 1.96000000e+02 5.00000000e+00
4.13221891e+03 1.00003252e+00 2.00000000e-04 1.57511981e-01 1.96000000e+02 5.00000000e+00
4.13223339e+03 9.99804974e-01 2.72355473e-04 1.62532411e-01 1.96000000e+02 5.00000000e+00
4.13224778e+03 1.00019324e+00 2.49805077e-04 1.67527161e-01 1.93000000e+02 5.00000000e+00
4.13226216e+03 1.00017017e+00 2.00000000e-04 1.72516492e-01 1.87000000e+02 5.00000000e+00
4.13227646e+03 1.00012120e+00 2.00000000e-04 1.77475607e-01 1.88000000e+02 5.00000000e+00
4.13229085e+03 1.00012177e+00 2.00000000e-04 1.82470250e-01 1.87000000e+02 5.00000000e+00
4.13230519e+03 1.00010729e+00 2.00000000e-04 1.87444536e-01 1.89000000e+02 5.00000000e+00
4.13231958e+03 1.00007284e+00 2.00000000e-04 1.92435694e-01 1.86000000e+02 5.00000000e+00
4.13233415e+03 1.00017789e+00 2.00000000e-04 1.97489110e-01 1.91000000e+02 5.00000000e+00
4.13234869e+03 1.00011458e+00 2.00000000e-04 2.02534154e-01 1.88000000e+02 5.00000000e+00
4.13236305e+03 1.00018781e+00 2.00000000e-04 2.07518121e-01 1.90000000e+02 5.00000000e+00
4.13237741e+03 1.00005972e+00 2.00000000e-04 2.12498016e-01 1.93000000e+02 5.00000000e+00
4.13239180e+03 1.00011313e+00 2.00000000e-04 2.17489702e-01 1.95000000e+02 5.00000000e+00
4.13240616e+03 1.00013942e+00 2.00000000e-04 2.22473754e-01 1.94000000e+02 5.00000000e+00
4.13242056e+03 1.00016027e+00 2.00000000e-04 2.27467398e-01 1.93000000e+02 5.00000000e+00
4.13243510e+03 1.00021862e+00 2.00000000e-04 2.32514098e-01 1.97000000e+02 5.00000000e+00
4.13244960e+03 1.00023506e+00 2.00000000e-04 2.37544060e-01 1.92000000e+02 5.00000000e+00
4.13246385e+03 1.00023460e+00 2.00000000e-04 2.42488225e-01 1.92000000e+02 5.00000000e+00
4.13247826e+03 1.00015640e+00 2.00000000e-04 2.47487545e-01 1.94000000e+02 5.00000000e+00
4.13249268e+03 1.00023395e+00 2.00000000e-04 2.52487990e-01 1.93000000e+02 5.00000000e+00
4.13250705e+03 1.00019473e+00 2.00000000e-04 2.57475429e-01 1.94000000e+02 5.00000000e+00
4.13252156e+03 1.00019416e+00 2.00000000e-04 2.62510228e-01 1.96000000e+02 5.00000000e+00
4.13253600e+03 1.00010526e+00 2.00000000e-04 2.67517111e-01 1.95000000e+02 5.00000000e+00
4.13255042e+03 1.00011735e+00 2.00000000e-04 2.72520317e-01 1.95000000e+02 5.00000000e+00
4.13256485e+03 1.00016358e+00 2.00000000e-04 2.77527507e-01 1.94000000e+02 5.00000000e+00
4.13257927e+03 1.00021043e+00 2.00000000e-04 2.82529114e-01 1.94000000e+02 5.00000000e+00
4.13259364e+03 1.00020421e+00 2.00000000e-04 2.87514659e-01 1.95000000e+02 5.00000000e+00
4.13260795e+03 1.00018191e+00 2.00000000e-04 2.92479551e-01 1.94000000e+02 5.00000000e+00
4.13262236e+03 1.00017016e+00 2.00000000e-04 2.97480574e-01 1.96000000e+02 5.00000000e+00
4.13263676e+03 1.00022781e+00 2.00000000e-04 3.02473439e-01 1.92000000e+02 5.00000000e+00
4.13265122e+03 1.00026273e+00 2.00000000e-04 3.07490576e-01 1.93000000e+02 5.00000000e+00
4.13266562e+03 1.00026713e+00 2.00000000e-04 3.12485497e-01 1.94000000e+02 5.00000000e+00
4.13268014e+03 1.00013745e+00 2.00000000e-04 3.17526151e-01 1.94000000e+02 5.00000000e+00
4.13269452e+03 1.00004852e+00 2.00000000e-04 3.22512885e-01 1.88000000e+02 5.00000000e+00
4.13270893e+03 1.00018564e+00 2.00000000e-04 3.27511908e-01 1.89000000e+02 5.00000000e+00
4.13272339e+03 1.00008285e+00 2.00000000e-04 3.32528108e-01 1.90000000e+02 5.00000000e+00
4.13273752e+03 1.00026357e+00 2.00000000e-04 3.37432012e-01 1.86000000e+02 5.00000000e+00
4.13275201e+03 1.00021998e+00 2.47796453e-04 3.42458365e-01 1.92000000e+02 5.00000000e+00
4.13276671e+03 1.00013906e+00 2.00000000e-04 3.47557931e-01 1.90000000e+02 5.00000000e+00
4.13278114e+03 1.00013587e+00 2.00000000e-04 3.52563547e-01 1.89000000e+02 5.00000000e+00
4.13279539e+03 1.00010540e+00 2.00000000e-04 3.57508902e-01 1.92000000e+02 5.00000000e+00
4.13280980e+03 1.00003110e+00 2.13971548e-04 3.62507734e-01 1.92000000e+02 5.00000000e+00
4.13282414e+03 1.00018233e+00 2.00000000e-04 3.67482152e-01 1.91000000e+02 5.00000000e+00
4.13283855e+03 1.00033160e+00 2.00000000e-04 3.72482316e-01 1.86000000e+02 4.00000000e+00
4.13285293e+03 1.00016736e+00 2.00000000e-04 3.77471653e-01 1.87000000e+02 4.00000000e+00
4.13286755e+03 1.00021029e+00 2.00000000e-04 3.82543275e-01 1.89000000e+02 4.00000000e+00
4.13288200e+03 1.00028671e+00 2.00000000e-04 3.87557367e-01 1.90000000e+02 4.00000000e+00
4.13289637e+03 1.00009746e+00 2.00000000e-04 3.92539702e-01 1.90000000e+02 5.00000000e+00
4.13291066e+03 1.00018987e+00 2.00000000e-04 3.97497247e-01 1.99000000e+02 5.00000000e+00
4.13292495e+03 1.00020041e+00 2.00000000e-04 4.02457703e-01 1.99000000e+02 5.00000000e+00
4.13293942e+03 1.00003213e+00 2.00000000e-04 4.07475892e-01 2.03000000e+02 5.00000000e+00
4.13295380e+03 1.00005327e+00 2.00000000e-04 4.12465220e-01 1.97000000e+02 5.00000000e+00
4.13296819e+03 1.00001829e+00 2.00000000e-04 4.17457042e-01 1.95000000e+02 5.00000000e+00
4.13298255e+03 9.99976829e-01 2.00000000e-04 4.22440695e-01 1.88000000e+02 5.00000000e+00
4.13299718e+03 1.00019193e+00 2.00000000e-04 4.27516263e-01 1.88000000e+02 5.00000000e+00
4.13301156e+03 1.00012846e+00 2.00000000e-04 4.32504457e-01 1.88000000e+02 5.00000000e+00
4.13302591e+03 1.00009517e+00 2.00000000e-04 4.37481431e-01 1.88000000e+02 5.00000000e+00
4.13304042e+03 1.00015642e+00 2.00000000e-04 4.42517693e-01 1.88000000e+02 5.00000000e+00
4.13305471e+03 1.00019493e+00 2.00000000e-04 4.47474623e-01 1.88000000e+02 5.00000000e+00
4.13306902e+03 1.00006288e+00 2.00000000e-04 4.52437277e-01 1.91000000e+02 5.00000000e+00
4.13308066e+03 9.99975915e-01 2.00000000e-04 4.56475744e-01 1.25000000e+02 5.00000000e+00
4.13309003e+03 9.99970079e-01 2.00000000e-04 4.59727128e-01 1.21000000e+02 5.00000000e+00
4.13309929e+03 9.99940789e-01 2.00000000e-04 4.62939430e-01 1.17000000e+02 5.00000000e+00
4.13310843e+03 9.99779205e-01 2.00000000e-04 4.66110878e-01 1.23000000e+02 5.00000000e+00
4.13311804e+03 9.99731879e-01 2.70371276e-04 4.69446371e-01 1.24000000e+02 5.00000000e+00
4.13312701e+03 9.99417678e-01 2.84733329e-04 4.72556823e-01 1.24000000e+02 5.00000000e+00
4.13313621e+03 9.99389959e-01 3.50258840e-04 4.75748810e-01 1.24000000e+02 5.00000000e+00
4.13314567e+03 9.98570829e-01 8.45714490e-04 4.79029625e-01 1.26000000e+02 5.00000000e+00
4.13315473e+03 9.97979789e-01 8.10483013e-04 4.82174246e-01 1.15000000e+02 5.00000000e+00
4.13316399e+03 9.97412731e-01 3.20677346e-04 4.85385123e-01 1.23000000e+02 5.00000000e+00
4.13317325e+03 9.96674921e-01 3.02635804e-04 4.88598872e-01 1.23000000e+02 5.00000000e+00
4.13318244e+03 9.97533996e-01 1.30783658e-03 4.91785450e-01 1.26000000e+02 5.00000000e+00
4.13319155e+03 9.97765111e-01 1.45273179e-03 4.94948944e-01 1.27000000e+02 5.00000000e+00
4.13320099e+03 9.97502061e-01 1.56673187e-03 4.98223602e-01 1.20000000e+02 4.00000000e+00
4.13321017e+03 9.99378686e-01 3.95129437e-04 5.01408833e-01 1.24000000e+02 5.00000000e+00
4.13321933e+03 9.97268980e-01 1.34947118e-03 5.04585851e-01 1.21000000e+02 4.00000000e+00
4.13322880e+03 9.99003776e-01 6.57927880e-04 5.07871741e-01 1.27000000e+02 5.00000000e+00
4.13323777e+03 9.99301469e-01 4.13031607e-04 5.10981770e-01 1.24000000e+02 5.00000000e+00
4.13324693e+03 9.99111838e-01 7.08613740e-04 5.14160052e-01 1.28000000e+02 5.00000000e+00
4.13325652e+03 9.99695274e-01 2.73123725e-04 5.17486400e-01 1.27000000e+02 5.00000000e+00
4.13326572e+03 9.99195552e-01 4.76055158e-04 5.20679755e-01 1.24000000e+02 5.00000000e+00
4.13327474e+03 9.99175525e-01 5.11722695e-04 5.23807656e-01 1.28000000e+02 5.00000000e+00
4.13328428e+03 9.99630305e-01 2.00000000e-04 5.27117724e-01 1.25000000e+02 5.00000000e+00
4.13329341e+03 9.99412417e-01 3.56986648e-04 5.30284270e-01 1.27000000e+02 5.00000000e+00
4.13330248e+03 9.99574394e-01 2.05193951e-04 5.33433853e-01 1.24000000e+02 4.00000000e+00
4.13331199e+03 9.99827492e-01 2.00000000e-04 5.36731616e-01 1.30000000e+02 5.00000000e+00
4.13332110e+03 9.99854642e-01 2.00000000e-04 5.39892492e-01 1.22000000e+02 5.00000000e+00
4.13333023e+03 9.99759207e-01 2.00000000e-04 5.43058106e-01 1.27000000e+02 5.00000000e+00
4.13333954e+03 1.00007885e+00 2.00000000e-04 5.46288411e-01 1.23000000e+02 5.00000000e+00
4.13334888e+03 9.99947785e-01 2.00000000e-04 5.49529399e-01 1.22000000e+02 5.00000000e+00
4.13335892e+03 1.00000530e+00 2.00000000e-04 5.53012421e-01 1.53000000e+02 5.00000000e+00
4.13337189e+03 9.99985099e-01 2.00000000e-04 5.57513708e-01 1.89000000e+02 5.00000000e+00
4.13338633e+03 1.00001848e+00 2.00000000e-04 5.62520804e-01 1.93000000e+02 5.00000000e+00
4.13340054e+03 9.99947817e-01 2.00000000e-04 5.67453838e-01 1.92000000e+02 5.00000000e+00
4.13341495e+03 9.99946411e-01 2.00000000e-04 5.72451724e-01 1.89000000e+02 5.00000000e+00
4.13342964e+03 9.99858081e-01 2.00000000e-04 5.77546181e-01 1.95000000e+02 5.00000000e+00
4.13344400e+03 9.99994307e-01 2.00000000e-04 5.82528351e-01 1.99000000e+02 5.00000000e+00
4.13345840e+03 9.99971032e-01 2.00000000e-04 5.87526224e-01 1.91000000e+02 5.00000000e+00
4.13347282e+03 9.99960214e-01 2.00000000e-04 5.92526890e-01 1.90000000e+02 5.00000000e+00
4.13348703e+03 9.99948404e-01 2.00000000e-04 5.97458303e-01 1.88000000e+02 5.00000000e+00
4.13350155e+03 9.99925791e-01 2.00000000e-04 6.02495191e-01 1.90000000e+02 5.00000000e+00
4.13351583e+03 1.00029926e+00 2.00000000e-04 6.07448082e-01 1.86000000e+02 5.00000000e+00
4.13353019e+03 1.00006654e+00 2.00000000e-04 6.12431045e-01 1.85000000e+02 5.00000000e+00
4.13354489e+03 1.00009018e+00 2.00000000e-04 6.17530997e-01 1.87000000e+02 5.00000000e+00
4.13355930e+03 9.99985576e-01 2.00000000e-04 6.22529286e-01 1.87000000e+02 5.00000000e+00
4.13357371e+03 1.00010806e+00 2.00000000e-04 6.27531404e-01 1.83000000e+02 5.00000000e+00
4.13358805e+03 1.00015384e+00 2.00000000e-04 6.32503720e-01 1.84000000e+02 5.00000000e+00
4.13360275e+03 1.00013874e+00 2.00000000e-04 6.37605963e-01 1.77000000e+02 5.00000000e+00
4.13361682e+03 9.99815912e-01 2.00000000e-04 6.42484542e-01 1.82000000e+02 5.00000000e+00
4.13363116e+03 9.99936283e-01 2.00000000e-04 6.47459626e-01 1.79000000e+02 5.00000000e+00
4.13364582e+03 9.99890937e-01 2.00000000e-04 6.52548313e-01 1.82000000e+02 5.00000000e+00
4.13366022e+03 9.99922782e-01 2.00000000e-04 6.57542008e-01 1.79000000e+02 5.00000000e+00
4.13367451e+03 9.99884603e-01 2.00000000e-04 6.62501306e-01 1.83000000e+02 5.00000000e+00
4.13368905e+03 1.00000530e+00 2.00000000e-04 6.67544827e-01 1.80000000e+02 5.00000000e+00
4.13370335e+03 1.00025716e+00 2.84879274e-04 6.72504852e-01 1.74000000e+02 5.00000000e+00
4.13371766e+03 9.99870064e-01 2.00000000e-04 6.77469331e-01 1.75000000e+02 5.00000000e+00
4.13373240e+03 9.99922901e-01 2.00000000e-04 6.82585533e-01 1.80000000e+02 5.00000000e+00
4.13374662e+03 9.99941465e-01 2.00000000e-04 6.87516212e-01 1.81000000e+02 5.00000000e+00
4.13376092e+03 9.99816030e-01 2.00000000e-04 6.92476856e-01 1.82000000e+02 5.00000000e+00
4.13377545e+03 9.99925822e-01 2.00000000e-04 6.97520546e-01 1.82000000e+02 5.00000000e+00
4.13378994e+03 9.99912411e-01 2.00000000e-04 7.02546387e-01 1.79000000e+02 5.00000000e+00
4.13380416e+03 1.00005877e+00 2.00000000e-04 7.07478029e-01 1.75000000e+02 5.00000000e+00
4.13381852e+03 9.99987662e-01 2.00000000e-04 7.12462881e-01 1.83000000e+02 5.00000000e+00
4.13383298e+03 9.99933764e-01 2.00000000e-04 7.17477664e-01 1.74000000e+02 5.00000000e+00
4.13384733e+03 1.00011727e+00 2.00000000e-04 7.22455163e-01 1.72000000e+02 5.00000000e+00
4.13386187e+03 9.99927431e-01 2.00000000e-04 7.27499115e-01 1.73000000e+02 5.00000000e+00
4.13387632e+03 1.00009394e+00 2.00000000e-04 7.32514612e-01 1.75000000e+02 5.00000000e+00
4.13389078e+03 1.00008172e+00 2.00000000e-04 7.37529112e-01 1.73000000e+02 5.00000000e+00
4.13390518e+03 1.00010454e+00 2.00000000e-04 7.42526352e-01 1.76000000e+02 5.00000000e+00
4.13391958e+03 1.00010502e+00 2.00000000e-04 7.47523353e-01 1.77000000e+02 5.00000000e+00
4.13393395e+03 1.00017215e+00 2.00000000e-04 7.52506430e-01 1.80000000e+02 5.00000000e+00
4.13394824e+03 1.00012064e+00 2.00000000e-04 7.57464316e-01 1.84000000e+02 5.00000000e+00
4.13396260e+03 1.00004434e+00 2.00000000e-04 7.62448553e-01 1.81000000e+02 5.00000000e+00
4.13397695e+03 1.00014040e+00 2.00000000e-04 7.67424637e-01 1.85000000e+02 5.00000000e+00
4.13399167e+03 1.00002962e+00 2.00000000e-04 7.72533556e-01 1.87000000e+02 5.00000000e+00
4.13400604e+03 1.00005144e+00 2.00000000e-04 7.77517441e-01 1.90000000e+02 5.00000000e+00
4.13402054e+03 1.00002199e+00 2.00000000e-04 7.82546628e-01 1.86000000e+02 5.00000000e+00
4.13403482e+03 1.00009444e+00 2.00000000e-04 7.87501527e-01 1.85000000e+02 5.00000000e+00
4.13404921e+03 1.00008869e+00 2.00000000e-04 7.92493361e-01 1.92000000e+02 5.00000000e+00
4.13406358e+03 1.00019166e+00 2.00000000e-04 7.97480189e-01 1.95000000e+02 5.00000000e+00
