# Time Flux Flux_Err Phase N NSector
3.40655883e+03 1.00138191e+00 4.60553127e-04 -1.97514906e-01 3.12000000e+02 9.00000000e+00
3.40656841e+03 1.00030619e+00 5.24144177e-04 -1.92528000e-01 3.05000000e+02 9.00000000e+00
3.40657807e+03 1.00079263e+00 4.34895642e-04 -1.87505029e-01 3.11000000e+02 9.00000000e+00
3.40658769e+03 1.00167033e+00 4.34895642e-04 -1.82498661e-01 3.05000000e+02 9.00000000e+00
3.40659738e+03 1.00095975e+00 4.34895642e-04 -1.77457131e-01 3.06000000e+02 9.00000000e+00
3.40660688e+03 1.00150472e+00 5.20315593e-04 -1.72513389e-01 3.02000000e+02 9.00000000e+00
3.40661665e+03 1.00106123e+00 5.39206451e-04 -1.67432168e-01 3.03000000e+02 9.00000000e+00
3.40662610e+03 1.00148032e+00 4.34895642e-04 -1.62512634e-01 3.05000000e+02 9.00000000e+00
3.40663577e+03 1.00170993e+00 6.72672243e-04 -1.57482511e-01 2.99000000e+02 9.00000000e+00
3.40664524e+03 1.00061884e+00 5.17386367e-04 -1.52557591e-01 3.03000000e+02 9.00000000e+00
3.40665487e+03 1.00176590e+00 4.34895642e-04 -1.47547202e-01 2.98000000e+02 9.00000000e+00
3.40666451e+03 1.00110709e+00 4.34895642e-04 -1.42528778e-01 3.09000000e+02 9.00000000e+00
3.40667411e+03 1.00079828e+00 4.34895642e-04 -1.37533482e-01 3.06000000e+02 9.00000000e+00
3.40668380e+03 1.00083619e+00 4.34895642e-04 -1.32493714e-01 3.16000000e+02 9.00000000e+00
3.40669341e+03 1.00073822e+00 4.34895642e-04 -1.27494813e-01 3.08000000e+02 9.00000000e+00
3.40670306e+03 1.00083850e+00 4.34895642e-04 -1.22474123e-01 3.14000000e+02 9.00000000e+00
3.40671264e+03 1.00054544e+00 4.34895642e-04 -1.17490785e-01 3.08000000e+02 9.00000000e+00
3.40672235e+03 1.00051421e+00 4.34895642e-04 -1.12439640e-01 3.10000000e+02 9.00000000e+00
3.40673188e+03 1.00026482e+00 4.34895642e-04 -1.07479950e-01 3.09000000e+02 9.00000000e+00
3.40674159e+03 1.00039089e+00 6.85792295e-04 -1.02427928e-01 3.06000000e+02 9.00000000e+00
3.40675097e+03 1.00051038e+00 4.34895642e-04 -9.75484996e-02 3.13000000e+02 9.00000000e+00
3.40676057e+03 9.99672175e-01 4.34895642e-04 -9.25538494e-02 3.08000000e+02 9.00000000e+00
3.40677023e+03 9.99787932e-01 4.83937489e-04 -8.75259872e-02 3.13000000e+02 9.00000000e+00
3.40677984e+03 9.99583662e-01 4.34895642e-04 -8.25253333e-02 3.06000000e+02 9.00000000e+00
3.40678950e+03 9.99542752e-01 4.83460362e-04 -7.74994805e-02 3.13000000e+02 9.00000000e+00
3.40679519e+03 9.98954926e-01 6.32158515e-04 -7.45404305e-02 5.40000000e+01 6.00000000e+00
3.40680079e+03 9.99058152e-01 7.05132458e-04 -7.16276639e-02 2.98000000e+02 9.00000000e+00
3.40681031e+03 9.98978020e-01 4.34895642e-04 -6.66746493e-02 3.04000000e+02 9.00000000e+00
3.40681980e+03 9.99221199e-01 6.82456095e-04 -6.17391590e-02 3.01000000e+02 9.00000000e+00
3.40682919e+03 9.97605695e-01 5.44024073e-04 -5.68519825e-02 3.06000000e+02 9.00000000e+00
3.40683883e+03 9.92677650e-01 4.34895642e-04 -5.18390258e-02 3.01000000e+02 9.00000000e+00
3.40684822e+03 9.84842445e-01 4.34895642e-04 -4.69490401e-02 3.01000000e+02 9.00000000e+00
3.40685775e+03 9.75739165e-01 4.50072043e-04 -4.19927909e-02 2.97000000e+02 9.00000000e+00
3.40686732e+03 9.65677428e-01 7.45532425e-04 -3.70153686e-02 2.96000000e+02 9.00000000e+00
3.40687669e+03 9.53203474e-01 4.34895642e-04 -3.21393044e-02 3.03000000e+02 9.00000000e+00
3.40688631e+03 9.40725302e-01 4.34895642e-04 -2.71352851e-02 3.02000000e+02 9.00000000e+00
3.40689575e+03 9.28801932e-01 6.33836164e-04 -2.22210456e-02 2.95000000e+02 9.00000000e+00
3.40690521e+03 9.17692018e-01 4.34895642e-04 -1.73006466e-02 2.99000000e+02 9.00000000e+00
3.40691475e+03 9.09347622e-01 6.07950846e-04 -1.23360023e-02 3.00000000e+02 9.00000000e+00
3.40692418e+03 9.01624610e-01 6.68709233e-04 -7.42853803e-03 2.94000000e+02 9.00000000e+00
3.40693375e+03 8.98277614e-01 9.65173834e-04 -2.45148005e-03 3.04000000e+02 9.00000000e+00
3.40694317e+03 8.97482167e-01 4.34895642e-04 2.45153553e-03 2.96000000e+02 9.00000000e+00
3.40695266e+03 9.01311831e-01 4.34895642e-04 7.38555133e-03 3.03000000e+02 9.00000000e+00
3.40696222e+03 9.08195295e-01 9.81705056e-04 1.23622845e-02 2.94000000e+02 9.00000000e+00
3.40697168e+03 9.18072560e-01 8.04308136e-04 1.72817949e-02 3.00000000e+02 9.00000000e+00
3.40698121e+03 9.28466448e-01 6.36790317e-04 2.22397603e-02 2.97000000e+02 9.00000000e+00
3.40699078e+03 9.40173823e-01 5.29243150e-04 2.72172113e-02 2.94000000e+02 9.00000000e+00
3.40700013e+03 9.52094644e-01 7.23497527e-04 3.20851419e-02 2.99000000e+02 9.00000000e+00
3.40700974e+03 9.63916047e-01 4.34895642e-04 3.70824513e-02 2.97000000e+02 9.00000000e+00
3.40701909e+03 9.74017234e-01 7.46355088e-04 4.19486214e-02 2.98000000e+02 9.00000000e+00
3.40702869e+03 9.83488613e-01 4.34895642e-04 4.69437750e-02 2.96000000e+02 9.00000000e+00
3.40703816e+03 9.91525066e-01 4.34895642e-04 5.18677046e-02 2.98000000e+02 9.00000000e+00
3.40704758e+03 9.96906789e-01 4.34895642e-04 5.67711761e-02 2.93000000e+02 9.00000000e+00
3.40705720e+03 9.98980281e-01 4.34895642e-04 6.17751293e-02 3.04000000e+02 9.00000000e+00
3.40706660e+03 9.99342378e-01 4.91726177e-04 6.66676996e-02 2.97000000e+02 9.00000000e+00
3.40707614e+03 9.99329627e-01 4.34895642e-04 7.16294777e-02 3.00000000e+02 9.00000000e+00
3.40708172e+03 9.98292001e-01 4.34895642e-04 7.45309209e-02 4.90000000e+01 6.00000000e+00
3.40708741e+03 9.99598863e-01 6.46513900e-04 7.74951406e-02 3.03000000e+02 9.00000000e+00
3.40709699e+03 9.99442340e-01 4.34895642e-04 8.24768980e-02 3.02000000e+02 9.00000000e+00
3.40710663e+03 9.99851746e-01 4.34895642e-04 8.74944480e-02 3.10000000e+02 9.00000000e+00
3.40711627e+03 1.00060289e+00 4.34895642e-04 9.25063744e-02 3.07000000e+02 9.00000000e+00
3.40712591e+03 1.00006083e+00 4.34895642e-04 9.75212537e-02 3.11000000e+02 9.00000000e+00
3.40713552e+03 9.99934198e-01 4.34895642e-04 1.02525330e-01 3.09000000e+02 9.00000000e+00
3.40714515e+03 1.00044130e+00 4.34895642e-04 1.07531346e-01 3.07000000e+02 9.00000000e+00
3.40715478e+03 1.00145211e+00 4.78507292e-04 1.12542031e-01 3.09000000e+02 9.00000000e+00
3.40716439e+03 1.00016373e+00 4.34895642e-04 1.17542315e-01 3.04000000e+02 9.00000000e+00
3.40717387e+03 1.00101604e+00 4.34895642e-04 1.22478207e-01 3.10000000e+02 9.00000000e+00
3.40718346e+03 1.00002784e+00 4.34895642e-04 1.27467985e-01 3.13000000e+02 9.00000000e+00
3.40719308e+03 1.00135886e+00 4.34895642e-04 1.32469000e-01 3.13000000e+02 9.00000000e+00
3.40720267e+03 1.00100280e+00 4.34895642e-04 1.37462206e-01 3.15000000e+02 9.00000000e+00
3.40721233e+03 1.00195080e+00 4.34895642e-04 1.42486679e-01 3.10000000e+02 9.00000000e+00
3.40722193e+03 1.00126760e+00 4.34895642e-04 1.47479405e-01 3.10000000e+02 9.00000000e+00
3.40723164e+03 1.00101578e+00 4.34895642e-04 1.52531028e-01 3.09000000e+02 9.00000000e+00
3.40724122e+03 1.00190650e+00 4.34895642e-04 1.57517895e-01 3.12000000e+02 9.00000000e+00
3.40725090e+03 1.00254682e+00 4.62691697e-04 1.62551417e-01 3.15000000e+02 9.00000000e+00
3.40726051e+03 1.00215965e+00 4.34895642e-04 1.67551956e-01 3.14000000e+02 9.00000000e+00
3.40727004e+03 1.00195157e+00 4.34895642e-04 1.72511799e-01 3.07000000e+02 9.00000000e+00
3.40727964e+03 1.00250231e+00 6.84360489e-04 1.77503027e-01 3.14000000e+02 9.00000000e+00
3.40728912e+03 1.00277334e+00 4.66782134e-04 1.82438551e-01 3.11000000e+02 9.00000000e+00
3.40729887e+03 1.00298649e+00 4.90610898e-04 1.87508038e-01 3.15000000e+02 9.00000000e+00
3.40730841e+03 1.00382469e+00 9.84361782e-04 1.92471866e-01 3.12000000e+02 9.00000000e+00
3.40731805e+03 1.00299649e+00 4.34895642e-04 1.97491296e-01 3.13000000e+02 9.00000000e+00
3.40732764e+03 1.00393818e+00 5.16683706e-04 2.02477408e-01 3.08000000e+02 9.00000000e+00
3.40733733e+03 1.00353637e+00 4.34895642e-04 2.07518658e-01 3.02000000e+02 9.00000000e+00
3.40734689e+03 1.00341462e+00 7.41368245e-04 2.12494620e-01 3.05000000e+02 9.00000000e+00
3.40735661e+03 1.00352805e+00 7.38277112e-04 2.17552861e-01 2.99000000e+02 9.00000000e+00
3.40736615e+03 1.00355553e+00 9.95990230e-04 2.22514941e-01 3.05000000e+02 9.00000000e+00
3.40737581e+03 1.00368392e+00 8.71502711e-04 2.27538230e-01 3.02000000e+02 9.00000000e+00
3.40738538e+03 1.00356450e+00 1.17016478e-03 2.32520015e-01 3.06000000e+02 9.00000000e+00
3.40739483e+03 1.00408376e+00 7.65307717e-04 2.37433737e-01 3.00000000e+02 9.00000000e+00
3.40740453e+03 1.00398218e+00 1.60556779e-03 2.42484491e-01 3.06000000e+02 9.00000000e+00
3.40741409e+03 1.00386512e+00 5.73467559e-04 2.47454437e-01 3.03000000e+02 9.00000000e+00
3.40742378e+03 1.00475445e+00 4.90896332e-04 2.52498385e-01 3.04000000e+02 9.00000000e+00
3.40743336e+03 1.00379322e+00 1.03317096e-03 2.57481575e-01 3.05000000e+02 9.00000000e+00
3.40744303e+03 1.00417446e+00 1.10916099e-03 2.62512670e-01 3.04000000e+02 9.00000000e+00
3.40745262e+03 1.00341016e+00 8.07627397e-04 2.67503394e-01 3.06000000e+02 9.00000000e+00
3.40746230e+03 1.00351481e+00 1.04165504e-03 2.72538562e-01 3.01000000e+02 9.00000000e+00
3.40747187e+03 1.00382053e+00 4.34895642e-04 2.77519269e-01 3.09000000e+02 9.00000000e+00
3.40748153e+03 1.00408353e+00 6.35547243e-04 2.82544059e-01 2.95000000e+02 9.00000000e+00
3.40749105e+03 1.00385469e+00 6.72052221e-04 2.87495812e-01 3.03000000e+02 9.00000000e+00
3.40750059e+03 1.00363445e+00 7.45246775e-04 2.92457802e-01 2.97000000e+02 9.00000000e+00
3.40751021e+03 1.00281070e+00 6.08758352e-04 2.97463175e-01 3.03000000e+02 9.00000000e+00
3.40751981e+03 1.00266670e+00 4.34895642e-04 3.02457284e-01 2.99000000e+02 9.00000000e+00
3.40752953e+03 1.00263683e+00 9.05280533e-04 3.07518160e-01 3.01000000e+02 9.00000000e+00
3.40753908e+03 1.00321030e+00 5.89220155e-04 3.12487575e-01 3.01000000e+02 9.00000000e+00
3.40754876e+03 1.00251392e+00 4.34895642e-04 3.17523976e-01 3.09000000e+02 9.00000000e+00
3.40755831e+03 1.00252133e+00 4.34895642e-04 3.22491785e-01 3.08000000e+02 9.00000000e+00
3.40756802e+03 1.00260554e+00 4.50127182e-04 3.27543787e-01 3.11000000e+02 9.00000000e+00
3.40757762e+03 1.00229787e+00 4.34895642e-04 3.32538738e-01 3.14000000e+02 9.00000000e+00
3.40758727e+03 1.00176403e+00 4.34895642e-04 3.37556379e-01 3.07000000e+02 9.00000000e+00
3.40759674e+03 1.00152440e+00 4.34895642e-04 3.42486180e-01 3.11000000e+02 9.00000000e+00
3.40760625e+03 1.00138324e+00 4.34895642e-04 3.47430566e-01 3.08000000e+02 9.00000000e+00
3.40761600e+03 1.00121422e+00 4.34895642e-04 3.52502283e-01 3.15000000e+02 9.00000000e+00
3.40762554e+03 1.00061893e+00 4.34895642e-04 3.57466263e-01 3.08000000e+02 9.00000000e+00
3.40763519e+03 1.00103914e+00 4.34895642e-04 3.62491229e-01 3.13000000e+02 9.00000000e+00
3.40764476e+03 1.00060278e+00 4.34895642e-04 3.67468604e-01 3.09000000e+02 9.00000000e+00
3.40765446e+03 1.00080066e+00 5.09903529e-04 3.72515329e-01 3.13000000e+02 9.00000000e+00
3.40766403e+03 1.00086999e+00 4.34895642e-04 3.77491593e-01 3.12000000e+02 9.00000000e+00
3.40766945e+03 9.99195325e-01 6.08226297e-04 3.80315719e-01 3.70000000e+01 6.00000000e+00
3.40767454e+03 1.00038656e+00 4.34895642e-04 3.82960185e-01 2.85000000e+02 9.00000000e+00
3.40768327e+03 1.00089568e+00 4.34895642e-04 3.87502505e-01 2.90000000e+02 9.00000000e+00
3.40769225e+03 9.99877393e-01 4.34895642e-04 3.92177521e-01 2.89000000e+02 9.00000000e+00
3.40770096e+03 9.97919562e-01 5.85659634e-04 3.96709718e-01 2.83000000e+02 9.00000000e+00
3.40770973e+03 9.91348375e-01 4.34895642e-04 4.01271380e-01 2.95000000e+02 9.00000000e+00
3.40771854e+03 9.84682700e-01 4.34895642e-04 4.05853481e-01 2.89000000e+02 9.00000000e+00
3.40772738e+03 9.77898590e-01 7.52179010e-04 4.10452770e-01 2.93000000e+02 9.00000000e+00
3.40773629e+03 9.69030954e-01 9.44463430e-04 4.15086590e-01 2.89000000e+02 9.00000000e+00
3.40774510e+03 9.59777373e-01 6.21796905e-04 4.19673234e-01 2.94000000e+02 9.00000000e+00
3.40775400e+03 9.51492343e-01 4.42686216e-04 4.24301233e-01 2.88000000e+02 9.00000000e+00
3.40776283e+03 9.42606206e-01 4.34895642e-04 4.28894637e-01 2.92000000e+02 9.00000000e+00
3.40777168e+03 9.35325836e-01 6.33789627e-04 4.33501573e-01 2.97000000e+02 9.00000000e+00
3.40778036e+03 9.29140017e-01 7.40412155e-04 4.38017955e-01 2.89000000e+02 9.00000000e+00
3.40778912e+03 9.23365715e-01 5.30342610e-04 4.42573281e-01 2.99000000e+02 9.00000000e+00
3.40779805e+03 9.21020795e-01 4.34895642e-04 4.47218169e-01 2.91000000e+02 9.00000000e+00
3.40780683e+03 9.21594067e-01 4.34895642e-04 4.51788302e-01 2.98000000e+02 9.00000000e+00
3.40781575e+03 9.22130453e-01 4.34895642e-04 4.56428934e-01 2.91000000e+02 9.00000000e+00
3.40782458e+03 9.27105410e-01 4.34895642e-04 4.61022004e-01 2.98000000e+02 9.00000000e+00
3.40783346e+03 9.33030500e-01 6.66109253e-04 4.65644394e-01 2.92000000e+02 8.00000000e+00
3.40784224e+03 9.39225445e-01 1.05901961e-03 4.70209782e-01 2.93000000e+02 9.00000000e+00
3.40785118e+03 9.48205995e-01 1.02139946e-03 4.74863911e-01 2.97000000e+02 9.00000000e+00
3.40785990e+03 9.57324839e-01 9.04266237e-04 4.79399696e-01 2.91000000e+02 9.00000000e+00
3.40786863e+03 9.64987177e-01 1.34670757e-03 4.83942275e-01 2.95000000e+02 9.00000000e+00
3.40787753e+03 9.74692386e-01 6.32212756e-04 4.88569911e-01 2.86000000e+02 9.00000000e+00
3.40788631e+03 9.82028896e-01 1.11863210e-03 4.93138227e-01 2.95000000e+02 9.00000000e+00
3.40789520e+03 9.88729910e-01 8.36742166e-04 4.97765688e-01 2.86000000e+02 9.00000000e+00
3.40790402e+03 9.95325214e-01 6.74658375e-04 5.02353224e-01 2.90000000e+02 9.00000000e+00
3.40791293e+03 9.99706567e-01 4.34895642e-04 5.06987989e-01 2.93000000e+02 9.00000000e+00
3.40792169e+03 1.00099931e+00 4.34895642e-04 5.11549003e-01 2.90000000e+02 9.00000000e+00
3.40793061e+03 1.00087175e+00 5.38856922e-04 5.16188709e-01 2.89000000e+02 9.00000000e+00
3.40793644e+03 1.00203200e+00 4.34895642e-04 5.19219832e-01 9.50000000e+01 7.00000000e+00
3.40794270e+03 1.00142001e+00 4.34895642e-04 5.22480023e-01 3.09000000e+02 9.00000000e+00
3.40795232e+03 1.00113907e+00 4.34895642e-04 5.27484995e-01 3.16000000e+02 9.00000000e+00
3.40796189e+03 1.00146351e+00 4.34895642e-04 5.32464579e-01 3.07000000e+02 9.00000000e+00
3.40797159e+03 1.00122353e+00 4.34895642e-04 5.37510613e-01 3.11000000e+02 9.00000000e+00
3.40798116e+03 1.00077336e+00 4.34895642e-04 5.42487488e-01 3.07000000e+02 9.00000000e+00
3.40799087e+03 1.00091265e+00 4.34895642e-04 5.47540482e-01 3.10000000e+02 9.00000000e+00
3.40800037e+03 1.00111889e+00 4.34895642e-04 5.52485130e-01 3.09000000e+02 9.00000000e+00
3.40801010e+03 1.00113073e+00 4.34895642e-04 5.57546491e-01 3.05000000e+02 9.00000000e+00
3.40801961e+03 1.00101217e+00 4.34895642e-04 5.62492040e-01 3.10000000e+02 9.00000000e+00
3.40802923e+03 1.00080341e+00 4.34895642e-04 5.67498175e-01 3.00000000e+02 9.00000000e+00
3.40803878e+03 1.00056832e+00 4.34895642e-04 5.72466339e-01 3.13000000e+02 9.00000000e+00
3.40804837e+03 1.00034817e+00 4.34895642e-04 5.77457584e-01 3.05000000e+02 9.00000000e+00
3.40805802e+03 1.00112554e+00 4.34895642e-04 5.82476059e-01 3.12000000e+02 9.00000000e+00
3.40806763e+03 1.00086018e+00 4.34895642e-04 5.87477272e-01 3.06000000e+02 9.00000000e+00
3.40807729e+03 1.00113873e+00 4.34895642e-04 5.92502737e-01 3.09000000e+02 9.00000000e+00
3.40808689e+03 1.00173098e+00 4.34895642e-04 5.97497491e-01 3.08000000e+02 9.00000000e+00
3.40809658e+03 1.00119146e+00 4.89191960e-04 6.02540455e-01 3.05000000e+02 9.00000000e+00
3.40810616e+03 1.00107865e+00 4.34895642e-04 6.07522554e-01 3.05000000e+02 9.00000000e+00
3.40811587e+03 1.00085324e+00 5.28625368e-04 6.12573000e-01 3.01000000e+02 9.00000000e+00
3.40812537e+03 1.00095927e+00 4.34895642e-04 6.17517423e-01 3.05000000e+02 9.00000000e+00
3.40813498e+03 1.00187456e+00 5.46132700e-04 6.22518274e-01 3.00000000e+02 9.00000000e+00
3.40814455e+03 1.00175847e+00 4.80889306e-04 6.27497903e-01 3.04000000e+02 9.00000000e+00
3.40815407e+03 1.00168781e+00 4.34895642e-04 6.32450064e-01 3.05000000e+02 9.00000000e+00
3.40816378e+03 1.00162195e+00 5.25568754e-04 6.37499104e-01 3.11000000e+02 9.00000000e+00
3.40817334e+03 1.00211179e+00 6.04595984e-04 6.42476881e-01 3.01000000e+02 9.00000000e+00
3.40818302e+03 1.00248742e+00 4.34895642e-04 6.47509179e-01 3.09000000e+02 9.00000000e+00
3.40819255e+03 1.00234710e+00 5.75967201e-04 6.52469802e-01 3.05000000e+02 9.00000000e+00
3.40820225e+03 1.00281200e+00 5.10678254e-04 6.57516706e-01 3.04000000e+02 9.00000000e+00
3.40821186e+03 1.00268498e+00 4.34895642e-04 6.62513630e-01 3.04000000e+02 9.00000000e+00
3.40822152e+03 1.00267666e+00 7.51293369e-04 6.67539762e-01 2.99000000e+02 9.00000000e+00
3.40823104e+03 1.00238484e+00 5.64255965e-04 6.72496447e-01 3.09000000e+02 9.00000000e+00
3.40824072e+03 1.00297937e+00 4.34895642e-04 6.77531738e-01 3.00000000e+02 9.00000000e+00
3.40825025e+03 1.00241447e+00 5.36981062e-04 6.82487573e-01 3.06000000e+02 9.00000000e+00
3.40825980e+03 1.00212531e+00 9.03702523e-04 6.87458099e-01 3.01000000e+02 9.00000000e+00
3.40826945e+03 1.00253798e+00 5.15106125e-04 6.92476559e-01 3.05000000e+02 9.00000000e+00
3.40827903e+03 1.00240675e+00 1.06407967e-03 6.97463011e-01 3.01000000e+02 9.00000000e+00
3.40828875e+03 1.00238789e+00 4.34895642e-04 7.02519325e-01 3.06000000e+02 9.00000000e+00
3.40829832e+03 1.00218277e+00 4.79734295e-04 7.07495586e-01 3.04000000e+02 9.00000000e+00
3.40830801e+03 1.00210467e+00 4.74136664e-04 7.12538670e-01 3.06000000e+02 9.00000000e+00
3.40831755e+03 1.00233239e+00 6.96690158e-04 7.17504968e-01 3.09000000e+02 9.00000000e+00
3.40832723e+03 1.00152528e+00 4.62587567e-04 7.22538304e-01 3.07000000e+02 9.00000000e+00
3.40833681e+03 1.00212378e+00 4.34895642e-04 7.27523442e-01 3.07000000e+02 9.00000000e+00
3.40834635e+03 1.00182837e+00 4.92671431e-04 7.32488555e-01 3.02000000e+02 9.00000000e+00
3.40835593e+03 1.00201959e+00 6.15520978e-04 7.37469561e-01 3.12000000e+02 9.00000000e+00
3.40836550e+03 1.00291257e+00 5.47388679e-04 7.42450678e-01 3.05000000e+02 9.00000000e+00
3.40837517e+03 1.00180534e+00 5.93407019e-04 7.47479417e-01 3.07000000e+02 9.00000000e+00
3.40838477e+03 1.00115752e+00 7.14694416e-04 7.52475760e-01 3.01000000e+02 9.00000000e+00
3.40839445e+03 1.00210541e+00 4.34895642e-04 7.57511242e-01 2.99000000e+02 9.00000000e+00
3.40840403e+03 1.00125336e+00 6.83682885e-04 7.62495895e-01 3.02000000e+02 9.00000000e+00
3.40841375e+03 1.00169527e+00 6.11904205e-04 7.67553388e-01 3.06000000e+02 9.00000000e+00
3.40842327e+03 1.00153621e+00 4.38742072e-04 7.72507714e-01 3.03000000e+02 9.00000000e+00
3.40843300e+03 1.00060504e+00 5.72486527e-04 7.77566415e-01 3.06000000e+02 9.00000000e+00
3.40844247e+03 1.00164711e+00 4.34895642e-04 7.82497762e-01 3.04000000e+02 9.00000000e+00
3.40845203e+03 1.00145559e+00 4.86682947e-04 7.87468550e-01 3.02000000e+02 9.00000000e+00
3.40846161e+03 1.00137388e+00 4.34895642e-04 7.92455366e-01 3.10000000e+02 9.00000000e+00
3.40847120e+03 1.00142009e+00 5.06494507e-04 7.97443162e-01 3.03000000e+02 9.00000000e+00
