# Time Flux Flux_Err Phase N NSector
4.04908407e+03 1.00920255e+00 1.28841189e-03 -1.97302810e-01 1.66000000e+02 4.00000000e+00
4.04909354e+03 1.00746866e+00 1.54126641e-03 -1.92364959e-01 1.90000000e+02 6.00000000e+00
4.04910282e+03 1.00995124e+00 1.28841189e-03 -1.87520651e-01 1.79000000e+02 4.00000000e+00
4.04911323e+03 1.00828652e+00 2.44507329e-03 -1.82091581e-01 1.92000000e+02 6.00000000e+00
4.04912196e+03 1.01068293e+00 1.81003963e-03 -1.77534797e-01 1.74000000e+02 4.00000000e+00
4.04913240e+03 1.00896238e+00 2.87244573e-03 -1.72091460e-01 1.77000000e+02 5.00000000e+00
4.04914024e+03 1.00919478e+00 2.14170355e-03 -1.68001220e-01 1.79000000e+02 5.00000000e+00
4.04915072e+03 1.01090700e+00 1.85757162e-03 -1.62532113e-01 1.77000000e+02 4.00000000e+00
4.04916000e+03 1.00666767e+00 2.82149888e-03 -1.57689344e-01 1.96000000e+02 6.00000000e+00
4.04916977e+03 1.01015263e+00 1.28841189e-03 -1.52592547e-01 1.75000000e+02 4.00000000e+00
4.04917910e+03 1.00571707e+00 2.89753764e-03 -1.47723596e-01 2.08000000e+02 6.00000000e+00
4.04918885e+03 1.00914150e+00 1.28841189e-03 -1.42640524e-01 1.62000000e+02 4.00000000e+00
4.04919887e+03 1.00396888e+00 2.66561023e-03 -1.37411039e-01 2.05000000e+02 6.00000000e+00
4.04920866e+03 1.00715440e+00 1.32858577e-03 -1.32304648e-01 1.68000000e+02 4.00000000e+00
4.04921827e+03 1.00285875e+00 2.40740292e-03 -1.27290205e-01 1.96000000e+02 6.00000000e+00
4.04922750e+03 1.00547843e+00 1.28841189e-03 -1.22476132e-01 1.81000000e+02 4.00000000e+00
4.04923746e+03 1.00114359e+00 1.58640385e-03 -1.17278438e-01 2.01000000e+02 6.00000000e+00
4.04924656e+03 1.00264577e+00 1.74751653e-03 -1.12532349e-01 1.82000000e+02 4.00000000e+00
4.04925699e+03 1.00188251e+00 1.78255697e-03 -1.07091547e-01 1.77000000e+02 5.00000000e+00
4.04926511e+03 9.98793766e-01 1.95997162e-03 -1.02854253e-01 1.87000000e+02 6.00000000e+00
4.04927538e+03 9.99602711e-01 1.76549164e-03 -9.74972388e-02 1.83000000e+02 4.00000000e+00
4.04928460e+03 9.97420818e-01 1.28841189e-03 -9.26850387e-02 1.96000000e+02 6.00000000e+00
4.04929419e+03 9.97561180e-01 1.48425438e-03 -8.76806967e-02 1.69000000e+02 4.00000000e+00
4.04930091e+03 9.97970445e-01 1.28841189e-03 -8.41777153e-02 7.70000000e+01 5.00000000e+00
4.04930704e+03 9.97521099e-01 1.28841189e-03 -8.09759720e-02 2.03000000e+02 6.00000000e+00
4.04931929e+03 9.97335974e-01 1.33082076e-03 -7.45883302e-02 2.11000000e+02 5.00000000e+00
4.04932903e+03 9.96301894e-01 1.28841189e-03 -6.95040977e-02 2.18000000e+02 5.00000000e+00
4.04934096e+03 9.82667352e-01 3.77765850e-03 -6.32826791e-02 2.06000000e+02 6.00000000e+00
4.04935039e+03 9.82393777e-01 8.95547522e-03 -5.83616540e-02 2.07000000e+02 5.00000000e+00
4.04936214e+03 9.39054888e-01 1.43756238e-02 -5.22325276e-02 2.12000000e+02 6.00000000e+00
4.04937156e+03 9.36461773e-01 3.51139284e-02 -4.73157579e-02 1.98000000e+02 4.00000000e+00
4.04938321e+03 8.83414605e-01 2.56241942e-02 -4.12348677e-02 2.17000000e+02 6.00000000e+00
4.04939328e+03 8.69614595e-01 4.88091334e-02 -3.59824433e-02 1.90000000e+02 4.00000000e+00
4.04940414e+03 8.24522982e-01 3.72990674e-02 -3.03200563e-02 2.07000000e+02 6.00000000e+00
4.04941456e+03 7.94767390e-01 4.88039318e-02 -2.48804538e-02 1.87000000e+02 4.00000000e+00
4.04942516e+03 7.75726523e-01 2.98508247e-02 -1.93516841e-02 2.04000000e+02 6.00000000e+00
4.04943577e+03 7.40403499e-01 3.37189777e-02 -1.38174621e-02 2.01000000e+02 4.00000000e+00
4.04944692e+03 7.48368629e-01 4.26428377e-03 -8.00055457e-03 2.03000000e+02 6.00000000e+00
4.04945692e+03 7.22084940e-01 7.10631718e-03 -2.78086717e-03 2.02000000e+02 4.00000000e+00
4.04946814e+03 7.30887385e-01 6.54944299e-03 3.07350775e-03 2.04000000e+02 6.00000000e+00
4.04947791e+03 7.42298959e-01 9.70644204e-03 8.17119556e-03 1.96000000e+02 4.00000000e+00
4.04948933e+03 7.92794223e-01 5.36074509e-03 1.41272657e-02 2.16000000e+02 6.00000000e+00
4.04949960e+03 8.14473659e-01 2.18222242e-02 1.94882149e-02 1.87000000e+02 4.00000000e+00
4.04951049e+03 8.47912530e-01 1.49732318e-02 2.51675680e-02 2.27000000e+02 6.00000000e+00
4.04952122e+03 8.92122540e-01 2.27977017e-02 3.07663239e-02 1.79000000e+02 4.00000000e+00
4.04953144e+03 9.08240204e-01 6.27499275e-03 3.60982533e-02 2.21000000e+02 6.00000000e+00
4.04954255e+03 9.57003144e-01 1.73128021e-02 4.18927294e-02 1.84000000e+02 4.00000000e+00
4.04955300e+03 9.62059133e-01 1.28841189e-03 4.73448038e-02 2.18000000e+02 6.00000000e+00
4.04956352e+03 9.89665656e-01 4.38933836e-03 5.28333588e-02 1.97000000e+02 4.00000000e+00
4.04957408e+03 9.96249396e-01 1.28841189e-03 5.83458712e-02 2.18000000e+02 6.00000000e+00
4.04958446e+03 9.97577519e-01 1.28841189e-03 6.37579192e-02 1.88000000e+02 4.00000000e+00
4.04959514e+03 9.99612964e-01 1.37018246e-03 6.93296954e-02 2.32000000e+02 6.00000000e+00
4.04960547e+03 9.96921244e-01 1.28841189e-03 7.47218915e-02 1.90000000e+02 4.00000000e+00
4.04961619e+03 1.00120873e+00 1.28841189e-03 8.03108914e-02 2.42000000e+02 6.00000000e+00
4.04962359e+03 9.98274520e-01 1.28841189e-03 8.41721902e-02 4.90000000e+01 3.00000000e+00
4.04962996e+03 1.00032294e+00 1.28841189e-03 8.74972400e-02 1.90000000e+02 4.00000000e+00
4.04963922e+03 1.00020057e+00 1.28841189e-03 9.23280495e-02 2.02000000e+02 6.00000000e+00
4.04964894e+03 1.00036751e+00 1.28841189e-03 9.74019934e-02 1.82000000e+02 4.00000000e+00
4.04965826e+03 1.00228745e+00 1.28841189e-03 1.02262258e-01 2.16000000e+02 6.00000000e+00
4.04966805e+03 1.00223144e+00 1.28841189e-03 1.07369422e-01 1.70000000e+02 4.00000000e+00
4.04967806e+03 1.00252391e+00 1.28841189e-03 1.12590975e-01 2.14000000e+02 6.00000000e+00
4.04968785e+03 1.00121657e+00 1.28841189e-03 1.17701051e-01 1.75000000e+02 4.00000000e+00
4.04969737e+03 1.00272782e+00 1.28841189e-03 1.22668093e-01 2.02000000e+02 6.00000000e+00
4.04970663e+03 1.00269353e+00 1.42024900e-03 1.27498849e-01 1.90000000e+02 4.00000000e+00
4.04971665e+03 1.00333985e+00 1.28841189e-03 1.32726887e-01 2.07000000e+02 6.00000000e+00
4.04972573e+03 1.00387809e+00 1.28841189e-03 1.37463720e-01 1.87000000e+02 4.00000000e+00
4.04973621e+03 1.00425567e+00 1.28841189e-03 1.42931561e-01 1.83000000e+02 5.00000000e+00
4.04974428e+03 1.00376399e+00 1.28841189e-03 1.47138337e-01 1.92000000e+02 6.00000000e+00
4.04975454e+03 1.00407256e+00 1.28841189e-03 1.52493679e-01 1.89000000e+02 4.00000000e+00
4.04976376e+03 1.00380319e+00 1.28841189e-03 1.57305632e-01 2.04000000e+02 6.00000000e+00
4.04977336e+03 1.00460917e+00 1.28841189e-03 1.62312536e-01 1.75000000e+02 4.00000000e+00
4.04978291e+03 1.00234331e+00 1.28841189e-03 1.67296504e-01 2.21000000e+02 6.00000000e+00
4.04979296e+03 1.00454460e+00 1.28841189e-03 1.72536014e-01 1.80000000e+02 4.00000000e+00
4.04980303e+03 1.00383870e+00 1.28841189e-03 1.77794249e-01 2.11000000e+02 6.00000000e+00
4.04981263e+03 1.00566972e+00 1.28841189e-03 1.82800307e-01 1.72000000e+02 4.00000000e+00
4.04982202e+03 1.00321156e+00 1.28841189e-03 1.87700603e-01 2.01000000e+02 6.00000000e+00
4.04983123e+03 1.00579581e+00 1.28841189e-03 1.92504948e-01 1.91000000e+02 4.00000000e+00
4.04984148e+03 1.00449148e+00 1.34054253e-03 1.97851775e-01 2.01000000e+02 6.00000000e+00
4.04985012e+03 1.00592541e+00 1.28841189e-03 2.02358901e-01 1.79000000e+02 4.00000000e+00
4.04986003e+03 1.00450970e+00 1.98124834e-03 2.07531292e-01 1.92000000e+02 5.00000000e+00
4.04986915e+03 1.00353121e+00 1.85505102e-03 2.12286081e-01 1.92000000e+02 6.00000000e+00
4.04987923e+03 1.00646417e+00 1.28841189e-03 2.17547241e-01 1.79000000e+02 4.00000000e+00
4.04988787e+03 1.00451336e+00 1.82679177e-03 2.22056355e-01 1.97000000e+02 6.00000000e+00
4.04989787e+03 1.00620522e+00 1.28841189e-03 2.27272217e-01 1.70000000e+02 4.00000000e+00
4.04990771e+03 1.00383811e+00 1.96453618e-03 2.32403691e-01 2.11000000e+02 6.00000000e+00
4.04991768e+03 1.00574021e+00 1.28841189e-03 2.37608891e-01 1.73000000e+02 4.00000000e+00
4.04992727e+03 1.00366520e+00 1.45767827e-03 2.42613105e-01 2.07000000e+02 6.00000000e+00
4.04993710e+03 1.00627516e+00 1.28841189e-03 2.47739161e-01 1.75000000e+02 4.00000000e+00
4.04994695e+03 1.00295586e+00 1.95658031e-03 2.52875617e-01 1.90000000e+02 6.00000000e+00
4.04995582e+03 1.00542714e+00 1.28841189e-03 2.57504705e-01 1.82000000e+02 4.00000000e+00
4.04996616e+03 1.00274098e+00 1.90358632e-03 2.62902350e-01 1.87000000e+02 6.00000000e+00
4.04997426e+03 1.00483006e+00 1.58872873e-03 2.67125642e-01 1.76000000e+02 5.00000000e+00
4.04998461e+03 1.00533175e+00 1.28841189e-03 2.72525940e-01 1.80000000e+02 4.00000000e+00
4.04999387e+03 1.00203983e+00 2.02795357e-03 2.77356836e-01 1.94000000e+02 6.00000000e+00
4.05000357e+03 1.00448269e+00 1.43281492e-03 2.82420309e-01 1.73000000e+02 4.00000000e+00
4.05001263e+03 1.00184707e+00 1.51428107e-03 2.87147391e-01 1.90000000e+02 6.00000000e+00
4.05002230e+03 1.00479015e+00 1.28841189e-03 2.92191642e-01 1.62000000e+02 4.00000000e+00
4.05003251e+03 1.00186270e+00 1.48575763e-03 2.97516217e-01 1.99000000e+02 6.00000000e+00
4.05004241e+03 1.00387620e+00 1.28841189e-03 3.02680506e-01 1.60000000e+02 4.00000000e+00
4.05005191e+03 1.00166767e+00 1.28841189e-03 3.07636917e-01 1.85000000e+02 6.00000000e+00
4.05006115e+03 1.00313353e+00 1.28841189e-03 3.12458816e-01 1.71000000e+02 4.00000000e+00
4.05007163e+03 1.00125858e+00 1.28841189e-03 3.17927592e-01 1.86000000e+02 6.00000000e+00
4.05008062e+03 1.00268688e+00 1.28841189e-03 3.22615119e-01 1.65000000e+02 4.00000000e+00
4.05009067e+03 1.00295913e+00 1.62875967e-03 3.27862146e-01 1.71000000e+02 5.00000000e+00
4.05009858e+03 1.00207770e+00 1.28841189e-03 3.31984952e-01 1.75000000e+02 5.00000000e+00
4.05010915e+03 1.00197995e+00 1.28841189e-03 3.37503047e-01 1.73000000e+02 4.00000000e+00
4.05011834e+03 1.00138024e+00 1.28841189e-03 3.42298451e-01 1.88000000e+02 6.00000000e+00
4.05012815e+03 1.00166718e+00 1.28841189e-03 3.47415056e-01 1.67000000e+02 4.00000000e+00
4.05013742e+03 1.00110896e+00 1.28841189e-03 3.52248631e-01 1.98000000e+02 6.00000000e+00
4.05014726e+03 1.00136319e+00 1.28841189e-03 3.57382208e-01 1.56000000e+02 4.00000000e+00
4.05015729e+03 1.00053400e+00 1.28841189e-03 3.62619345e-01 2.00000000e+02 6.00000000e+00
4.05016698e+03 1.00131160e+00 1.28841189e-03 3.67672607e-01 1.65000000e+02 4.00000000e+00
4.05017671e+03 1.00150125e+00 1.28841189e-03 3.72750364e-01 1.94000000e+02 6.00000000e+00
4.05018583e+03 1.00147800e+00 1.28841189e-03 3.77507192e-01 1.76000000e+02 4.00000000e+00
4.05019587e+03 1.00152641e+00 1.28841189e-03 3.82744464e-01 1.96000000e+02 6.00000000e+00
4.05020492e+03 1.00026213e+00 1.28841189e-03 3.87469028e-01 1.79000000e+02 4.00000000e+00
4.05021532e+03 1.00141063e+00 1.28841189e-03 3.92892664e-01 1.77000000e+02 5.00000000e+00
4.05022344e+03 1.00135154e+00 1.28841189e-03 3.97131428e-01 1.88000000e+02 6.00000000e+00
4.05023374e+03 1.00190675e+00 1.28841189e-03 4.02502499e-01 1.80000000e+02 4.00000000e+00
4.05024289e+03 1.00151567e+00 1.28841189e-03 4.07277153e-01 2.01000000e+02 6.00000000e+00
4.05025258e+03 1.00115316e+00 1.28841189e-03 4.12332502e-01 1.73000000e+02 4.00000000e+00
4.05026207e+03 1.00157001e+00 1.28841189e-03 4.17284221e-01 2.18000000e+02 6.00000000e+00
4.05027212e+03 1.00081319e+00 1.28841189e-03 4.22525396e-01 1.77000000e+02 4.00000000e+00
4.05028220e+03 1.00203470e+00 1.28841189e-03 4.27784522e-01 2.09000000e+02 6.00000000e+00
4.05029174e+03 1.00003064e+00 1.28841189e-03 4.32762111e-01 1.70000000e+02 4.00000000e+00
4.05030128e+03 1.00111906e+00 1.28841189e-03 4.37742384e-01 2.01000000e+02 6.00000000e+00
4.05031043e+03 1.00075793e+00 1.34763036e-03 4.42511506e-01 1.86000000e+02 4.00000000e+00
4.05032067e+03 1.00203513e+00 1.28841189e-03 4.47853485e-01 2.01000000e+02 6.00000000e+00
4.05032938e+03 1.00029134e+00 1.28841189e-03 4.52400600e-01 1.80000000e+02 4.00000000e+00
4.05033927e+03 1.00032150e+00 1.50599986e-03 4.57558731e-01 1.90000000e+02 5.00000000e+00
4.05034694e+03 1.00246693e+00 1.28841189e-03 4.61562010e-01 1.36000000e+02 6.00000000e+00
4.05035989e+03 1.00086341e+00 1.28841189e-03 4.68317466e-01 3.57000000e+02 6.00000000e+00
4.05037748e+03 9.98822539e-01 3.55859454e-03 4.77492564e-01 3.53000000e+02 5.00000000e+00
4.05039547e+03 9.98835652e-01 3.17096974e-03 4.86880764e-01 3.56000000e+02 5.00000000e+00
4.05041295e+03 1.00023481e+00 1.58490752e-03 4.95999851e-01 3.63000000e+02 6.00000000e+00
4.05043149e+03 9.99550514e-01 1.56876841e-03 5.05673899e-01 3.64000000e+02 6.00000000e+00
4.05044952e+03 9.98782035e-01 1.91943887e-03 5.15079005e-01 3.51000000e+02 6.00000000e+00
4.05046839e+03 9.89311591e-01 7.26543876e-03 5.24923663e-01 3.68000000e+02 6.00000000e+00
4.05048705e+03 9.72540581e-01 1.74018186e-02 5.34660100e-01 3.66000000e+02 6.00000000e+00
4.05050511e+03 9.44760327e-01 3.05037195e-02 5.44084904e-01 3.60000000e+02 6.00000000e+00
4.05052218e+03 8.48027921e-01 7.57326787e-03 5.52986538e-01 3.41000000e+02 4.00000000e+00
4.05053980e+03 8.83037352e-01 2.77741976e-02 5.62183563e-01 3.49000000e+02 6.00000000e+00
4.05055719e+03 8.91442141e-01 8.41268390e-03 5.71254046e-01 3.64000000e+02 6.00000000e+00
4.05057615e+03 8.41487998e-01 3.76379565e-02 5.81143183e-01 3.59000000e+02 6.00000000e+00
4.05059484e+03 7.84365810e-01 1.30201198e-02 5.90897112e-01 3.49000000e+02 6.00000000e+00
4.05061350e+03 7.73295154e-01 1.58330886e-02 6.00631188e-01 3.64000000e+02 6.00000000e+00
4.05063205e+03 7.97374112e-01 2.47837304e-02 6.10308529e-01 3.41000000e+02 6.00000000e+00
4.05064934e+03 8.42079828e-01 2.97867433e-02 6.19328654e-01 3.44000000e+02 6.00000000e+00
4.05066750e+03 9.61228108e-01 2.88073374e-02 6.28802736e-01 3.25000000e+02 4.00000000e+00
4.05068415e+03 9.30678950e-01 4.07975143e-02 6.37494065e-01 3.37000000e+02 6.00000000e+00
4.05070258e+03 9.66279550e-01 2.09421027e-02 6.47105167e-01 3.54000000e+02 6.00000000e+00
4.05072085e+03 9.88520555e-01 7.85935748e-03 6.56641002e-01 3.42000000e+02 6.00000000e+00
4.05073980e+03 9.96624507e-01 1.43300394e-03 6.66525994e-01 3.32000000e+02 6.00000000e+00
4.05075828e+03 9.97994842e-01 1.58032967e-03 6.76168603e-01 3.41000000e+02 6.00000000e+00
4.05077638e+03 9.98983884e-01 1.44401603e-03 6.85609690e-01 3.28000000e+02 6.00000000e+00
4.05079381e+03 1.00069696e+00 1.74738024e-03 6.94705483e-01 3.27000000e+02 5.00000000e+00
4.05081151e+03 1.00119541e+00 1.28841189e-03 7.03939839e-01 3.36000000e+02 6.00000000e+00
4.05082941e+03 1.00126070e+00 1.29083254e-03 7.13278141e-01 3.33000000e+02 6.00000000e+00
4.05084787e+03 1.00262539e+00 1.40935581e-03 7.22906296e-01 3.39000000e+02 6.00000000e+00
4.05086605e+03 1.00305907e+00 1.28841189e-03 7.32391461e-01 3.25000000e+02 6.00000000e+00
4.05088490e+03 1.00490922e+00 1.28841189e-03 7.42229323e-01 3.35000000e+02 6.00000000e+00
4.05089686e+03 1.00676115e+00 1.28841189e-03 7.48468107e-01 1.12000000e+02 4.00000000e+00
4.05090523e+03 1.00636500e+00 1.53232118e-03 7.52831450e-01 1.80000000e+02 6.00000000e+00
4.05091414e+03 1.00749142e+00 1.28841189e-03 7.57484673e-01 1.68000000e+02 4.00000000e+00
4.05092460e+03 1.00632193e+00 1.28841189e-03 7.62938727e-01 1.74000000e+02 6.00000000e+00
4.05093270e+03 1.00785833e+00 1.28841189e-03 7.67166383e-01 1.65000000e+02 5.00000000e+00
4.05094297e+03 1.00791491e+00 1.28841189e-03 7.72521644e-01 1.73000000e+02 4.00000000e+00
4.05095226e+03 1.00733332e+00 1.28841189e-03 7.77370170e-01 1.88000000e+02 6.00000000e+00
4.05096195e+03 1.00997055e+00 1.65140949e-03 7.82424597e-01 1.70000000e+02 4.00000000e+00
4.05097100e+03 1.00784744e+00 1.28841189e-03 7.87147405e-01 1.85000000e+02 6.00000000e+00
4.05098071e+03 1.00967675e+00 1.28841189e-03 7.92215274e-01 1.57000000e+02 4.00000000e+00
4.05099083e+03 1.00897224e+00 1.48418114e-03 7.97494084e-01 2.00000000e+02 6.00000000e+00
