# Time Flux Flux_Err Phase N NSector
4.13763807e+03 1.00721163e+00 5.59395497e-04 -1.97590022e-01 2.65000000e+02 5.00000000e+00
4.13764938e+03 1.00726907e+00 5.59395497e-04 -1.92463431e-01 2.64000000e+02 5.00000000e+00
4.13766007e+03 1.00681380e+00 5.59395497e-04 -1.87621282e-01 2.62000000e+02 5.00000000e+00
4.13767163e+03 1.00668758e+00 5.59395497e-04 -1.82384757e-01 2.61000000e+02 5.00000000e+00
4.13768229e+03 1.00605312e+00 5.59395497e-04 -1.77559086e-01 2.65000000e+02 5.00000000e+00
4.13769363e+03 1.00566015e+00 5.59395497e-04 -1.72422982e-01 2.64000000e+02 5.00000000e+00
4.13770438e+03 1.00510144e+00 6.03670073e-04 -1.67550148e-01 2.61000000e+02 5.00000000e+00
4.13771563e+03 1.00443269e+00 5.96568184e-04 -1.62455466e-01 2.66000000e+02 5.00000000e+00
4.13772654e+03 1.00399714e+00 5.59395497e-04 -1.57513792e-01 2.57000000e+02 4.00000000e+00
4.13773767e+03 1.00352489e+00 5.59395497e-04 -1.52471070e-01 2.68000000e+02 5.00000000e+00
4.13774866e+03 1.00313047e+00 5.59395497e-04 -1.47493937e-01 2.49000000e+02 4.00000000e+00
4.13775968e+03 1.00214865e+00 6.71877175e-04 -1.42501239e-01 2.61000000e+02 5.00000000e+00
4.13777069e+03 1.00178555e+00 5.59395497e-04 -1.37514225e-01 2.49000000e+02 4.00000000e+00
4.13778167e+03 1.00125009e+00 5.59395497e-04 -1.32541562e-01 2.58000000e+02 5.00000000e+00
4.13779286e+03 1.00072319e+00 5.59395497e-04 -1.27472711e-01 2.55000000e+02 5.00000000e+00
4.13780379e+03 1.00020211e+00 5.59395497e-04 -1.22524288e-01 2.56000000e+02 5.00000000e+00
4.13781501e+03 1.00018664e+00 5.59395497e-04 -1.17440351e-01 2.50000000e+02 5.00000000e+00
4.13782577e+03 9.99705494e-01 5.59395497e-04 -1.12565787e-01 2.55000000e+02 5.00000000e+00
4.13783706e+03 9.99432353e-01 5.59395497e-04 -1.07452773e-01 2.56000000e+02 5.00000000e+00
4.13784789e+03 9.99539669e-01 7.26030178e-04 -1.02548073e-01 2.57000000e+02 5.00000000e+00
4.13785912e+03 9.99016245e-01 8.97195517e-04 -9.74581008e-02 2.58000000e+02 5.00000000e+00
4.13787002e+03 9.98334449e-01 8.70034015e-04 -9.25223333e-02 2.59000000e+02 5.00000000e+00
4.13788133e+03 9.97728604e-01 1.01818604e-03 -8.73992157e-02 2.59000000e+02 5.00000000e+00
4.13789205e+03 9.96941228e-01 5.59395497e-04 -8.25420518e-02 2.54000000e+02 5.00000000e+00
4.13790329e+03 9.96828717e-01 6.24587299e-04 -7.74532871e-02 2.57000000e+02 5.00000000e+00
4.13791112e+03 9.96696948e-01 5.59395497e-04 -7.39071474e-02 1.07000000e+02 4.00000000e+00
4.13791893e+03 9.96251732e-01 6.47818373e-04 -7.03656657e-02 2.46000000e+02 5.00000000e+00
4.13792955e+03 9.95602770e-01 5.59395497e-04 -6.55588914e-02 2.50000000e+02 5.00000000e+00
4.13794036e+03 9.94649446e-01 9.85770031e-04 -6.06602653e-02 2.40000000e+02 5.00000000e+00
4.13795087e+03 9.84174703e-01 1.19520605e-03 -5.59006525e-02 2.39000000e+02 5.00000000e+00
4.13796191e+03 9.61998199e-01 1.46490327e-03 -5.08992699e-02 2.43000000e+02 5.00000000e+00
4.13797229e+03 9.36188745e-01 2.53426341e-03 -4.61963589e-02 2.38000000e+02 5.00000000e+00
4.13798338e+03 9.04726401e-01 2.65694358e-03 -4.11729442e-02 2.40000000e+02 5.00000000e+00
4.13799364e+03 8.68042545e-01 4.31977080e-03 -3.65281962e-02 2.37000000e+02 5.00000000e+00
4.13800475e+03 8.29037919e-01 4.95207283e-03 -3.14934361e-02 2.41000000e+02 5.00000000e+00
4.13801529e+03 7.88975926e-01 4.86377293e-03 -2.67203998e-02 2.36000000e+02 5.00000000e+00
4.13802634e+03 7.48764046e-01 4.00004034e-03 -2.17126542e-02 2.34000000e+02 5.00000000e+00
4.13803663e+03 7.10931818e-01 4.66544104e-03 -1.70530486e-02 2.37000000e+02 5.00000000e+00
4.13804767e+03 6.76332371e-01 3.76943380e-03 -1.20542897e-02 2.43000000e+02 5.00000000e+00
4.13805817e+03 6.50827439e-01 3.58183350e-03 -7.29571738e-03 2.39000000e+02 5.00000000e+00
4.13806903e+03 6.37008117e-01 3.95113597e-03 -2.37952163e-03 2.42000000e+02 5.00000000e+00
4.13807965e+03 6.37121886e-01 4.32159402e-03 2.43307040e-03 2.42000000e+02 5.00000000e+00
4.13809047e+03 6.51033830e-01 5.06642526e-03 7.33350416e-03 2.48000000e+02 5.00000000e+00
4.13810103e+03 6.76542577e-01 3.20432402e-03 1.21171716e-02 2.44000000e+02 4.00000000e+00
4.13811190e+03 7.09554468e-01 2.01845922e-03 1.70420294e-02 2.49000000e+02 5.00000000e+00
4.13812244e+03 7.48641825e-01 7.21401313e-04 2.18171872e-02 2.31000000e+02 4.00000000e+00
4.13813321e+03 7.86277314e-01 2.41199000e-03 2.66953493e-02 2.53000000e+02 5.00000000e+00
4.13814393e+03 8.24901166e-01 2.55431201e-03 3.15517654e-02 2.31000000e+02 4.00000000e+00
4.13815461e+03 8.60389331e-01 3.61078401e-03 3.63871202e-02 2.52000000e+02 5.00000000e+00
4.13816536e+03 8.98005229e-01 3.14776661e-03 4.12557227e-02 2.30000000e+02 4.00000000e+00
4.13817590e+03 9.27424770e-01 4.40759497e-03 4.60302277e-02 2.47000000e+02 5.00000000e+00
4.13818669e+03 9.58182148e-01 2.29915001e-03 5.09178598e-02 2.27000000e+02 4.00000000e+00
4.13819744e+03 9.80660669e-01 1.69034928e-03 5.57898573e-02 2.41000000e+02 5.00000000e+00
4.13820821e+03 9.94462903e-01 5.59395497e-04 6.06680552e-02 2.26000000e+02 4.00000000e+00
4.13821885e+03 9.95557915e-01 5.59395497e-04 6.54876538e-02 2.41000000e+02 5.00000000e+00
4.13822966e+03 9.96174155e-01 5.59395497e-04 7.03830808e-02 2.33000000e+02 4.00000000e+00
4.13823746e+03 9.96475912e-01 8.50254413e-04 7.39143821e-02 1.11000000e+02 5.00000000e+00
4.13824528e+03 9.96107054e-01 5.59395497e-04 7.74565473e-02 2.44000000e+02 5.00000000e+00
4.13825646e+03 9.96681427e-01 7.09414540e-04 8.25201650e-02 2.51000000e+02 5.00000000e+00
4.13826737e+03 9.96873557e-01 5.59395497e-04 8.74660959e-02 2.43000000e+02 4.00000000e+00
4.13827860e+03 9.97259205e-01 6.94441331e-04 9.25509009e-02 2.55000000e+02 5.00000000e+00
4.13828948e+03 9.97602323e-01 5.59395497e-04 9.74803278e-02 2.45000000e+02 4.00000000e+00
4.13830061e+03 9.98125699e-01 6.07946690e-04 1.02521592e-01 2.56000000e+02 5.00000000e+00
4.13831156e+03 9.98673303e-01 5.90038297e-04 1.07478701e-01 2.41000000e+02 4.00000000e+00
4.13832262e+03 9.99148006e-01 5.59395497e-04 1.12491424e-01 2.52000000e+02 5.00000000e+00
4.13833371e+03 9.99179959e-01 5.59395497e-04 1.17513190e-01 2.42000000e+02 4.00000000e+00
4.13834468e+03 9.99669238e-01 5.59395497e-04 1.22480818e-01 2.52000000e+02 5.00000000e+00
4.13835585e+03 1.00004737e+00 6.67890778e-04 1.27541976e-01 2.40000000e+02 5.00000000e+00
4.13836676e+03 9.99935001e-01 5.59395497e-04 1.32482677e-01 2.54000000e+02 5.00000000e+00
4.13837788e+03 1.00035688e+00 5.59395497e-04 1.37520691e-01 2.44000000e+02 5.00000000e+00
4.13838874e+03 1.00048483e+00 5.59395497e-04 1.42441483e-01 2.46000000e+02 5.00000000e+00
4.13840002e+03 1.00096212e+00 5.59395497e-04 1.47549725e-01 2.48000000e+02 5.00000000e+00
4.13841082e+03 1.00033030e+00 5.59395497e-04 1.52442387e-01 2.45000000e+02 5.00000000e+00
4.13842221e+03 1.00128855e+00 5.59395497e-04 1.57602643e-01 2.47000000e+02 5.00000000e+00
4.13843300e+03 1.00098815e+00 5.59395497e-04 1.62488271e-01 2.44000000e+02 5.00000000e+00
4.13844410e+03 1.00141922e+00 5.59395497e-04 1.67519231e-01 2.54000000e+02 5.00000000e+00
4.13845514e+03 1.00191528e+00 5.59395497e-04 1.72517774e-01 2.39000000e+02 4.00000000e+00
4.13846619e+03 1.00196612e+00 6.94201131e-04 1.77525165e-01 2.44000000e+02 5.00000000e+00
4.13847721e+03 1.00253744e+00 5.59395497e-04 1.82515216e-01 2.36000000e+02 4.00000000e+00
4.13848820e+03 1.00253990e+00 7.08335319e-04 1.87494335e-01 2.47000000e+02 5.00000000e+00
4.13849921e+03 1.00321705e+00 5.59395497e-04 1.92481384e-01 2.39000000e+02 4.00000000e+00
4.13851028e+03 1.00305399e+00 5.59395497e-04 1.97493498e-01 2.45000000e+02 5.00000000e+00
4.13852139e+03 1.00390562e+00 5.59395497e-04 2.02525358e-01 2.31000000e+02 4.00000000e+00
4.13853219e+03 1.00370416e+00 7.82569752e-04 2.07417774e-01 2.37000000e+02 5.00000000e+00
4.13854355e+03 1.00372165e+00 1.10457926e-03 2.12565120e-01 2.36000000e+02 5.00000000e+00
4.13855440e+03 1.00374971e+00 1.41770301e-03 2.17479808e-01 2.37000000e+02 5.00000000e+00
4.13856558e+03 1.00395557e+00 1.42646183e-03 2.22542897e-01 2.36000000e+02 5.00000000e+00
4.13857639e+03 1.00480941e+00 1.28788764e-03 2.27440060e-01 2.33000000e+02 5.00000000e+00
4.13858771e+03 1.00467916e+00 1.20211176e-03 2.32565685e-01 2.36000000e+02 5.00000000e+00
4.13859851e+03 1.00474760e+00 1.21550446e-03 2.37458807e-01 2.33000000e+02 5.00000000e+00
4.13860977e+03 1.00468835e+00 1.32360267e-03 2.42558454e-01 2.34000000e+02 5.00000000e+00
4.13862056e+03 1.00501388e+00 1.21860248e-03 2.47447163e-01 2.29000000e+02 5.00000000e+00
4.13863179e+03 1.00507357e+00 1.44560157e-03 2.52533952e-01 2.37000000e+02 5.00000000e+00
4.13864272e+03 1.00521842e+00 6.42663430e-04 2.57485980e-01 2.27000000e+02 4.00000000e+00
4.13865384e+03 1.00513815e+00 1.31840648e-03 2.62524401e-01 2.39000000e+02 5.00000000e+00
4.13866480e+03 1.00526014e+00 5.59395497e-04 2.67485344e-01 2.24000000e+02 4.00000000e+00
4.13867584e+03 1.00514355e+00 9.11201427e-04 2.72485695e-01 2.37000000e+02 5.00000000e+00
4.13868694e+03 1.00541778e+00 5.59395497e-04 2.77515806e-01 2.25000000e+02 4.00000000e+00
4.13869794e+03 1.00519804e+00 5.59395497e-04 2.82498993e-01 2.37000000e+02 5.00000000e+00
4.13870910e+03 1.00538776e+00 5.59395497e-04 2.87554248e-01 2.28000000e+02 4.00000000e+00
4.13871993e+03 1.00520368e+00 5.59395497e-04 2.92459796e-01 2.33000000e+02 5.00000000e+00
4.13873115e+03 1.00507611e+00 5.59395497e-04 2.97540074e-01 2.34000000e+02 5.00000000e+00
4.13874192e+03 1.00490038e+00 5.59395497e-04 3.02421117e-01 2.31000000e+02 5.00000000e+00
4.13875335e+03 1.00491554e+00 5.59395497e-04 3.07597952e-01 2.27000000e+02 5.00000000e+00
4.13876400e+03 1.00498787e+00 5.59395497e-04 3.12419865e-01 2.26000000e+02 5.00000000e+00
4.13877534e+03 1.00478372e+00 5.59395497e-04 3.17556611e-01 2.31000000e+02 5.00000000e+00
4.13878620e+03 1.00456916e+00 5.59395497e-04 3.22478370e-01 2.23000000e+02 5.00000000e+00
4.13879748e+03 1.00431399e+00 5.59395497e-04 3.27587234e-01 2.29000000e+02 5.00000000e+00
4.13880831e+03 1.00430779e+00 5.59395497e-04 3.32492567e-01 2.21000000e+02 4.00000000e+00
4.13881939e+03 1.00387735e+00 5.59395497e-04 3.37512440e-01 2.30000000e+02 5.00000000e+00
4.13883041e+03 1.00387092e+00 5.59395497e-04 3.42502320e-01 2.20000000e+02 4.00000000e+00
4.13884152e+03 1.00348051e+00 5.59395497e-04 3.47535514e-01 2.33000000e+02 5.00000000e+00
4.13885252e+03 1.00334426e+00 5.59395497e-04 3.52518674e-01 2.19000000e+02 4.00000000e+00
4.13886349e+03 1.00274770e+00 5.62171860e-04 3.57485522e-01 2.34000000e+02 5.00000000e+00
4.13887453e+03 1.00294862e+00 5.59395497e-04 3.62486528e-01 2.19000000e+02 4.00000000e+00
4.13888556e+03 1.00184933e+00 5.59395497e-04 3.67481851e-01 2.31000000e+02 5.00000000e+00
4.13889666e+03 1.00225905e+00 5.59395497e-04 3.72510040e-01 2.19000000e+02 4.00000000e+00
4.13890748e+03 1.00189291e+00 5.59395497e-04 3.77415100e-01 2.22000000e+02 5.00000000e+00
4.13891871e+03 1.00144454e+00 5.59395497e-04 3.82497651e-01 2.23000000e+02 5.00000000e+00
4.13892959e+03 1.00150580e+00 5.59395497e-04 3.87427525e-01 2.21000000e+02 5.00000000e+00
4.13894095e+03 1.00133884e+00 5.59395497e-04 3.92572497e-01 2.20000000e+02 5.00000000e+00
4.13895152e+03 1.00098677e+00 5.59395497e-04 3.97363716e-01 2.23000000e+02 5.00000000e+00
4.13896309e+03 1.00077042e+00 5.59395497e-04 4.02602324e-01 2.27000000e+02 5.00000000e+00
4.13897380e+03 1.00048997e+00 5.59395497e-04 4.07451862e-01 2.29000000e+02 5.00000000e+00
4.13898510e+03 1.00024988e+00 5.59395497e-04 4.12570460e-01 2.29000000e+02 5.00000000e+00
4.13899593e+03 9.99682198e-01 5.59395497e-04 4.17476450e-01 2.22000000e+02 4.00000000e+00
4.13900708e+03 9.99626096e-01 6.20954964e-04 4.22528798e-01 2.36000000e+02 5.00000000e+00
4.13901806e+03 9.99147843e-01 5.59395497e-04 4.27503982e-01 2.30000000e+02 4.00000000e+00
4.13902910e+03 9.99318009e-01 7.32411437e-04 4.32502485e-01 2.43000000e+02 5.00000000e+00
4.13904015e+03 9.98705509e-01 5.59395497e-04 4.37506968e-01 2.20000000e+02 4.00000000e+00
4.13905109e+03 9.98569361e-01 5.59395497e-04 4.42462865e-01 2.35000000e+02 5.00000000e+00
4.13906210e+03 9.98118732e-01 7.16080769e-04 4.47452220e-01 2.20000000e+02 4.00000000e+00
4.13907315e+03 9.97774513e-01 5.59395497e-04 4.52453837e-01 2.32000000e+02 5.00000000e+00
4.13908432e+03 9.97470259e-01 5.59395497e-04 4.57516183e-01 2.20000000e+02 4.00000000e+00
4.13909507e+03 9.97639864e-01 1.26614305e-03 4.62385227e-01 2.27000000e+02 5.00000000e+00
4.13910388e+03 9.97136737e-01 5.59395497e-04 4.66376929e-01 1.26000000e+02 4.00000000e+00
4.13911254e+03 9.97717501e-01 8.26939282e-04 4.70297962e-01 2.27000000e+02 5.00000000e+00
4.13912314e+03 9.96526438e-01 5.59395497e-04 4.75101149e-01 2.17000000e+02 4.00000000e+00
4.13913382e+03 9.95319455e-01 7.11140622e-04 4.79936918e-01 2.29000000e+02 5.00000000e+00
4.13914462e+03 9.83974370e-01 8.01043576e-04 4.84827844e-01 2.14000000e+02 4.00000000e+00
4.13915516e+03 9.62080438e-01 5.59395497e-04 4.89605039e-01 2.32000000e+02 5.00000000e+00
4.13916591e+03 9.35767891e-01 9.41830730e-04 4.94471675e-01 2.17000000e+02 4.00000000e+00
4.13917661e+03 9.04618651e-01 6.28851779e-04 4.99320462e-01 2.34000000e+02 5.00000000e+00
4.13918744e+03 8.70273906e-01 6.37937641e-04 5.04226819e-01 2.20000000e+02 4.00000000e+00
4.13919807e+03 8.34243669e-01 9.36208173e-04 5.09039072e-01 2.31000000e+02 5.00000000e+00
4.13920895e+03 7.96409126e-01 1.51591621e-03 5.13970108e-01 2.20000000e+02 4.00000000e+00
4.13921951e+03 7.58192889e-01 1.32323620e-03 5.18754427e-01 2.25000000e+02 5.00000000e+00
4.13923026e+03 7.24503677e-01 1.90904404e-03 5.23623863e-01 2.21000000e+02 4.00000000e+00
4.13924083e+03 6.93448508e-01 1.33234669e-03 5.28407651e-01 2.26000000e+02 5.00000000e+00
4.13925172e+03 6.67519582e-01 2.83279574e-03 5.33340950e-01 2.28000000e+02 5.00000000e+00
4.13926230e+03 6.60387806e-01 5.67935766e-04 5.38135129e-01 2.35000000e+02 5.00000000e+00
4.13927322e+03 6.60196388e-01 3.37746708e-03 5.43081971e-01 2.32000000e+02 5.00000000e+00
4.13928362e+03 6.72342802e-01 4.75533137e-03 5.47793846e-01 2.37000000e+02 5.00000000e+00
4.13929469e+03 6.95676246e-01 4.90837621e-03 5.52807657e-01 2.33000000e+02 5.00000000e+00
4.13930504e+03 7.25803483e-01 3.80249604e-03 5.57493384e-01 2.33000000e+02 5.00000000e+00
4.13931613e+03 7.60700171e-01 2.17492968e-03 5.62516215e-01 2.31000000e+02 5.00000000e+00
4.13932651e+03 7.98499975e-01 3.43158437e-03 5.67221463e-01 2.28000000e+02 5.00000000e+00
4.13933763e+03 8.35569099e-01 2.63022976e-03 5.72258952e-01 2.26000000e+02 5.00000000e+00
4.13934805e+03 8.71637668e-01 2.55291314e-03 5.76976175e-01 2.27000000e+02 5.00000000e+00
4.13935919e+03 9.06811674e-01 2.57201786e-03 5.82023486e-01 2.33000000e+02 5.00000000e+00
4.13936950e+03 9.39598022e-01 3.22697252e-03 5.86693511e-01 2.33000000e+02 5.00000000e+00
4.13938048e+03 9.65193869e-01 2.68016901e-03 5.91667967e-01 2.36000000e+02 5.00000000e+00
4.13939090e+03 9.85406477e-01 2.98878007e-03 5.96385958e-01 2.31000000e+02 5.00000000e+00
4.13940195e+03 9.95744501e-01 6.99633749e-04 6.01390982e-01 2.40000000e+02 5.00000000e+00
4.13941246e+03 9.96801147e-01 5.59395497e-04 6.06150833e-01 2.35000000e+02 4.00000000e+00
4.13942318e+03 9.96735000e-01 5.59395497e-04 6.11009414e-01 2.44000000e+02 5.00000000e+00
4.13943013e+03 9.96844331e-01 5.59395497e-04 6.14154497e-01 7.70000000e+01 4.00000000e+00
4.13943750e+03 9.97268305e-01 5.59395497e-04 6.17494499e-01 2.42000000e+02 4.00000000e+00
4.13944850e+03 9.97534346e-01 5.59395497e-04 6.22479521e-01 2.54000000e+02 5.00000000e+00
4.13945968e+03 9.97723076e-01 5.59395497e-04 6.27542287e-01 2.49000000e+02 5.00000000e+00
4.13947046e+03 9.98361103e-01 5.59395497e-04 6.32424960e-01 2.55000000e+02 5.00000000e+00
4.13948182e+03 9.97770600e-01 5.59395497e-04 6.37571372e-01 2.54000000e+02 5.00000000e+00
4.13949254e+03 9.99454832e-01 5.68055521e-04 6.42425697e-01 2.54000000e+02 5.00000000e+00
4.13950396e+03 9.99783506e-01 5.59395497e-04 6.47599583e-01 2.55000000e+02 5.00000000e+00
4.13951464e+03 1.00038141e+00 5.59395497e-04 6.52437272e-01 2.45000000e+02 5.00000000e+00
4.13952595e+03 1.00081021e+00 5.59395497e-04 6.57560562e-01 2.50000000e+02 5.00000000e+00
4.13953677e+03 1.00103241e+00 5.59395497e-04 6.62459428e-01 2.44000000e+02 5.00000000e+00
4.13954802e+03 1.00149560e+00 5.59395497e-04 6.67554943e-01 2.50000000e+02 5.00000000e+00
4.13955897e+03 1.00221598e+00 5.59395497e-04 6.72515200e-01 2.41000000e+02 4.00000000e+00
4.13957001e+03 1.00239886e+00 5.59395497e-04 6.77519036e-01 2.53000000e+02 5.00000000e+00
4.13958114e+03 1.00327287e+00 5.59395497e-04 6.82558733e-01 2.44000000e+02 4.00000000e+00
4.13959202e+03 1.00361534e+00 5.59395497e-04 6.87485473e-01 2.64000000e+02 5.00000000e+00
4.13960308e+03 1.00432753e+00 5.59395497e-04 6.92499141e-01 2.39000000e+02 4.00000000e+00
4.13961410e+03 1.00391377e+00 8.36419615e-04 6.97488091e-01 2.59000000e+02 5.00000000e+00
4.13962519e+03 1.00471011e+00 6.71055861e-04 7.02512603e-01 2.46000000e+02 4.00000000e+00
4.13963608e+03 1.00429657e+00 1.47530806e-03 7.07445641e-01 2.59000000e+02 5.00000000e+00
4.13964735e+03 1.00506279e+00 1.22833223e-03 7.12548171e-01 2.54000000e+02 5.00000000e+00
4.13965807e+03 1.00518659e+00 1.28739145e-03 7.17403469e-01 2.53000000e+02 5.00000000e+00
4.13966946e+03 1.00635023e+00 8.43869434e-04 7.22565636e-01 2.57000000e+02 5.00000000e+00
4.13968013e+03 1.00661619e+00 9.66155794e-04 7.27399140e-01 2.62000000e+02 5.00000000e+00
4.13969161e+03 1.00702637e+00 8.60884370e-04 7.32597632e-01 2.63000000e+02 5.00000000e+00
4.13970231e+03 1.00668801e+00 1.14443287e-03 7.37445848e-01 2.62000000e+02 5.00000000e+00
4.13971365e+03 1.00766475e+00 5.76884936e-04 7.42582084e-01 2.64000000e+02 5.00000000e+00
4.13972445e+03 1.00716043e+00 1.11249514e-03 7.47473038e-01 2.58000000e+02 5.00000000e+00
4.13973562e+03 1.00739426e+00 1.20881363e-03 7.52533777e-01 2.67000000e+02 5.00000000e+00
4.13974660e+03 1.00830470e+00 5.59395497e-04 7.57504852e-01 2.56000000e+02 4.00000000e+00
4.13975771e+03 1.00799458e+00 7.85223177e-04 7.62541425e-01 2.68000000e+02 5.00000000e+00
4.13976868e+03 1.00830782e+00 5.59395497e-04 7.67509432e-01 2.54000000e+02 4.00000000e+00
4.13977968e+03 1.00784853e+00 8.90771180e-04 7.72492311e-01 2.71000000e+02 5.00000000e+00
4.13979068e+03 1.00830494e+00 5.59395497e-04 7.77473224e-01 2.56000000e+02 4.00000000e+00
4.13980174e+03 1.00842433e+00 5.59395497e-04 7.82484423e-01 2.68000000e+02 5.00000000e+00
4.13981284e+03 1.00825346e+00 5.59395497e-04 7.87511333e-01 2.59000000e+02 5.00000000e+00
4.13982377e+03 1.00797655e+00 5.59395497e-04 7.92461312e-01 2.68000000e+02 5.00000000e+00
4.13983494e+03 1.00796796e+00 8.46275378e-04 7.97521002e-01 2.61000000e+02 5.00000000e+00
