# Time Flux Flux_Err Phase N NSector
3.75104337e+03 1.00003159e+00 3.95092606e-04 -1.97460067e-01 2.92000000e+02 7.00000000e+00
3.75106727e+03 1.00020552e+00 4.04532375e-04 -1.92561411e-01 2.85000000e+02 7.00000000e+00
3.75109210e+03 1.00031405e+00 3.35053611e-04 -1.87469483e-01 2.83000000e+02 7.00000000e+00
3.75111622e+03 1.00008362e+00 3.35053611e-04 -1.82524768e-01 2.76000000e+02 7.00000000e+00
3.75114081e+03 1.00027056e+00 3.35053611e-04 -1.77484034e-01 2.84000000e+02 7.00000000e+00
3.75116483e+03 9.99902844e-01 4.47125823e-04 -1.72558685e-01 2.77000000e+02 7.00000000e+00
3.75118958e+03 9.99959947e-01 3.35053611e-04 -1.67485111e-01 2.85000000e+02 7.00000000e+00
3.75121392e+03 1.00015581e+00 3.35053611e-04 -1.62493295e-01 2.86000000e+02 7.00000000e+00
3.75123832e+03 1.00016860e+00 3.35053611e-04 -1.57491509e-01 2.96000000e+02 7.00000000e+00
3.75126283e+03 9.99805195e-01 3.35148576e-04 -1.52466984e-01 2.83000000e+02 7.00000000e+00
3.75128693e+03 1.00004888e+00 3.78346042e-04 -1.47524886e-01 2.94000000e+02 7.00000000e+00
3.75131160e+03 9.99740928e-01 3.35053611e-04 -1.42466778e-01 2.93000000e+02 7.00000000e+00
3.75133558e+03 9.99805749e-01 3.35053611e-04 -1.37550052e-01 3.05000000e+02 7.00000000e+00
3.75136059e+03 9.98945820e-01 3.35053611e-04 -1.32422906e-01 3.00000000e+02 7.00000000e+00
3.75138461e+03 9.99452115e-01 3.35053611e-04 -1.27499167e-01 2.96000000e+02 7.00000000e+00
3.75140931e+03 9.99130636e-01 3.35053611e-04 -1.22435522e-01 2.98000000e+02 7.00000000e+00
3.75143304e+03 9.98719841e-01 3.94178664e-04 -1.17569796e-01 2.95000000e+02 7.00000000e+00
3.75145795e+03 9.98512180e-01 4.33123252e-04 -1.12462071e-01 3.03000000e+02 7.00000000e+00
3.75148197e+03 9.97908182e-01 3.35053611e-04 -1.07537223e-01 2.96000000e+02 7.00000000e+00
3.75150670e+03 9.97749142e-01 4.67074367e-04 -1.02468318e-01 3.04000000e+02 7.00000000e+00
3.75153116e+03 9.97738502e-01 3.96394945e-04 -9.74531231e-02 2.95000000e+02 7.00000000e+00
3.75155538e+03 9.97663520e-01 4.61159257e-04 -9.24865403e-02 3.02000000e+02 7.00000000e+00
3.75157956e+03 9.97171079e-01 3.65222879e-04 -8.75300530e-02 2.93000000e+02 7.00000000e+00
3.75160399e+03 9.97113025e-01 4.25382660e-04 -8.25200196e-02 3.04000000e+02 7.00000000e+00
3.75162857e+03 9.96757335e-01 4.88116528e-04 -7.74815757e-02 2.93000000e+02 7.00000000e+00
3.75165274e+03 9.96712870e-01 4.72377064e-04 -7.25252956e-02 3.05000000e+02 7.00000000e+00
3.75167760e+03 9.96302842e-01 3.35053611e-04 -6.74297858e-02 2.93000000e+02 7.00000000e+00
3.75170149e+03 9.96526059e-01 4.02294215e-04 -6.25301967e-02 3.00000000e+02 7.00000000e+00
3.75172626e+03 9.96293074e-01 5.75764529e-04 -5.74533011e-02 2.98000000e+02 7.00000000e+00
3.75175014e+03 9.96050780e-01 4.62652443e-04 -5.25568967e-02 2.97000000e+02 7.00000000e+00
3.75177502e+03 9.95498448e-01 3.63635622e-04 -4.74563733e-02 3.00000000e+02 7.00000000e+00
3.75179906e+03 9.95619041e-01 4.09068414e-04 -4.25269916e-02 2.96000000e+02 7.00000000e+00
3.75182377e+03 9.95003371e-01 4.75435093e-04 -3.74595102e-02 3.04000000e+02 7.00000000e+00
3.75184774e+03 9.94556456e-01 6.03074973e-04 -3.25464393e-02 2.91000000e+02 7.00000000e+00
3.75187230e+03 9.93352322e-01 5.08705919e-04 -2.75107013e-02 2.92000000e+02 7.00000000e+00
3.75189640e+03 9.93428600e-01 7.03003532e-04 -2.25699253e-02 2.82000000e+02 7.00000000e+00
3.75190967e+03 9.92889872e-01 8.08300725e-04 -1.98489536e-02 2.80000000e+01 6.00000000e+00
3.75191430e+03 9.93401122e-01 1.27294209e-03 -1.88997514e-02 7.70000000e+01 7.00000000e+00
3.75192092e+03 9.92786348e-01 5.59767505e-04 -1.75414968e-02 7.80000000e+01 6.00000000e+00
3.75192770e+03 9.91117335e-01 8.31557385e-04 -1.61531579e-02 7.20000000e+01 6.00000000e+00
3.75193323e+03 9.89817042e-01 1.87792296e-03 -1.50176595e-02 7.00000000e+01 7.00000000e+00
3.75193964e+03 9.86116345e-01 1.61684513e-03 -1.37035684e-02 7.70000000e+01 6.00000000e+00
3.75194640e+03 9.83324775e-01 1.59468511e-03 -1.23187011e-02 7.60000000e+01 6.00000000e+00
3.75195300e+03 9.79557663e-01 1.88874465e-03 -1.09650578e-02 7.00000000e+01 6.00000000e+00
3.75195853e+03 9.76895691e-01 1.99934984e-03 -9.83131691e-03 7.10000000e+01 6.00000000e+00
3.75196507e+03 9.73930810e-01 2.02106451e-03 -8.49097868e-03 7.50000000e+01 6.00000000e+00
3.75197184e+03 9.70314283e-01 2.48057597e-03 -7.10274001e-03 7.50000000e+01 6.00000000e+00
3.75197827e+03 9.67260049e-01 2.93060456e-03 -5.78386839e-03 6.90000000e+01 6.00000000e+00
3.75198391e+03 9.66234637e-01 2.66892541e-03 -4.62829173e-03 7.00000000e+01 6.00000000e+00
3.75199057e+03 9.63839244e-01 3.05456929e-03 -3.26245207e-03 7.60000000e+01 6.00000000e+00
3.75199730e+03 9.62531459e-01 2.95709385e-03 -1.88235259e-03 7.40000000e+01 6.00000000e+00
3.75200347e+03 9.62782364e-01 3.32467526e-03 -6.17396963e-04 6.60000000e+01 6.00000000e+00
3.75200927e+03 9.62570053e-01 3.32353732e-03 5.71847129e-04 7.30000000e+01 6.00000000e+00
3.75201591e+03 9.63233348e-01 3.28044971e-03 1.93264247e-03 7.60000000e+01 6.00000000e+00
3.75202271e+03 9.63687312e-01 2.61659297e-03 3.32617826e-03 7.00000000e+01 6.00000000e+00
3.75202830e+03 9.65707302e-01 2.67495152e-03 4.47373682e-03 6.50000000e+01 6.00000000e+00
3.75203467e+03 9.68848615e-01 2.74739384e-03 5.77950260e-03 7.50000000e+01 6.00000000e+00
3.75204150e+03 9.70965718e-01 2.37728952e-03 7.17866402e-03 7.70000000e+01 6.00000000e+00
3.75204807e+03 9.74361311e-01 2.73976110e-03 8.52604613e-03 7.30000000e+01 6.00000000e+00
3.75205367e+03 9.77129592e-01 2.07158949e-03 9.67350296e-03 7.10000000e+01 6.00000000e+00
3.75206014e+03 9.82485110e-01 2.68120391e-03 1.10001137e-02 7.90000000e+01 7.00000000e+00
3.75206684e+03 9.83201258e-01 1.89576426e-03 1.23737475e-02 8.00000000e+01 6.00000000e+00
3.75207357e+03 9.86251251e-01 1.82244170e-03 1.37542845e-02 7.30000000e+01 6.00000000e+00
3.75207891e+03 9.90631375e-01 2.14445952e-03 1.48488599e-02 7.30000000e+01 7.00000000e+00
3.75208556e+03 9.89998849e-01 8.09851711e-04 1.62124620e-02 8.10000000e+01 6.00000000e+00
3.75209237e+03 9.91007716e-01 8.76114430e-04 1.76078606e-02 8.00000000e+01 6.00000000e+00
3.75209878e+03 9.90062592e-01 3.35053611e-04 1.89220525e-02 7.50000000e+01 6.00000000e+00
3.75210258e+03 9.90125960e-01 3.35053611e-04 1.97020537e-02 2.90000000e+01 5.00000000e+00
3.75211595e+03 9.91918996e-01 1.25875176e-03 2.24427602e-02 3.03000000e+02 7.00000000e+00
3.75214082e+03 9.91624824e-01 9.51564565e-04 2.75424455e-02 3.03000000e+02 7.00000000e+00
3.75216462e+03 9.92508543e-01 7.24752435e-04 3.24225695e-02 2.96000000e+02 7.00000000e+00
3.75218943e+03 9.93271177e-01 6.05724934e-04 3.75093654e-02 3.08000000e+02 7.00000000e+00
3.75221350e+03 9.93846202e-01 5.82379655e-04 4.24431436e-02 3.01000000e+02 7.00000000e+00
3.75223839e+03 9.94772970e-01 4.80579439e-04 4.75453806e-02 3.06000000e+02 7.00000000e+00
3.75226273e+03 9.95774053e-01 6.82071365e-04 5.25366702e-02 2.94000000e+02 7.00000000e+00
3.75228700e+03 9.96736734e-01 6.68191957e-04 5.75127967e-02 3.05000000e+02 7.00000000e+00
3.75231134e+03 9.97920184e-01 9.59369718e-04 6.25030565e-02 2.92000000e+02 7.00000000e+00
3.75233556e+03 9.99685650e-01 3.96995275e-04 6.74693505e-02 3.10000000e+02 7.00000000e+00
3.75236042e+03 1.00047642e+00 3.78924278e-04 7.25653326e-02 2.92000000e+02 7.00000000e+00
3.75238440e+03 1.00102992e+00 4.82489717e-04 7.74811946e-02 3.05000000e+02 7.00000000e+00
3.75240914e+03 1.00215311e+00 3.35053611e-04 8.25533668e-02 2.94000000e+02 7.00000000e+00
3.75243301e+03 1.00317503e+00 5.24831794e-04 8.74476176e-02 3.01000000e+02 7.00000000e+00
3.75245784e+03 1.00425561e+00 5.45360742e-04 9.25380533e-02 3.00000000e+02 7.00000000e+00
3.75248175e+03 1.00411368e+00 7.31120625e-04 9.74410521e-02 2.96000000e+02 7.00000000e+00
3.75250664e+03 1.00484446e+00 8.46071551e-04 1.02543658e-01 3.00000000e+02 7.00000000e+00
3.75253067e+03 1.00513418e+00 6.16647361e-04 1.07470704e-01 2.94000000e+02 7.00000000e+00
3.75255533e+03 1.00540303e+00 4.37705298e-04 1.12527241e-01 2.99000000e+02 7.00000000e+00
3.75257930e+03 1.00609856e+00 3.60850921e-04 1.17441930e-01 2.83000000e+02 7.00000000e+00
3.75260400e+03 1.00612894e+00 3.35053611e-04 1.22505518e-01 2.96000000e+02 7.00000000e+00
3.75262789e+03 1.00576753e+00 3.36469486e-04 1.27403933e-01 2.82000000e+02 7.00000000e+00
3.75265274e+03 1.00570443e+00 3.35053611e-04 1.32497938e-01 2.95000000e+02 7.00000000e+00
3.75267748e+03 1.00523520e+00 3.35053611e-04 1.37569825e-01 2.80000000e+02 7.00000000e+00
3.75270135e+03 1.00509561e+00 4.29297971e-04 1.42464621e-01 2.84000000e+02 7.00000000e+00
3.75272636e+03 1.00545785e+00 3.35053611e-04 1.47591754e-01 2.74000000e+02 7.00000000e+00
3.75275013e+03 1.00502691e+00 3.35053611e-04 1.52466195e-01 2.80000000e+02 7.00000000e+00
3.75277507e+03 1.00490349e+00 3.35053611e-04 1.57578532e-01 2.80000000e+02 7.00000000e+00
3.75279889e+03 1.00416105e+00 6.56064670e-04 1.62461953e-01 2.92000000e+02 7.00000000e+00
3.75282372e+03 1.00420838e+00 4.43452981e-04 1.67552224e-01 2.80000000e+02 7.00000000e+00
3.75284761e+03 1.00314717e+00 9.79204242e-04 1.72451462e-01 2.78000000e+02 7.00000000e+00
3.75287233e+03 1.00316976e+00 9.30240001e-04 1.77518700e-01 2.89000000e+02 7.00000000e+00
3.75289631e+03 1.00255312e+00 9.89667541e-04 1.82435954e-01 2.82000000e+02 7.00000000e+00
3.75292093e+03 1.00351613e+00 5.44977961e-04 1.87482615e-01 2.98000000e+02 7.00000000e+00
3.75294539e+03 1.00362122e+00 3.93755551e-04 1.92498261e-01 2.82000000e+02 7.00000000e+00
3.75296991e+03 1.00344067e+00 4.30114523e-04 1.97525249e-01 2.98000000e+02 7.00000000e+00
3.75299421e+03 1.00371408e+00 3.63962966e-04 2.02507005e-01 2.90000000e+02 7.00000000e+00
3.75301844e+03 1.00295732e+00 5.53694697e-04 2.07475963e-01 2.92000000e+02 7.00000000e+00
3.75304272e+03 1.00323841e+00 5.52281269e-04 2.12453377e-01 2.87000000e+02 7.00000000e+00
3.75306710e+03 1.00304881e+00 4.61912341e-04 2.17451459e-01 2.97000000e+02 7.00000000e+00
3.75309207e+03 1.00277151e+00 4.19134308e-04 2.22570551e-01 2.91000000e+02 7.00000000e+00
3.75311589e+03 1.00270410e+00 3.35053611e-04 2.27453884e-01 2.94000000e+02 7.00000000e+00
3.75314082e+03 1.00234647e+00 3.35053611e-04 2.32565430e-01 2.93000000e+02 7.00000000e+00
3.75316461e+03 1.00209239e+00 3.35053611e-04 2.37442747e-01 2.90000000e+02 7.00000000e+00
3.75318943e+03 1.00196847e+00 5.26782863e-04 2.42532432e-01 2.97000000e+02 7.00000000e+00
3.75321345e+03 1.00156483e+00 3.35053611e-04 2.47456872e-01 2.88000000e+02 7.00000000e+00
3.75323827e+03 1.00127445e+00 4.19604568e-04 2.52544793e-01 3.06000000e+02 7.00000000e+00
3.75326241e+03 1.00140020e+00 4.19468324e-04 2.57494129e-01 2.99000000e+02 7.00000000e+00
3.75328693e+03 1.00083839e+00 3.35053611e-04 2.62521793e-01 3.09000000e+02 7.00000000e+00
3.75331073e+03 1.00087826e+00 3.35053611e-04 2.67401034e-01 2.94000000e+02 7.00000000e+00
3.75332571e+03 1.00064758e+00 3.35053611e-04 2.70471812e-01 5.60000000e+01 6.00000000e+00
3.75333106e+03 1.00056785e+00 3.82284402e-04 2.71570334e-01 8.10000000e+01 7.00000000e+00
3.75333775e+03 1.00033204e+00 3.35053611e-04 2.72941344e-01 7.80000000e+01 6.00000000e+00
3.75334452e+03 1.00065990e+00 6.17130318e-04 2.74330068e-01 7.50000000e+01 6.00000000e+00
3.75335025e+03 1.00095316e+00 3.35053611e-04 2.75504333e-01 7.00000000e+01 6.00000000e+00
3.75335649e+03 1.00168208e+00 5.06413908e-04 2.76783747e-01 7.70000000e+01 6.00000000e+00
3.75336321e+03 1.00104646e+00 5.44896380e-04 2.78161416e-01 7.60000000e+01 6.00000000e+00
3.75336969e+03 1.00063654e+00 3.64955986e-04 2.79489138e-01 7.40000000e+01 6.00000000e+00
3.75337533e+03 1.00090209e+00 4.46141140e-04 2.80646464e-01 7.20000000e+01 6.00000000e+00
3.75338184e+03 1.00082344e+00 4.96474658e-04 2.81980387e-01 7.70000000e+01 6.00000000e+00
3.75338854e+03 1.00046835e+00 3.61265488e-04 2.83354605e-01 8.00000000e+01 7.00000000e+00
3.75339501e+03 1.00125008e+00 5.06447261e-04 2.84681260e-01 7.20000000e+01 6.00000000e+00
3.75340070e+03 1.00082240e+00 6.34241075e-04 2.85848141e-01 7.40000000e+01 6.00000000e+00
3.75340737e+03 1.00078578e+00 4.33976575e-04 2.87215120e-01 7.90000000e+01 6.00000000e+00
3.75341400e+03 1.00064121e+00 4.09351629e-04 2.88575203e-01 7.60000000e+01 6.00000000e+00
3.75342041e+03 1.00044174e+00 3.35053611e-04 2.89887517e-01 7.20000000e+01 6.00000000e+00
3.75342624e+03 1.00088601e+00 6.78698757e-04 2.91082946e-01 7.20000000e+01 6.00000000e+00
3.75343280e+03 1.00039070e+00 3.35053611e-04 2.92428605e-01 8.20000000e+01 7.00000000e+00
3.75343945e+03 1.00066140e+00 3.35053611e-04 2.93791879e-01 7.70000000e+01 6.00000000e+00
3.75344539e+03 1.00093182e+00 3.38080383e-04 2.95009078e-01 6.80000000e+01 6.00000000e+00
3.75345137e+03 1.00143007e+00 3.51266083e-04 2.96235149e-01 7.90000000e+01 7.00000000e+00
3.75345812e+03 1.00088076e+00 4.10558762e-04 2.97619861e-01 7.90000000e+01 6.00000000e+00
3.75346489e+03 1.00021459e+00 3.35053611e-04 2.99008830e-01 7.50000000e+01 6.00000000e+00
3.75347050e+03 1.00055602e+00 3.45223278e-04 3.00158527e-01 7.20000000e+01 6.00000000e+00
3.75347690e+03 1.00058097e+00 3.35053611e-04 3.01470971e-01 8.40000000e+01 7.00000000e+00
3.75348364e+03 1.00054128e+00 4.59370889e-04 3.02851938e-01 8.20000000e+01 6.00000000e+00
3.75349036e+03 1.00061651e+00 4.40729052e-04 3.04229964e-01 7.60000000e+01 6.00000000e+00
3.75349598e+03 1.00014753e+00 3.35053611e-04 3.05381158e-01 7.30000000e+01 6.00000000e+00
3.75350236e+03 1.00069400e+00 3.35053611e-04 3.06690945e-01 8.00000000e+01 6.00000000e+00
3.75350905e+03 1.00071415e+00 3.61216465e-04 3.08061607e-01 8.00000000e+01 6.00000000e+00
3.75351558e+03 1.00068700e+00 3.35053611e-04 3.09400602e-01 7.50000000e+01 6.00000000e+00
3.75351848e+03 1.00260529e+00 3.59110688e-04 3.09995516e-01 3.00000000e+00 1.00000000e+00
3.75353068e+03 1.00061983e+00 3.35053611e-04 3.12495859e-01 3.03000000e+02 7.00000000e+00
3.75355522e+03 1.00087344e+00 3.35053611e-04 3.17527443e-01 3.05000000e+02 7.00000000e+00
3.75357930e+03 1.00110916e+00 3.35053611e-04 3.22464744e-01 2.88000000e+02 7.00000000e+00
3.75360383e+03 1.00104627e+00 3.35053611e-04 3.27494164e-01 2.99000000e+02 7.00000000e+00
3.75362804e+03 1.00079304e+00 3.35053611e-04 3.32456506e-01 2.88000000e+02 7.00000000e+00
3.75365257e+03 1.00094790e+00 3.35053611e-04 3.37486285e-01 2.99000000e+02 7.00000000e+00
3.75367708e+03 1.00037020e+00 3.35053611e-04 3.42510851e-01 2.86000000e+02 7.00000000e+00
3.75370136e+03 1.00027764e+00 3.35053611e-04 3.47490124e-01 2.88000000e+02 7.00000000e+00
3.75372596e+03 1.00062823e+00 3.91371231e-04 3.52533725e-01 2.75000000e+02 7.00000000e+00
3.75374993e+03 1.00080733e+00 3.35053611e-04 3.57448203e-01 2.88000000e+02 7.00000000e+00
3.75377495e+03 1.00057071e+00 3.35053611e-04 3.62577364e-01 2.85000000e+02 7.00000000e+00
3.75379875e+03 1.00071785e+00 3.35053611e-04 3.67456646e-01 2.95000000e+02 7.00000000e+00
3.75382369e+03 1.00025871e+00 3.40954319e-04 3.72570526e-01 2.93000000e+02 7.00000000e+00
3.75384742e+03 1.00021940e+00 3.35053611e-04 3.77435406e-01 2.93000000e+02 7.00000000e+00
3.75387230e+03 1.00010720e+00 3.35053611e-04 3.82536650e-01 2.94000000e+02 7.00000000e+00
3.75389632e+03 9.99898340e-01 3.35053611e-04 3.87460596e-01 2.97000000e+02 7.00000000e+00
3.75392091e+03 9.99560118e-01 3.35053611e-04 3.92503372e-01 3.05000000e+02 7.00000000e+00
3.75394517e+03 9.99516197e-01 3.35053611e-04 3.97476888e-01 2.88000000e+02 7.00000000e+00
3.75396970e+03 9.99495750e-01 3.35053611e-04 4.02505459e-01 2.98000000e+02 7.00000000e+00
3.75399378e+03 9.99780897e-01 3.35053611e-04 4.07443515e-01 2.88000000e+02 7.00000000e+00
3.75401837e+03 9.99582142e-01 3.35053611e-04 4.12483680e-01 2.94000000e+02 7.00000000e+00
3.75404227e+03 9.99826075e-01 3.35053611e-04 4.17384799e-01 2.88000000e+02 7.00000000e+00
3.75406709e+03 1.00012576e+00 3.35053611e-04 4.22473720e-01 2.99000000e+02 7.00000000e+00
3.75409186e+03 9.99837935e-01 3.35053611e-04 4.27550914e-01 2.99000000e+02 7.00000000e+00
3.75411584e+03 1.00021526e+00 3.35053611e-04 4.32468434e-01 3.08000000e+02 7.00000000e+00
3.75414053e+03 1.00040137e+00 3.35053611e-04 4.37529585e-01 2.98000000e+02 7.00000000e+00
3.75416443e+03 1.00054711e+00 3.35053611e-04 4.42430578e-01 2.86000000e+02 7.00000000e+00
3.75418914e+03 1.00043040e+00 3.35053611e-04 4.47496095e-01 2.84000000e+02 7.00000000e+00
3.75421327e+03 1.00028431e+00 3.35053611e-04 4.52444092e-01 2.85000000e+02 7.00000000e+00
3.75423822e+03 1.00080733e+00 3.35053611e-04 4.57558327e-01 2.90000000e+02 7.00000000e+00
3.75426231e+03 1.00053101e+00 3.35053611e-04 4.62497255e-01 2.82000000e+02 7.00000000e+00
3.75428689e+03 1.00061551e+00 3.35053611e-04 4.67536985e-01 2.90000000e+02 7.00000000e+00
3.75431076e+03 1.00033280e+00 3.35053611e-04 4.72430473e-01 2.81000000e+02 7.00000000e+00
3.75433544e+03 1.00005895e+00 3.35053611e-04 4.77491259e-01 2.92000000e+02 7.00000000e+00
3.75436029e+03 1.00019696e+00 3.35053611e-04 4.82585528e-01 2.86000000e+02 7.00000000e+00
3.75438433e+03 1.00000086e+00 3.35053611e-04 4.87514520e-01 3.05000000e+02 7.00000000e+00
3.75440898e+03 1.00003314e+00 3.35053611e-04 4.92567896e-01 2.90000000e+02 7.00000000e+00
3.75443295e+03 9.99919623e-01 3.35053611e-04 4.97484051e-01 3.02000000e+02 7.00000000e+00
3.75445759e+03 9.99512046e-01 3.35053611e-04 5.02534318e-01 2.94000000e+02 7.00000000e+00
3.75448160e+03 9.99635249e-01 3.35053611e-04 5.07456881e-01 2.99000000e+02 7.00000000e+00
3.75450644e+03 9.99535024e-01 3.35053611e-04 5.12550656e-01 2.95000000e+02 7.00000000e+00
3.75453062e+03 9.99279088e-01 3.35053611e-04 5.17507174e-01 2.98000000e+02 7.00000000e+00
3.75455532e+03 9.99567002e-01 3.35053611e-04 5.22571505e-01 2.97000000e+02 7.00000000e+00
3.75457910e+03 9.99579623e-01 4.12029999e-04 5.27447335e-01 2.94000000e+02 7.00000000e+00
3.75460393e+03 9.99440437e-01 4.78361259e-04 5.32538007e-01 3.01000000e+02 7.00000000e+00
3.75462788e+03 1.00014520e+00 3.35053611e-04 5.37449005e-01 2.94000000e+02 7.00000000e+00
3.75465257e+03 9.99902547e-01 3.35053611e-04 5.42509849e-01 3.03000000e+02 7.00000000e+00
3.75467717e+03 9.99912978e-01 3.35053611e-04 5.47554000e-01 2.93000000e+02 7.00000000e+00
3.75470133e+03 9.99862850e-01 3.35053611e-04 5.52506482e-01 3.03000000e+02 7.00000000e+00
3.75472578e+03 9.99961779e-01 3.35053611e-04 5.57520385e-01 2.93000000e+02 7.00000000e+00
3.75474998e+03 9.99669438e-01 3.35053611e-04 5.62482099e-01 3.04000000e+02 7.00000000e+00
3.75477448e+03 1.00029844e+00 3.35053611e-04 5.67505355e-01 2.93000000e+02 7.00000000e+00
3.75479871e+03 1.00042644e+00 3.35053611e-04 5.72473481e-01 3.04000000e+02 7.00000000e+00
3.75482340e+03 1.00034260e+00 3.35053611e-04 5.77535276e-01 2.90000000e+02 7.00000000e+00
3.75484736e+03 1.00051472e+00 3.35053611e-04 5.82446629e-01 2.89000000e+02 7.00000000e+00
3.75487228e+03 1.00010687e+00 3.35053611e-04 5.87555327e-01 2.87000000e+02 7.00000000e+00
3.75489603e+03 1.00010133e+00 3.35053611e-04 5.92425962e-01 2.86000000e+02 7.00000000e+00
3.75492091e+03 9.99985397e-01 3.35053611e-04 5.97526916e-01 2.91000000e+02 7.00000000e+00
3.75494493e+03 1.00056356e+00 3.35053611e-04 6.02450577e-01 2.85000000e+02 7.00000000e+00
3.75496970e+03 1.00009274e+00 3.35053611e-04 6.07528895e-01 2.93000000e+02 7.00000000e+00
3.75499368e+03 1.00017348e+00 3.35053611e-04 6.12445943e-01 2.82000000e+02 7.00000000e+00
3.75501832e+03 1.00018304e+00 3.35053611e-04 6.17497376e-01 2.91000000e+02 7.00000000e+00
3.75504281e+03 9.99517590e-01 3.35053611e-04 6.22518238e-01 2.78000000e+02 7.00000000e+00
3.75506699e+03 1.00007160e+00 3.42093003e-04 6.27476205e-01 2.94000000e+02 7.00000000e+00
3.75509161e+03 9.99941111e-01 3.35053611e-04 6.32524304e-01 2.82000000e+02 7.00000000e+00
3.75511566e+03 9.99560415e-01 4.62520427e-04 6.37455100e-01 2.85000000e+02 7.00000000e+00
3.75514064e+03 9.99651823e-01 3.95933459e-04 6.42575693e-01 2.73000000e+02 7.00000000e+00
3.75516444e+03 9.99704483e-01 3.36480710e-04 6.47455423e-01 2.75000000e+02 7.00000000e+00
3.75518925e+03 9.99327838e-01 3.35053611e-04 6.52542086e-01 2.77000000e+02 7.00000000e+00
3.75521311e+03 9.99806345e-01 3.35053611e-04 6.57434966e-01 2.76000000e+02 7.00000000e+00
3.75523808e+03 9.99602533e-01 3.35053611e-04 6.62553849e-01 2.79000000e+02 7.00000000e+00
3.75526215e+03 9.99085441e-01 3.35053611e-04 6.67489587e-01 2.84000000e+02 7.00000000e+00
3.75528683e+03 9.99561489e-01 3.35053611e-04 6.72547942e-01 2.91000000e+02 7.00000000e+00
3.75531079e+03 1.00023310e+00 3.35053611e-04 6.77462021e-01 2.81000000e+02 7.00000000e+00
3.75533545e+03 9.99942616e-01 3.35053611e-04 6.82516914e-01 2.99000000e+02 7.00000000e+00
3.75535911e+03 9.99880494e-01 3.62093141e-04 6.87366921e-01 2.75000000e+02 7.00000000e+00
3.75538418e+03 9.99933945e-01 4.64303000e-04 6.92508501e-01 2.81000000e+02 7.00000000e+00
3.75540898e+03 1.00037426e+00 3.35053611e-04 6.97591332e-01 2.70000000e+02 7.00000000e+00
3.75543301e+03 1.00052768e+00 3.35053611e-04 7.02518298e-01 2.81000000e+02 7.00000000e+00
3.75545726e+03 1.00047308e+00 3.35053611e-04 7.07490691e-01 2.69000000e+02 7.00000000e+00
3.75548157e+03 1.00037873e+00 3.35053611e-04 7.12475868e-01 2.85000000e+02 7.00000000e+00
3.75550628e+03 1.00023559e+00 3.35053611e-04 7.17540868e-01 2.72000000e+02 7.00000000e+00
3.75553033e+03 1.00038376e+00 3.35053611e-04 7.22471791e-01 2.76000000e+02 7.00000000e+00
3.75555521e+03 9.99947637e-01 3.35053611e-04 7.27573251e-01 2.67000000e+02 7.00000000e+00
3.75557901e+03 9.99991208e-01 3.35053611e-04 7.32453120e-01 2.73000000e+02 7.00000000e+00
3.75560350e+03 9.99729664e-01 3.35053611e-04 7.37473859e-01 2.72000000e+02 7.00000000e+00
3.75562780e+03 1.00021106e+00 3.35053611e-04 7.42455153e-01 2.62000000e+02 7.00000000e+00
3.75565252e+03 9.99769274e-01 3.35056819e-04 7.47524702e-01 2.66000000e+02 7.00000000e+00
3.75567717e+03 9.99481329e-01 3.35053611e-04 7.52576683e-01 2.57000000e+02 7.00000000e+00
3.75570118e+03 9.99560475e-01 3.35053611e-04 7.57499835e-01 2.67000000e+02 7.00000000e+00
3.75572567e+03 9.99886096e-01 3.35053611e-04 7.62521789e-01 2.64000000e+02 7.00000000e+00
3.75575013e+03 9.99641567e-01 4.36195883e-04 7.67535447e-01 2.80000000e+02 7.00000000e+00
3.75577418e+03 9.99653641e-01 3.35053611e-04 7.72466844e-01 2.73000000e+02 7.00000000e+00
3.75579856e+03 9.99840201e-01 3.35053611e-04 7.77464883e-01 2.82000000e+02 7.00000000e+00
3.75582369e+03 9.99246431e-01 3.35053611e-04 7.82617094e-01 2.78000000e+02 7.00000000e+00
3.75584737e+03 9.99326408e-01 3.97047386e-04 7.87472406e-01 2.92000000e+02 7.00000000e+00
3.75587220e+03 1.00014019e+00 3.35053611e-04 7.92563789e-01 2.87000000e+02 7.00000000e+00
3.75589614e+03 9.99985069e-01 3.35053611e-04 7.97472166e-01 2.89000000e+02 7.00000000e+00
