# Time Flux Flux_Err Phase N NSector
3.36955556e+03 9.99812956e-01 2.00000000e-04 -1.97537355e-01 3.23000000e+02 8.00000000e+00
3.36957159e+03 9.99861901e-01 2.00000000e-04 -1.92580691e-01 3.24000000e+02 8.00000000e+00
3.36958780e+03 9.99764640e-01 2.00000000e-04 -1.87572311e-01 3.24000000e+02 8.00000000e+00
3.36960403e+03 9.99734924e-01 2.00000000e-04 -1.82554340e-01 3.25000000e+02 8.00000000e+00
3.36962023e+03 9.99662447e-01 2.00000000e-04 -1.77545921e-01 3.25000000e+02 8.00000000e+00
3.36963637e+03 9.99677186e-01 2.00000000e-04 -1.72559745e-01 3.24000000e+02 8.00000000e+00
3.36965261e+03 9.99631323e-01 2.00000000e-04 -1.67539075e-01 3.24000000e+02 8.00000000e+00
3.36966875e+03 9.99629819e-01 2.00000000e-04 -1.62549994e-01 3.21000000e+02 8.00000000e+00
3.36968499e+03 9.99690763e-01 2.00000000e-04 -1.57531810e-01 3.19000000e+02 8.00000000e+00
3.36970122e+03 9.99656672e-01 2.00000000e-04 -1.52513902e-01 3.22000000e+02 8.00000000e+00
3.36971739e+03 9.99609066e-01 2.00000000e-04 -1.47515126e-01 3.21000000e+02 8.00000000e+00
3.36973359e+03 9.99601180e-01 2.00000000e-04 -1.42509799e-01 3.16000000e+02 8.00000000e+00
3.36974983e+03 9.99555236e-01 2.00000000e-04 -1.37488729e-01 3.14000000e+02 8.00000000e+00
3.36976598e+03 9.99574439e-01 2.00000000e-04 -1.32498017e-01 3.16000000e+02 8.00000000e+00
3.36978218e+03 9.99597674e-01 2.00000000e-04 -1.27491448e-01 3.15000000e+02 8.00000000e+00
3.36979847e+03 9.99536454e-01 2.00000000e-04 -1.22453696e-01 3.15000000e+02 8.00000000e+00
3.36981458e+03 9.99537907e-01 2.00000000e-04 -1.17475104e-01 3.15000000e+02 8.00000000e+00
3.36983079e+03 9.99606951e-01 2.00000000e-04 -1.12466288e-01 3.03000000e+02 8.00000000e+00
3.36984699e+03 9.99595150e-01 2.00000000e-04 -1.07458182e-01 3.06000000e+02 8.00000000e+00
3.36986299e+03 9.99624234e-01 2.00000000e-04 -1.02512780e-01 3.08000000e+02 8.00000000e+00
3.36987932e+03 9.99551391e-01 2.00000000e-04 -9.74639732e-02 3.10000000e+02 8.00000000e+00
3.36989553e+03 9.99582214e-01 2.00000000e-04 -9.24555930e-02 3.08000000e+02 8.00000000e+00
3.36991151e+03 9.99532056e-01 2.00000000e-04 -8.75144904e-02 3.07000000e+02 8.00000000e+00
3.36992772e+03 9.99576578e-01 2.00000000e-04 -8.25060248e-02 3.09000000e+02 8.00000000e+00
3.36994414e+03 9.99546011e-01 2.00000000e-04 -7.74304521e-02 3.10000000e+02 8.00000000e+00
3.36995994e+03 9.99537827e-01 2.00000000e-04 -7.25451054e-02 3.19000000e+02 8.00000000e+00
3.36997621e+03 9.99571996e-01 2.00000000e-04 -6.75163458e-02 3.14000000e+02 8.00000000e+00
3.36999231e+03 9.99491075e-01 2.00000000e-04 -6.25406372e-02 3.14000000e+02 8.00000000e+00
3.37000847e+03 9.99533624e-01 2.00000000e-04 -5.75472629e-02 3.09000000e+02 8.00000000e+00
3.37002459e+03 9.99518849e-01 2.00000000e-04 -5.25647708e-02 3.08000000e+02 8.00000000e+00
3.37004087e+03 9.99539603e-01 2.00000000e-04 -4.75322518e-02 3.12000000e+02 8.00000000e+00
3.37005699e+03 9.99584580e-01 2.00000000e-04 -4.25479649e-02 3.16000000e+02 8.00000000e+00
3.37007313e+03 9.99533453e-01 2.00000000e-04 -3.75618095e-02 3.15000000e+02 8.00000000e+00
3.37008541e+03 9.99610309e-01 2.00000000e-04 -3.37646024e-02 1.59000000e+02 7.00000000e+00
3.37009312e+03 9.99577423e-01 2.00000000e-04 -3.13811237e-02 1.35000000e+02 7.00000000e+00
3.37010010e+03 9.99662646e-01 2.00000000e-04 -2.92245887e-02 1.33000000e+02 7.00000000e+00
3.37010704e+03 9.99637743e-01 2.00000000e-04 -2.70803181e-02 1.30000000e+02 6.00000000e+00
3.37011398e+03 9.99053433e-01 2.00000000e-04 -2.49338808e-02 1.36000000e+02 7.00000000e+00
3.37012093e+03 9.97131222e-01 2.00000000e-04 -2.27848464e-02 1.33000000e+02 7.00000000e+00
3.37012788e+03 9.94724069e-01 2.00000000e-04 -2.06388280e-02 1.30000000e+02 6.00000000e+00
3.37013485e+03 9.92226359e-01 2.00000000e-04 -1.84838757e-02 1.32000000e+02 7.00000000e+00
3.37014182e+03 9.89667001e-01 2.00000000e-04 -1.63294038e-02 1.32000000e+02 7.00000000e+00
3.37014901e+03 9.87025863e-01 2.00000000e-04 -1.41056510e-02 1.36000000e+02 7.00000000e+00
3.37015604e+03 9.84627211e-01 2.00000000e-04 -1.19346513e-02 1.31000000e+02 6.00000000e+00
3.37016318e+03 9.82512425e-01 2.00000000e-04 -9.72637360e-03 1.31000000e+02 6.00000000e+00
3.37017019e+03 9.81048501e-01 2.00000000e-04 -7.55952142e-03 1.32000000e+02 6.00000000e+00
3.37017721e+03 9.79953415e-01 2.00000000e-04 -5.38940609e-03 1.34000000e+02 6.00000000e+00
3.37018421e+03 9.79201029e-01 2.00000000e-04 -3.22801897e-03 1.31000000e+02 6.00000000e+00
3.37019116e+03 9.78795438e-01 2.00000000e-04 -1.07849579e-03 1.27000000e+02 6.00000000e+00
3.37019810e+03 9.78795038e-01 2.00000000e-04 1.06791543e-03 1.25000000e+02 6.00000000e+00
3.37020506e+03 9.79155842e-01 2.00000000e-04 3.21762098e-03 1.30000000e+02 6.00000000e+00
3.37021209e+03 9.80069021e-01 2.00000000e-04 5.38960734e-03 1.32000000e+02 6.00000000e+00
3.37021895e+03 9.81167959e-01 2.00000000e-04 7.51049156e-03 1.34000000e+02 6.00000000e+00
3.37022605e+03 9.82816264e-01 2.00000000e-04 9.70475516e-03 1.37000000e+02 6.00000000e+00
3.37023323e+03 9.84764810e-01 2.00000000e-04 1.19243723e-02 1.36000000e+02 6.00000000e+00
3.37024003e+03 9.87086391e-01 2.00000000e-04 1.40257239e-02 1.34000000e+02 6.00000000e+00
3.37024725e+03 9.89728661e-01 2.00000000e-04 1.62588913e-02 1.36000000e+02 7.00000000e+00
3.37025432e+03 9.92424899e-01 2.00000000e-04 1.84442610e-02 1.37000000e+02 7.00000000e+00
3.37026132e+03 9.95063015e-01 2.00000000e-04 2.06068533e-02 1.40000000e+02 7.00000000e+00
3.37026830e+03 9.97414514e-01 2.00000000e-04 2.27649117e-02 1.36000000e+02 7.00000000e+00
3.37027526e+03 9.99266908e-01 2.00000000e-04 2.49148938e-02 1.35000000e+02 6.00000000e+00
3.37028224e+03 9.99702818e-01 2.00000000e-04 2.70725969e-02 1.37000000e+02 7.00000000e+00
3.37028918e+03 9.99911997e-01 2.00000000e-04 2.92175626e-02 1.36000000e+02 7.00000000e+00
3.37029619e+03 9.99734090e-01 2.00000000e-04 3.13854061e-02 1.39000000e+02 7.00000000e+00
3.37030380e+03 9.99783769e-01 2.00000000e-04 3.37369242e-02 1.63000000e+02 8.00000000e+00
3.37031610e+03 9.99800273e-01 2.00000000e-04 3.75388812e-02 3.23000000e+02 8.00000000e+00
3.37033230e+03 9.99851634e-01 2.00000000e-04 4.25472105e-02 3.23000000e+02 8.00000000e+00
3.37034850e+03 9.99834751e-01 2.00000000e-04 4.75531355e-02 3.25000000e+02 8.00000000e+00
3.37036464e+03 9.99821593e-01 2.00000000e-04 5.25413889e-02 3.24000000e+02 8.00000000e+00
3.37038091e+03 9.99903832e-01 2.00000000e-04 5.75727332e-02 3.22000000e+02 8.00000000e+00
3.37039700e+03 9.99910444e-01 2.00000000e-04 6.25442569e-02 3.23000000e+02 8.00000000e+00
3.37041307e+03 9.99878912e-01 2.00000000e-04 6.75129857e-02 3.22000000e+02 8.00000000e+00
3.37042919e+03 9.99907330e-01 2.00000000e-04 7.24938540e-02 3.21000000e+02 8.00000000e+00
3.37044539e+03 9.99871650e-01 2.00000000e-04 7.75023244e-02 3.23000000e+02 8.00000000e+00
3.37046157e+03 9.99889723e-01 2.00000000e-04 8.25022081e-02 3.16000000e+02 8.00000000e+00
3.37047765e+03 9.99904224e-01 2.00000000e-04 8.74727525e-02 3.19000000e+02 8.00000000e+00
3.37049379e+03 9.99931705e-01 2.00000000e-04 9.24615578e-02 3.25000000e+02 8.00000000e+00
3.37051006e+03 9.99868225e-01 2.00000000e-04 9.74895266e-02 3.21000000e+02 8.00000000e+00
3.37052616e+03 9.99876468e-01 2.00000000e-04 1.02465905e-01 3.21000000e+02 8.00000000e+00
3.37054236e+03 9.99856207e-01 2.00000000e-04 1.07474789e-01 3.24000000e+02 8.00000000e+00
3.37055861e+03 9.99882500e-01 2.00000000e-04 1.12496356e-01 3.19000000e+02 8.00000000e+00
3.37057468e+03 9.99850015e-01 2.00000000e-04 1.17463196e-01 3.21000000e+02 8.00000000e+00
3.37059097e+03 9.99826249e-01 2.00000000e-04 1.22500095e-01 3.26000000e+02 8.00000000e+00
3.37060723e+03 9.99866512e-01 2.00000000e-04 1.27523979e-01 3.24000000e+02 8.00000000e+00
3.37062325e+03 9.99776940e-01 2.00000000e-04 1.32475212e-01 3.23000000e+02 8.00000000e+00
3.37063959e+03 9.99830856e-01 2.00000000e-04 1.37525812e-01 3.25000000e+02 8.00000000e+00
3.37065574e+03 9.99791048e-01 2.00000000e-04 1.42519013e-01 3.20000000e+02 8.00000000e+00
3.37067184e+03 9.99801669e-01 2.00000000e-04 1.47496557e-01 3.24000000e+02 8.00000000e+00
3.37068808e+03 9.99818408e-01 2.00000000e-04 1.52514965e-01 3.26000000e+02 8.00000000e+00
3.37070426e+03 9.99754604e-01 2.00000000e-04 1.57515722e-01 3.24000000e+02 8.00000000e+00
3.37072044e+03 9.99815358e-01 2.00000000e-04 1.62516202e-01 3.16000000e+02 8.00000000e+00
3.37073667e+03 9.99867407e-01 2.00000000e-04 1.67532444e-01 3.10000000e+02 8.00000000e+00
3.37075286e+03 9.99798866e-01 2.00000000e-04 1.72537363e-01 3.09000000e+02 8.00000000e+00
3.37076905e+03 9.99861653e-01 2.00000000e-04 1.77541336e-01 2.96000000e+02 8.00000000e+00
3.37078525e+03 9.99916542e-01 2.00000000e-04 1.82549606e-01 2.92000000e+02 8.00000000e+00
3.37080141e+03 9.99945924e-01 2.00000000e-04 1.87544151e-01 2.86000000e+02 8.00000000e+00
3.37081761e+03 9.99959358e-01 2.00000000e-04 1.92552536e-01 2.90000000e+02 8.00000000e+00
3.37083382e+03 1.00001655e+00 2.00000000e-04 1.97560922e-01 2.90000000e+02 8.00000000e+00
3.37084972e+03 1.00005928e+00 2.00000000e-04 2.02476615e-01 2.80000000e+02 8.00000000e+00
3.37086622e+03 1.00005405e+00 2.00000000e-04 2.07577693e-01 2.76000000e+02 8.00000000e+00
3.37088234e+03 1.00008343e+00 2.00000000e-04 2.12559684e-01 2.76000000e+02 8.00000000e+00
3.37089842e+03 1.00014645e+00 2.00000000e-04 2.17528179e-01 2.73000000e+02 8.00000000e+00
3.37091443e+03 1.00013852e+00 2.00000000e-04 2.22478208e-01 2.76000000e+02 8.00000000e+00
3.37093062e+03 1.00019639e+00 2.00000000e-04 2.27480333e-01 2.85000000e+02 8.00000000e+00
3.37094669e+03 1.00025562e+00 2.00000000e-04 2.32449176e-01 2.90000000e+02 8.00000000e+00
3.37096287e+03 1.00019344e+00 2.00000000e-04 2.37449927e-01 2.89000000e+02 8.00000000e+00
3.37097921e+03 1.00030552e+00 2.00000000e-04 2.42499990e-01 3.01000000e+02 8.00000000e+00
3.37099524e+03 1.00030043e+00 2.00000000e-04 2.47454579e-01 2.95000000e+02 8.00000000e+00
3.37101136e+03 1.00035319e+00 2.00000000e-04 2.52436587e-01 2.97000000e+02 8.00000000e+00
3.37102754e+03 1.00040268e+00 2.00000000e-04 2.57438849e-01 2.93000000e+02 8.00000000e+00
3.37104376e+03 1.00032606e+00 2.00000000e-04 2.62453264e-01 2.87000000e+02 8.00000000e+00
3.37106005e+03 1.00039999e+00 2.00000000e-04 2.67486329e-01 2.90000000e+02 8.00000000e+00
3.37107617e+03 1.00047588e+00 2.00000000e-04 2.72469940e-01 2.95000000e+02 8.00000000e+00
3.37109235e+03 1.00049991e+00 2.00000000e-04 2.77472381e-01 2.95000000e+02 8.00000000e+00
3.37110858e+03 1.00048546e+00 2.00000000e-04 2.82486617e-01 2.95000000e+02 8.00000000e+00
3.37112475e+03 1.00049488e+00 2.00000000e-04 2.87486122e-01 2.88000000e+02 8.00000000e+00
3.37114096e+03 1.00049320e+00 2.00000000e-04 2.92496133e-01 2.80000000e+02 8.00000000e+00
3.37115719e+03 1.00051400e+00 2.00000000e-04 2.97511631e-01 2.85000000e+02 8.00000000e+00
3.37117337e+03 1.00059925e+00 2.00000000e-04 3.02514294e-01 2.89000000e+02 8.00000000e+00
3.37118957e+03 1.00067239e+00 2.00000000e-04 3.07519681e-01 2.87000000e+02 8.00000000e+00
3.37120577e+03 1.00069500e+00 2.00000000e-04 3.12527996e-01 2.91000000e+02 8.00000000e+00
3.37122191e+03 1.00072151e+00 2.00000000e-04 3.17516187e-01 2.94000000e+02 8.00000000e+00
3.37123814e+03 1.00074684e+00 2.00000000e-04 3.22534444e-01 2.97000000e+02 8.00000000e+00
3.37125435e+03 1.00075864e+00 2.00000000e-04 3.27542788e-01 3.01000000e+02 8.00000000e+00
3.37127052e+03 1.00080201e+00 2.00000000e-04 3.32541335e-01 3.00000000e+02 8.00000000e+00
3.37128661e+03 1.00078645e+00 2.00000000e-04 3.37514581e-01 3.02000000e+02 8.00000000e+00
3.37130292e+03 1.00079093e+00 2.00000000e-04 3.42556270e-01 3.03000000e+02 8.00000000e+00
3.37131913e+03 1.00092545e+00 2.00000000e-04 3.47566482e-01 3.00000000e+02 8.00000000e+00
3.37133522e+03 1.00088052e+00 2.00000000e-04 3.52539892e-01 3.04000000e+02 8.00000000e+00
3.37134959e+03 1.00093143e+00 2.00000000e-04 3.56981934e-01 2.45000000e+02 8.00000000e+00
3.37137622e+03 1.00102319e+00 2.00000000e-04 3.65212369e-01 7.62000000e+02 8.00000000e+00
3.37141594e+03 1.00111185e+00 2.00000000e-04 3.77489236e-01 7.59000000e+02 8.00000000e+00
3.37145577e+03 1.00120147e+00 2.00000000e-04 3.89799146e-01 7.55000000e+02 8.00000000e+00
3.37149542e+03 1.00125183e+00 2.00000000e-04 4.02057398e-01 7.60000000e+02 8.00000000e+00
3.37153529e+03 1.00130127e+00 2.00000000e-04 4.14379454e-01 7.56000000e+02 8.00000000e+00
3.37157534e+03 1.00124702e+00 2.00000000e-04 4.26757614e-01 7.61000000e+02 8.00000000e+00
3.37161498e+03 1.00108629e+00 2.00000000e-04 4.39009607e-01 7.44000000e+02 8.00000000e+00
3.37165482e+03 1.00086208e+00 2.00000000e-04 4.51325180e-01 7.54000000e+02 8.00000000e+00
3.37169450e+03 1.00062441e+00 2.00000000e-04 4.63589221e-01 7.42000000e+02 8.00000000e+00
3.37173435e+03 1.00020202e+00 2.00000000e-04 4.75907882e-01 7.41000000e+02 8.00000000e+00
3.37177441e+03 9.99767926e-01 2.00000000e-04 4.88289847e-01 7.46000000e+02 8.00000000e+00
3.37181408e+03 9.99278727e-01 2.00000000e-04 5.00551499e-01 7.59000000e+02 8.00000000e+00
3.37185391e+03 9.98696159e-01 2.00000000e-04 5.12862836e-01 7.57000000e+02 8.00000000e+00
3.37189401e+03 9.98160576e-01 2.00000000e-04 5.25256571e-01 7.70000000e+02 8.00000000e+00
3.37193342e+03 9.96233620e-01 2.00000000e-04 5.37436308e-01 7.72000000e+02 8.00000000e+00
3.37197348e+03 9.95841161e-01 2.00000000e-04 5.49819464e-01 7.77000000e+02 8.00000000e+00
3.37201313e+03 9.96315387e-01 2.00000000e-04 5.62074698e-01 7.74000000e+02 8.00000000e+00
3.37205251e+03 9.97898770e-01 2.00000000e-04 5.74246922e-01 7.67000000e+02 8.00000000e+00
3.37209265e+03 9.98484763e-01 2.00000000e-04 5.86655326e-01 7.57000000e+02 8.00000000e+00
3.37213251e+03 9.99094442e-01 2.00000000e-04 5.98973814e-01 7.53000000e+02 8.00000000e+00
3.37217221e+03 9.99714631e-01 2.00000000e-04 6.11245625e-01 7.63000000e+02 8.00000000e+00
3.37221220e+03 1.00029216e+00 2.00000000e-04 6.23607147e-01 7.42000000e+02 8.00000000e+00
3.37225207e+03 1.00071143e+00 2.00000000e-04 6.35929467e-01 7.57000000e+02 8.00000000e+00
3.37229189e+03 1.00099413e+00 2.00000000e-04 6.48237034e-01 7.78000000e+02 8.00000000e+00
3.37233154e+03 1.00108368e+00 2.00000000e-04 6.60494102e-01 7.70000000e+02 8.00000000e+00
3.37237134e+03 1.00114078e+00 2.00000000e-04 6.72794613e-01 7.63000000e+02 8.00000000e+00
3.37241138e+03 1.00106261e+00 2.00000000e-04 6.85171571e-01 7.72000000e+02 8.00000000e+00
3.37245112e+03 1.00098749e+00 2.00000000e-04 6.97455148e-01 7.76000000e+02 8.00000000e+00
3.37249114e+03 1.00081245e+00 2.00000000e-04 7.09823017e-01 7.80000000e+02 8.00000000e+00
3.37253065e+03 1.00067978e+00 2.00000000e-04 7.22034877e-01 7.75000000e+02 8.00000000e+00
3.37255371e+03 1.00060874e+00 2.00000000e-04 7.29162632e-01 1.15000000e+02 7.00000000e+00
3.37256457e+03 1.00044704e+00 2.00000000e-04 7.32521421e-01 3.25000000e+02 8.00000000e+00
3.37258077e+03 1.00046531e+00 2.00000000e-04 7.37528109e-01 3.25000000e+02 8.00000000e+00
3.37259696e+03 1.00042599e+00 2.00000000e-04 7.42532670e-01 3.21000000e+02 8.00000000e+00
3.37261315e+03 1.00035461e+00 2.00000000e-04 7.47536225e-01 3.27000000e+02 8.00000000e+00
3.37262937e+03 1.00025042e+00 2.00000000e-04 7.52549421e-01 3.25000000e+02 8.00000000e+00
3.37264555e+03 1.00021020e+00 2.00000000e-04 7.57549056e-01 3.20000000e+02 8.00000000e+00
3.37266150e+03 1.00014510e+00 2.00000000e-04 7.62481162e-01 3.24000000e+02 8.00000000e+00
3.37267774e+03 1.00011000e+00 2.00000000e-04 7.67500037e-01 3.25000000e+02 8.00000000e+00
3.37269394e+03 1.00005648e+00 2.00000000e-04 7.72508478e-01 3.23000000e+02 8.00000000e+00
3.37271023e+03 9.99911244e-01 2.00000000e-04 7.77541135e-01 3.24000000e+02 8.00000000e+00
3.37272651e+03 9.99982624e-01 2.00000000e-04 7.82573769e-01 3.23000000e+02 8.00000000e+00
3.37274233e+03 9.99980452e-01 2.00000000e-04 7.87462413e-01 3.21000000e+02 8.00000000e+00
3.37275851e+03 9.99949092e-01 2.00000000e-04 7.92465726e-01 3.23000000e+02 8.00000000e+00
3.37277470e+03 9.99824738e-01 2.00000000e-04 7.97469842e-01 3.22000000e+02 8.00000000e+00
