# Time Flux Flux_Err Phase N NSector
4.08159577e+03 1.00006963e+00 1.17466944e-03 -1.97510726e-01 4.04000000e+02 6.00000000e+00
4.08167911e+03 1.00013807e+00 1.05839317e-03 -1.92500516e-01 4.04000000e+02 6.00000000e+00
4.08176245e+03 9.99984235e-01 9.12513215e-04 -1.87490306e-01 4.40000000e+02 7.00000000e+00
4.08184548e+03 9.99958634e-01 9.12513215e-04 -1.82498069e-01 4.39000000e+02 7.00000000e+00
4.08192858e+03 9.99859960e-01 9.12513215e-04 -1.77502760e-01 4.39000000e+02 7.00000000e+00
4.08201184e+03 9.99918282e-01 9.12513215e-04 -1.72496876e-01 4.38000000e+02 7.00000000e+00
4.08209502e+03 1.00003070e+00 9.12513215e-04 -1.67496128e-01 4.39000000e+02 7.00000000e+00
4.08217805e+03 9.99852359e-01 9.12513215e-04 -1.62504633e-01 4.38000000e+02 7.00000000e+00
4.08226125e+03 1.00005902e+00 9.12513215e-04 -1.57502665e-01 4.40000000e+02 7.00000000e+00
4.08234446e+03 1.00020804e+00 9.12513215e-04 -1.52500243e-01 4.39000000e+02 7.00000000e+00
4.08242759e+03 1.00016010e+00 9.12513215e-04 -1.47502439e-01 4.39000000e+02 7.00000000e+00
4.08251081e+03 1.00002599e+00 9.12513215e-04 -1.42499568e-01 4.39000000e+02 7.00000000e+00
4.08259137e+03 9.99945522e-01 9.12513215e-04 -1.37656330e-01 4.09000000e+02 7.00000000e+00
4.08267711e+03 9.99954790e-01 9.12513215e-04 -1.32501536e-01 4.40000000e+02 7.00000000e+00
4.08276032e+03 9.99874912e-01 9.12513215e-04 -1.27499198e-01 4.39000000e+02 7.00000000e+00
4.08284352e+03 1.00002086e+00 9.12513215e-04 -1.22497449e-01 4.40000000e+02 7.00000000e+00
4.08292671e+03 1.00003314e+00 9.12513215e-04 -1.17496289e-01 4.38000000e+02 7.00000000e+00
4.08300977e+03 9.99843616e-01 9.12513215e-04 -1.12502355e-01 4.40000000e+02 7.00000000e+00
4.08309102e+03 9.99905105e-01 9.12513215e-04 -1.07617743e-01 3.98000000e+02 7.00000000e+00
4.08317759e+03 9.99760552e-01 9.12513215e-04 -1.02413632e-01 4.25000000e+02 7.00000000e+00
4.08325935e+03 9.99492594e-01 9.12513215e-04 -9.74981627e-02 4.38000000e+02 7.00000000e+00
4.08334257e+03 9.99930173e-01 9.12513215e-04 -9.24951732e-02 4.39000000e+02 7.00000000e+00
4.08342672e+03 9.99187140e-01 9.12513215e-04 -8.74361799e-02 4.67000000e+02 7.00000000e+00
4.08350893e+03 9.99993682e-01 9.12513215e-04 -8.24940234e-02 4.74000000e+02 7.00000000e+00
4.08359200e+03 1.00004700e+00 9.12513215e-04 -7.74993874e-02 4.73000000e+02 7.00000000e+00
4.08367512e+03 9.99937445e-01 1.16533844e-03 -7.25025011e-02 4.74000000e+02 7.00000000e+00
4.08375860e+03 9.99988645e-01 1.29952790e-03 -6.74837705e-02 4.73000000e+02 7.00000000e+00
4.08383799e+03 1.00172495e+00 9.80005055e-04 -6.27110299e-02 4.12000000e+02 7.00000000e+00
4.08392367e+03 1.00184295e+00 9.55442759e-04 -5.75602676e-02 3.68000000e+02 7.00000000e+00
4.08400822e+03 1.00170343e+00 9.75609229e-04 -5.24768622e-02 3.64000000e+02 7.00000000e+00
4.08409147e+03 1.00171827e+00 1.00577276e-03 -4.74720354e-02 4.11000000e+02 7.00000000e+00
4.08417425e+03 1.00184651e+00 1.06400206e-03 -4.24954378e-02 4.13000000e+02 7.00000000e+00
4.08425898e+03 1.00181838e+00 9.98157442e-04 -3.74018975e-02 4.33000000e+02 7.00000000e+00
4.08434036e+03 1.00175584e+00 9.78256751e-04 -3.25091422e-02 4.74000000e+02 7.00000000e+00
4.08440454e+03 1.00156498e+00 9.67769377e-04 -2.86504913e-02 2.55000000e+02 7.00000000e+00
4.08444205e+03 1.00172997e+00 9.12513215e-04 -2.63959286e-02 1.69000000e+02 7.00000000e+00
4.08447231e+03 1.00155929e+00 9.12513215e-04 -2.45762879e-02 1.74000000e+02 7.00000000e+00
4.08450264e+03 1.00156847e+00 9.12513215e-04 -2.27531233e-02 1.68000000e+02 7.00000000e+00
4.08453317e+03 9.93941119e-01 1.62333902e-03 -2.09178207e-02 1.71000000e+02 7.00000000e+00
4.08456349e+03 9.77116830e-01 2.37650448e-03 -1.90947598e-02 1.69000000e+02 6.00000000e+00
4.08459360e+03 9.49497460e-01 5.66835345e-03 -1.72848515e-02 1.70000000e+02 7.00000000e+00
4.08462377e+03 9.23035368e-01 5.18784468e-03 -1.54711500e-02 1.70000000e+02 6.00000000e+00
4.08465401e+03 8.87402954e-01 1.00121913e-02 -1.36529921e-02 1.73000000e+02 7.00000000e+00
4.08468433e+03 8.54320460e-01 1.18362863e-02 -1.18298741e-02 1.71000000e+02 7.00000000e+00
4.08471458e+03 8.20280848e-01 1.20076025e-02 -1.00116445e-02 1.72000000e+02 7.00000000e+00
4.08474488e+03 7.94419673e-01 3.80588057e-03 -8.18989923e-03 1.70000000e+02 7.00000000e+00
4.08477481e+03 7.87493652e-01 5.41940812e-03 -6.39075575e-03 1.71000000e+02 7.00000000e+00
4.08480525e+03 7.83975063e-01 2.16734054e-03 -4.56040886e-03 1.72000000e+02 7.00000000e+00
4.08483556e+03 7.82369589e-01 4.66326095e-03 -2.73850944e-03 1.72000000e+02 7.00000000e+00
4.08486603e+03 7.82583238e-01 2.22891388e-03 -9.06666928e-04 1.72000000e+02 7.00000000e+00
4.08489563e+03 7.84158723e-01 2.82431391e-03 8.73008629e-04 1.54000000e+02 6.00000000e+00
4.08492655e+03 7.83723684e-01 3.17456726e-03 2.73182007e-03 1.52000000e+02 7.00000000e+00
4.08495695e+03 7.87678712e-01 2.35502796e-03 4.55976192e-03 1.48000000e+02 6.00000000e+00
4.08498716e+03 7.92644910e-01 2.38230989e-03 6.37597157e-03 1.52000000e+02 7.00000000e+00
4.08501729e+03 8.14085159e-01 2.13050991e-03 8.18700360e-03 1.51000000e+02 7.00000000e+00
4.08504768e+03 8.45984503e-01 2.44766112e-03 1.00138760e-02 1.50000000e+02 7.00000000e+00
4.08507803e+03 8.80871023e-01 1.14844906e-03 1.18389094e-02 1.53000000e+02 7.00000000e+00
4.08510818e+03 9.15791278e-01 1.45448435e-03 1.36509685e-02 1.50000000e+02 7.00000000e+00
4.08513855e+03 9.46215976e-01 9.96073363e-04 1.54770854e-02 1.51000000e+02 7.00000000e+00
4.08516857e+03 9.71957018e-01 1.36926869e-03 1.72816094e-02 1.51000000e+02 7.00000000e+00
4.08519903e+03 9.91783447e-01 1.14732901e-03 1.91128068e-02 1.51000000e+02 7.00000000e+00
4.08522905e+03 9.99755881e-01 9.12513215e-04 2.09175505e-02 1.49000000e+02 6.00000000e+00
4.08525938e+03 9.99867228e-01 9.12513215e-04 2.27409598e-02 1.51000000e+02 7.00000000e+00
4.08528976e+03 1.00006465e+00 9.12513215e-04 2.45673920e-02 1.51000000e+02 7.00000000e+00
4.08531992e+03 1.00003346e+00 9.12513215e-04 2.63805677e-02 1.52000000e+02 7.00000000e+00
4.08535778e+03 1.00013582e+00 9.12513215e-04 2.86570522e-02 2.22000000e+02 7.00000000e+00
4.08542171e+03 9.99920070e-01 9.12513215e-04 3.25002384e-02 4.11000000e+02 7.00000000e+00
4.08550514e+03 9.99897659e-01 9.12513215e-04 3.75158509e-02 4.10000000e+02 7.00000000e+00
4.08558804e+03 1.00006056e+00 9.12513215e-04 4.25000657e-02 4.11000000e+02 7.00000000e+00
4.08567133e+03 9.99778329e-01 9.12513215e-04 4.75069502e-02 4.10000000e+02 7.00000000e+00
4.08575443e+03 9.99711421e-01 9.12513215e-04 5.25028375e-02 4.11000000e+02 7.00000000e+00
4.08583759e+03 9.99671239e-01 9.12513215e-04 5.75026199e-02 4.12000000e+02 7.00000000e+00
4.08591963e+03 9.99892386e-01 9.12513215e-04 6.24346431e-02 3.84000000e+02 7.00000000e+00
4.08600395e+03 9.99883843e-01 9.12513215e-04 6.75038702e-02 3.73000000e+02 7.00000000e+00
4.08608731e+03 9.99949038e-01 9.12513215e-04 7.25151288e-02 3.80000000e+02 7.00000000e+00
4.08617058e+03 1.00002018e+00 9.12513215e-04 7.75217196e-02 4.10000000e+02 7.00000000e+00
4.08625337e+03 9.99899925e-01 9.12513215e-04 8.24988370e-02 4.09000000e+02 7.00000000e+00
4.08633658e+03 9.99966323e-01 9.12513215e-04 8.75010526e-02 4.11000000e+02 7.00000000e+00
4.08641998e+03 9.99818979e-01 9.12513215e-04 9.25152867e-02 4.10000000e+02 7.00000000e+00
4.08650277e+03 1.00000200e+00 9.12513215e-04 9.74921307e-02 4.10000000e+02 7.00000000e+00
4.08658586e+03 1.00002611e+00 9.12513215e-04 1.02487741e-01 4.07000000e+02 7.00000000e+00
4.08666920e+03 9.99967516e-01 9.37701788e-04 1.07498018e-01 4.11000000e+02 7.00000000e+00
4.08675139e+03 1.00005442e+00 1.07798321e-03 1.12438791e-01 4.02000000e+02 7.00000000e+00
4.08683552e+03 9.99845415e-01 9.99391386e-04 1.17496990e-01 3.51000000e+02 7.00000000e+00
4.08691878e+03 9.99967933e-01 9.21070776e-04 1.22502402e-01 3.50000000e+02 7.00000000e+00
4.08700416e+03 1.00008255e+00 9.12513215e-04 1.27635105e-01 3.85000000e+02 7.00000000e+00
4.08708496e+03 1.00013334e+00 9.12513215e-04 1.32492640e-01 4.11000000e+02 7.00000000e+00
4.08716829e+03 9.99910832e-01 9.12513215e-04 1.37502478e-01 4.11000000e+02 7.00000000e+00
4.08724995e+03 1.00000411e+00 9.12513215e-04 1.42412153e-01 3.96000000e+02 7.00000000e+00
4.08733459e+03 9.99981925e-01 9.12513215e-04 1.47500174e-01 3.52000000e+02 6.00000000e+00
4.08741756e+03 9.99833186e-01 9.12513215e-04 1.52488530e-01 3.50000000e+02 6.00000000e+00
4.08750286e+03 9.99849349e-01 9.12513215e-04 1.57616542e-01 3.89000000e+02 7.00000000e+00
4.08758444e+03 9.99868453e-01 9.12513215e-04 1.62521250e-01 4.07000000e+02 7.00000000e+00
4.08766694e+03 1.00001673e+00 9.12513215e-04 1.67481082e-01 4.04000000e+02 7.00000000e+00
4.08775004e+03 9.99953538e-01 9.12513215e-04 1.72476429e-01 4.07000000e+02 7.00000000e+00
4.08783333e+03 9.99845147e-01 9.12513215e-04 1.77483755e-01 4.06000000e+02 7.00000000e+00
4.08791657e+03 9.99869555e-01 9.12513215e-04 1.82488270e-01 4.00000000e+02 7.00000000e+00
4.08799986e+03 9.97963578e-01 1.17904293e-03 1.87495710e-01 3.99000000e+02 7.00000000e+00
4.08808330e+03 9.99174173e-01 1.44704419e-03 1.92511647e-01 4.07000000e+02 7.00000000e+00
4.08816631e+03 9.98777033e-01 1.17596167e-03 1.97502043e-01 4.07000000e+02 6.00000000e+00
4.08824916e+03 9.99820087e-01 1.10341663e-03 2.02483223e-01 4.03000000e+02 6.00000000e+00
4.08833260e+03 9.98146700e-01 9.51627046e-04 2.07499230e-01 3.70000000e+02 6.00000000e+00
4.08841565e+03 9.98180571e-01 1.43347517e-03 2.12492454e-01 3.70000000e+02 6.00000000e+00
4.08850061e+03 9.98861679e-01 1.23387065e-03 2.17600003e-01 3.89000000e+02 6.00000000e+00
4.08858132e+03 9.98869482e-01 1.05325047e-03 2.22452408e-01 3.99000000e+02 6.00000000e+00
4.08866537e+03 9.99160446e-01 9.65058831e-04 2.27505096e-01 3.47000000e+02 5.00000000e+00
4.08874853e+03 9.99215164e-01 1.06055575e-03 2.32504965e-01 3.47000000e+02 5.00000000e+00
4.08883165e+03 9.99988440e-01 9.12513215e-04 2.37501709e-01 3.47000000e+02 5.00000000e+00
4.08891483e+03 9.99858578e-01 9.12513215e-04 2.42502690e-01 3.48000000e+02 5.00000000e+00
4.08899622e+03 1.00001407e+00 9.12513215e-04 2.47395346e-01 3.24000000e+02 5.00000000e+00
4.08908117e+03 1.00016052e+00 9.12513215e-04 2.52502716e-01 3.12000000e+02 5.00000000e+00
4.08916432e+03 9.99874119e-01 9.12513215e-04 2.57501361e-01 3.11000000e+02 5.00000000e+00
4.08924765e+03 9.99885515e-01 9.12513215e-04 2.62511259e-01 3.15000000e+02 6.00000000e+00
4.08933068e+03 9.99977359e-01 9.12513215e-04 2.67503124e-01 3.15000000e+02 6.00000000e+00
4.08941375e+03 9.99869715e-01 9.12513215e-04 2.72496753e-01 3.14000000e+02 6.00000000e+00
4.08949696e+03 9.99936153e-01 9.12513215e-04 2.77499449e-01 3.15000000e+02 6.00000000e+00
4.08958015e+03 9.99682489e-01 9.12513215e-04 2.82500639e-01 3.16000000e+02 6.00000000e+00
4.08966334e+03 9.99951100e-01 9.12513215e-04 2.87502256e-01 3.15000000e+02 6.00000000e+00
4.08974650e+03 9.99798914e-01 9.12513215e-04 2.92501203e-01 3.15000000e+02 6.00000000e+00
4.08982958e+03 9.99586958e-01 9.12513215e-04 2.97495937e-01 3.16000000e+02 6.00000000e+00
4.08991291e+03 9.99350588e-01 9.12513215e-04 3.02505993e-01 3.16000000e+02 6.00000000e+00
4.08999600e+03 9.99358759e-01 9.12513215e-04 3.07501112e-01 3.15000000e+02 6.00000000e+00
4.09007920e+03 9.99230345e-01 9.12513215e-04 3.12502762e-01 3.15000000e+02 6.00000000e+00
4.09016531e+03 9.99771417e-01 9.12513215e-04 3.17680067e-01 3.53000000e+02 7.00000000e+00
4.09024561e+03 1.00008267e+00 9.12513215e-04 3.22507107e-01 3.76000000e+02 7.00000000e+00
4.09032867e+03 1.00053113e+00 1.03672927e-03 3.27500764e-01 3.74000000e+02 7.00000000e+00
4.09040748e+03 1.00017440e+00 9.12513215e-04 3.32238910e-01 3.36000000e+02 7.00000000e+00
4.09049464e+03 9.99946311e-01 9.12513215e-04 3.37478702e-01 2.69000000e+02 6.00000000e+00
4.09057843e+03 1.00022846e+00 9.12513215e-04 3.42516281e-01 2.67000000e+02 6.00000000e+00
4.09066316e+03 1.00005306e+00 9.15579866e-04 3.47609925e-01 3.35000000e+02 6.00000000e+00
4.09074452e+03 9.99874101e-01 1.41288327e-03 3.52501001e-01 3.50000000e+02 6.00000000e+00
4.09082841e+03 9.99893517e-01 1.23056191e-03 3.57544666e-01 3.62000000e+02 6.00000000e+00
4.09091085e+03 1.00001803e+00 1.70293770e-03 3.62500993e-01 3.87000000e+02 6.00000000e+00
4.09099399e+03 1.00005603e+00 1.81498420e-03 3.67499245e-01 3.87000000e+02 6.00000000e+00
4.09107720e+03 1.00002269e+00 1.65343490e-03 3.72501555e-01 3.88000000e+02 6.00000000e+00
4.09116038e+03 1.00016495e+00 1.28173771e-03 3.77502036e-01 3.86000000e+02 6.00000000e+00
4.09124349e+03 9.99972999e-01 1.04608732e-03 3.82498710e-01 3.88000000e+02 6.00000000e+00
4.09132663e+03 9.99964204e-01 9.12513215e-04 3.87496978e-01 3.87000000e+02 6.00000000e+00
4.09140986e+03 1.00019124e+00 9.12513215e-04 3.92500406e-01 3.87000000e+02 6.00000000e+00
4.09149264e+03 9.99998863e-01 9.12513215e-04 3.97477205e-01 3.87000000e+02 6.00000000e+00
4.09157598e+03 1.00018972e+00 9.12513215e-04 4.02487447e-01 3.87000000e+02 6.00000000e+00
4.09165932e+03 1.00041877e+00 9.12513215e-04 4.07497689e-01 3.87000000e+02 6.00000000e+00
4.09174252e+03 1.00029137e+00 9.12513215e-04 4.12499558e-01 3.88000000e+02 6.00000000e+00
4.09182570e+03 1.00057547e+00 9.12513215e-04 4.17500270e-01 3.86000000e+02 6.00000000e+00
4.09190878e+03 1.00038093e+00 9.12513215e-04 4.22495325e-01 3.92000000e+02 6.00000000e+00
4.09199194e+03 1.00007199e+00 9.12513215e-04 4.27494868e-01 3.91000000e+02 6.00000000e+00
4.09207521e+03 1.00019032e+00 9.12513215e-04 4.32500705e-01 3.89000000e+02 6.00000000e+00
4.09215833e+03 1.00009099e+00 9.12513215e-04 4.37497626e-01 3.91000000e+02 6.00000000e+00
4.09224148e+03 1.00018115e+00 9.12513215e-04 4.42496752e-01 3.90000000e+02 6.00000000e+00
4.09232464e+03 1.00029558e+00 9.12513215e-04 4.47496099e-01 3.31000000e+02 6.00000000e+00
4.09240798e+03 1.00001412e+00 9.12513215e-04 4.52506336e-01 3.31000000e+02 6.00000000e+00
4.09249102e+03 1.00019205e+00 9.12513215e-04 4.57498809e-01 3.29000000e+02 6.00000000e+00
4.09257383e+03 1.00035736e+00 9.12513215e-04 4.62477361e-01 3.29000000e+02 6.00000000e+00
4.09265743e+03 1.00022778e+00 9.12513215e-04 4.67503175e-01 3.32000000e+02 6.00000000e+00
4.09274051e+03 1.00063622e+00 9.12513215e-04 4.72497920e-01 3.31000000e+02 6.00000000e+00
4.09282328e+03 1.00058537e+00 9.12513215e-04 4.77474009e-01 3.27000000e+02 6.00000000e+00
4.09290662e+03 1.00061790e+00 9.12513215e-04 4.82484243e-01 3.17000000e+02 5.00000000e+00
4.09298981e+03 1.00021610e+00 1.04691166e-03 4.87485393e-01 3.10000000e+02 5.00000000e+00
4.09307329e+03 9.99996066e-01 1.33726658e-03 4.92504216e-01 3.11000000e+02 5.00000000e+00
4.09315582e+03 1.00002679e+00 1.08621814e-03 4.97465805e-01 3.09000000e+02 5.00000000e+00
4.09323936e+03 1.00061619e+00 1.05700691e-03 5.02488214e-01 2.90000000e+02 5.00000000e+00
4.09332111e+03 1.00110477e+00 9.84207966e-04 5.07402854e-01 2.93000000e+02 5.00000000e+00
4.09340497e+03 1.00164978e+00 1.24965821e-03 5.12444347e-01 2.99000000e+02 5.00000000e+00
4.09348889e+03 1.00055052e+00 9.12513215e-04 5.17489636e-01 2.82000000e+02 5.00000000e+00
4.09357331e+03 1.00133014e+00 9.14540536e-04 5.22564599e-01 2.88000000e+02 5.00000000e+00
4.09365586e+03 1.00245968e+00 9.12513215e-04 5.27527459e-01 2.73000000e+02 5.00000000e+00
4.09373848e+03 1.00282956e+00 9.12513215e-04 5.32494281e-01 2.84000000e+02 5.00000000e+00
4.09382196e+03 1.00266860e+00 1.87215484e-03 5.37513281e-01 2.81000000e+02 5.00000000e+00
4.09390640e+03 1.00096713e+00 1.26579390e-03 5.42589595e-01 2.97000000e+02 6.00000000e+00
4.09397805e+03 1.00141469e+00 1.22264832e-03 5.46897120e-01 2.92000000e+02 6.00000000e+00
4.09403109e+03 9.98708850e-01 3.34763902e-03 5.50085978e-01 1.82000000e+02 5.00000000e+00
4.09407123e+03 1.00056541e+00 1.06963411e-03 5.52499058e-01 1.79000000e+02 5.00000000e+00
4.09411012e+03 1.00231394e+00 1.62362416e-03 5.54837155e-01 1.63000000e+02 5.00000000e+00
4.09415225e+03 1.00202451e+00 2.06945048e-03 5.57369946e-01 1.45000000e+02 5.00000000e+00
4.09419182e+03 1.00272798e+00 1.70495503e-03 5.59748644e-01 1.44000000e+02 4.00000000e+00
4.09423281e+03 1.00145636e+00 1.85371604e-03 5.62213225e-01 1.44000000e+02 4.00000000e+00
4.09427304e+03 9.81609870e-01 2.88783921e-03 5.64631671e-01 1.47000000e+02 4.00000000e+00
4.09431451e+03 9.46873607e-01 2.37887937e-03 5.67124440e-01 1.56000000e+02 4.00000000e+00
4.09435366e+03 9.10917951e-01 3.61475280e-03 5.69478141e-01 1.75000000e+02 4.00000000e+00
4.09439422e+03 8.70728450e-01 2.13206009e-03 5.71916839e-01 1.77000000e+02 5.00000000e+00
4.09443514e+03 8.50867814e-01 1.32879418e-02 5.74376958e-01 1.79000000e+02 6.00000000e+00
4.09447450e+03 8.21613401e-01 1.57285749e-02 5.76743057e-01 1.75000000e+02 6.00000000e+00
4.09451550e+03 8.23749284e-01 1.83879558e-02 5.79208112e-01 1.70000000e+02 6.00000000e+00
4.09455563e+03 7.97268228e-01 2.53010827e-03 5.81620838e-01 1.72000000e+02 6.00000000e+00
4.09459624e+03 8.00402258e-01 5.34606646e-03 5.84061693e-01 1.68000000e+02 5.00000000e+00
4.09463652e+03 8.22460018e-01 1.78844004e-02 5.86483307e-01 1.72000000e+02 6.00000000e+00
4.09467707e+03 8.14116274e-01 1.29252651e-02 5.88921286e-01 1.73000000e+02 6.00000000e+00
4.09471750e+03 8.20954718e-01 1.69610421e-02 5.91352196e-01 1.71000000e+02 6.00000000e+00
4.09475809e+03 8.26402882e-01 1.34156834e-02 5.93792029e-01 1.69000000e+02 6.00000000e+00
4.09479810e+03 8.57164210e-01 1.08655795e-02 5.96197478e-01 1.68000000e+02 6.00000000e+00
4.09483794e+03 8.97624032e-01 9.04715857e-03 5.98592943e-01 1.71000000e+02 6.00000000e+00
4.09487854e+03 9.25138059e-01 2.86756506e-03 6.01033471e-01 1.60000000e+02 4.00000000e+00
4.09491870e+03 9.61173209e-01 2.36217164e-03 6.03448032e-01 1.58000000e+02 4.00000000e+00
4.09495922e+03 9.91640501e-01 2.80616574e-03 6.05883844e-01 1.62000000e+02 4.00000000e+00
4.09499968e+03 1.00375086e+00 2.15929590e-03 6.08316162e-01 1.62000000e+02 4.00000000e+00
4.09504030e+03 1.00303559e+00 1.90731436e-03 6.10758062e-01 1.64000000e+02 5.00000000e+00
4.09508097e+03 1.00314084e+00 2.43700206e-03 6.13203094e-01 1.63000000e+02 5.00000000e+00
4.09512125e+03 1.00316287e+00 2.54487604e-03 6.15624724e-01 1.63000000e+02 5.00000000e+00
4.09516087e+03 1.00271985e+00 2.28724706e-03 6.18006577e-01 1.63000000e+02 5.00000000e+00
4.09520185e+03 1.00273755e+00 2.31176153e-03 6.20470816e-01 1.61000000e+02 5.00000000e+00
4.09524970e+03 1.00227963e+00 1.61750150e-03 6.23346922e-01 2.30000000e+02 6.00000000e+00
4.09531853e+03 1.00163953e+00 2.10669499e-03 6.27485092e-01 3.47000000e+02 6.00000000e+00
4.09540225e+03 1.00166280e+00 1.28189972e-03 6.32518458e-01 3.43000000e+02 6.00000000e+00
4.09548505e+03 1.00205519e+00 1.21552881e-03 6.37496216e-01 3.46000000e+02 6.00000000e+00
4.09556852e+03 1.00183629e+00 1.04282996e-03 6.42514415e-01 3.48000000e+02 6.00000000e+00
4.09565172e+03 1.00205370e+00 1.13477481e-03 6.47516386e-01 3.46000000e+02 6.00000000e+00
4.09573520e+03 1.00215828e+00 1.19650644e-03 6.52534872e-01 3.44000000e+02 6.00000000e+00
4.09581755e+03 1.00222660e+00 1.30193797e-03 6.57485392e-01 3.45000000e+02 6.00000000e+00
4.09589961e+03 1.00251859e+00 1.51317762e-03 6.62418906e-01 3.25000000e+02 6.00000000e+00
4.09598434e+03 1.00245823e+00 1.56184554e-03 6.67512691e-01 2.77000000e+02 6.00000000e+00
4.09607045e+03 1.00252541e+00 1.65591265e-03 6.72689981e-01 2.89000000e+02 6.00000000e+00
4.09615089e+03 1.00184743e+00 1.12314108e-03 6.77525726e-01 3.27000000e+02 6.00000000e+00
4.09622988e+03 1.00187293e+00 1.11804829e-03 6.82274242e-01 3.00000000e+02 6.00000000e+00
4.09631994e+03 1.00104572e+00 9.12513215e-04 6.87689031e-01 3.25000000e+02 6.00000000e+00
4.09639991e+03 1.00110359e+00 9.12513215e-04 6.92496387e-01 3.65000000e+02 6.00000000e+00
4.09648311e+03 1.00134037e+00 9.12513215e-04 6.97498584e-01 3.68000000e+02 6.00000000e+00
4.09656633e+03 1.00132541e+00 9.93136471e-04 7.02501143e-01 3.67000000e+02 6.00000000e+00
4.09664952e+03 1.00083969e+00 9.12513215e-04 7.07502701e-01 3.67000000e+02 6.00000000e+00
4.09673264e+03 1.00070113e+00 9.12513215e-04 7.12499965e-01 3.66000000e+02 6.00000000e+00
4.09681583e+03 1.00075365e+00 9.12513215e-04 7.17500773e-01 3.66000000e+02 6.00000000e+00
4.09689829e+03 1.00080355e+00 9.12513215e-04 7.22458750e-01 3.67000000e+02 6.00000000e+00
4.09698206e+03 1.00070277e+00 9.12513215e-04 7.27494815e-01 3.68000000e+02 6.00000000e+00
4.09706571e+03 1.00072251e+00 9.12513215e-04 7.32523789e-01 3.78000000e+02 6.00000000e+00
4.09714862e+03 1.00093986e+00 9.12513215e-04 7.37508142e-01 3.80000000e+02 6.00000000e+00
4.09723196e+03 1.00107431e+00 9.12513215e-04 7.42518274e-01 3.78000000e+02 6.00000000e+00
4.09731621e+03 1.00050201e+00 9.12513215e-04 7.47583291e-01 3.91000000e+02 7.00000000e+00
4.09739781e+03 1.00010467e+00 9.12513215e-04 7.52489194e-01 3.79000000e+02 7.00000000e+00
4.09748258e+03 1.00013879e+00 1.30976901e-03 7.57585461e-01 3.90000000e+02 7.00000000e+00
4.09756441e+03 1.00004314e+00 1.07934363e-03 7.62505000e-01 4.39000000e+02 7.00000000e+00
4.09764753e+03 1.00017741e+00 9.12513215e-04 7.67501625e-01 4.36000000e+02 7.00000000e+00
4.09773063e+03 1.00004134e+00 9.12513215e-04 7.72497915e-01 4.35000000e+02 7.00000000e+00
4.09781389e+03 1.00003776e+00 1.06369321e-03 7.77503389e-01 4.35000000e+02 7.00000000e+00
4.09789698e+03 9.99826847e-01 1.24596468e-03 7.82498371e-01 4.31000000e+02 7.00000000e+00
4.09798012e+03 9.99868691e-01 9.48615906e-04 7.87496827e-01 4.39000000e+02 7.00000000e+00
4.09806329e+03 1.00005519e+00 9.12513215e-04 7.92496971e-01 4.40000000e+02 7.00000000e+00
4.09814508e+03 1.00016075e+00 1.55526598e-03 7.97413687e-01 4.15000000e+02 7.00000000e+00
