# Time Flux Flux_Err Phase N NSector
3.00933655e+03 1.00060045e+00 4.20388425e-04 -1.97485792e-01 2.63000000e+02 8.00000000e+00
3.00934545e+03 1.00054184e+00 4.20388425e-04 -1.92550577e-01 2.56000000e+02 8.00000000e+00
3.00935451e+03 1.00047399e+00 4.20388425e-04 -1.87520296e-01 2.53000000e+02 8.00000000e+00
3.00936339e+03 1.00045283e+00 4.20388425e-04 -1.82598438e-01 2.54000000e+02 8.00000000e+00
3.00937257e+03 1.00042876e+00 4.20388425e-04 -1.77505919e-01 2.49000000e+02 8.00000000e+00
3.00938171e+03 1.00018010e+00 4.20388425e-04 -1.72432646e-01 2.56000000e+02 8.00000000e+00
3.00939052e+03 1.00031989e+00 4.20388425e-04 -1.67548825e-01 2.54000000e+02 8.00000000e+00
3.00939962e+03 1.00027584e+00 4.20388425e-04 -1.62500288e-01 2.59000000e+02 8.00000000e+00
3.00940853e+03 1.00022900e+00 4.20388425e-04 -1.57555177e-01 2.53000000e+02 8.00000000e+00
3.00941762e+03 1.00014145e+00 4.20388425e-04 -1.52511948e-01 2.53000000e+02 8.00000000e+00
3.00942659e+03 1.00004299e+00 4.20388425e-04 -1.47539195e-01 2.55000000e+02 8.00000000e+00
3.00943569e+03 1.00003711e+00 4.20388425e-04 -1.42486773e-01 2.49000000e+02 8.00000000e+00
3.00944471e+03 9.99960157e-01 4.20388425e-04 -1.37486633e-01 2.50000000e+02 8.00000000e+00
3.00945364e+03 9.99719272e-01 4.20388425e-04 -1.32532016e-01 2.54000000e+02 8.00000000e+00
3.00946273e+03 9.99771406e-01 4.20388425e-04 -1.27487588e-01 2.58000000e+02 8.00000000e+00
3.00947168e+03 9.99637310e-01 4.20388425e-04 -1.22521855e-01 2.59000000e+02 8.00000000e+00
3.00948061e+03 9.99441251e-01 4.20388425e-04 -1.17571359e-01 2.51000000e+02 8.00000000e+00
3.00948975e+03 9.99461450e-01 5.41565490e-04 -1.12500282e-01 2.60000000e+02 8.00000000e+00
3.00949879e+03 9.99311620e-01 5.09164392e-04 -1.07486252e-01 2.49000000e+02 8.00000000e+00
3.00950780e+03 9.98560378e-01 4.20388425e-04 -1.02485597e-01 2.50000000e+02 8.00000000e+00
3.00951679e+03 9.98762604e-01 4.92406020e-04 -9.74988693e-02 2.50000000e+02 8.00000000e+00
3.00952591e+03 9.99072831e-01 5.84073904e-04 -9.24395095e-02 2.53000000e+02 8.00000000e+00
3.00953480e+03 9.99013050e-01 5.51324028e-04 -8.75047518e-02 2.52000000e+02 8.00000000e+00
3.00954379e+03 9.98601472e-01 5.30396604e-04 -8.25204659e-02 2.45000000e+02 8.00000000e+00
3.00955285e+03 9.98697575e-01 7.37491876e-04 -7.74967313e-02 2.50000000e+02 8.00000000e+00
3.00956181e+03 9.98255573e-01 5.68477696e-04 -7.25242604e-02 2.50000000e+02 8.00000000e+00
3.00957086e+03 9.98143305e-01 5.91463840e-04 -6.75048804e-02 2.56000000e+02 8.00000000e+00
3.00957989e+03 9.98546962e-01 8.90901570e-04 -6.24943184e-02 2.52000000e+02 8.00000000e+00
3.00958886e+03 9.97987798e-01 7.40788471e-04 -5.75151152e-02 2.47000000e+02 8.00000000e+00
3.00959791e+03 9.97886659e-01 7.14321941e-04 -5.24970395e-02 2.50000000e+02 8.00000000e+00
3.00960643e+03 9.97412611e-01 6.57978286e-04 -4.77681665e-02 2.25000000e+02 8.00000000e+00
3.00961330e+03 9.96334517e-01 4.20388425e-04 -4.39578780e-02 1.55000000e+02 8.00000000e+00
3.00961874e+03 9.96377719e-01 4.20388425e-04 -4.09398623e-02 1.56000000e+02 7.00000000e+00
3.00962424e+03 9.95840392e-01 6.88449430e-04 -3.78889643e-02 1.57000000e+02 8.00000000e+00
3.00962975e+03 9.94270628e-01 7.71683762e-04 -3.48319629e-02 1.55000000e+02 7.00000000e+00
3.00963521e+03 9.92874166e-01 7.51686955e-04 -3.18039627e-02 1.48000000e+02 6.00000000e+00
3.00964057e+03 9.90642466e-01 6.38094626e-04 -2.88307687e-02 1.49000000e+02 6.00000000e+00
3.00964605e+03 9.88121172e-01 6.07581200e-04 -2.57915645e-02 1.55000000e+02 6.00000000e+00
3.00965152e+03 9.85489839e-01 5.22358295e-04 -2.27553276e-02 1.51000000e+02 6.00000000e+00
3.00965704e+03 9.82936210e-01 5.33314427e-04 -1.96953671e-02 1.51000000e+02 6.00000000e+00
3.00966248e+03 9.80597383e-01 5.31997263e-04 -1.66776975e-02 1.50000000e+02 6.00000000e+00
3.00966780e+03 9.78900536e-01 5.30057623e-04 -1.37278792e-02 1.34000000e+02 4.00000000e+00
3.00967348e+03 9.77137578e-01 7.90261675e-04 -1.05745296e-02 1.28000000e+02 4.00000000e+00
3.00967877e+03 9.75939242e-01 8.15174213e-04 -7.64135259e-03 1.33000000e+02 4.00000000e+00
3.00968440e+03 9.74832449e-01 1.12275951e-03 -4.51533553e-03 1.27000000e+02 4.00000000e+00
3.00968977e+03 9.74466912e-01 1.32184884e-03 -1.54008778e-03 1.29000000e+02 4.00000000e+00
3.00969535e+03 9.72887148e-01 6.68696598e-04 1.55506200e-03 1.47000000e+02 6.00000000e+00
3.00970070e+03 9.74302223e-01 9.88129072e-04 4.52266884e-03 1.40000000e+02 6.00000000e+00
3.00970624e+03 9.77085298e-01 8.16452789e-04 7.59596448e-03 1.51000000e+02 6.00000000e+00
3.00971171e+03 9.79819084e-01 6.27390175e-04 1.06308596e-02 1.42000000e+02 6.00000000e+00
3.00971719e+03 9.82023972e-01 8.80552136e-04 1.36735382e-02 1.59000000e+02 7.00000000e+00
3.00972265e+03 9.83678672e-01 1.87554886e-03 1.67015644e-02 1.47000000e+02 7.00000000e+00
3.00972797e+03 9.88246524e-01 1.22249133e-03 1.96535724e-02 1.58000000e+02 8.00000000e+00
3.00973360e+03 9.88550446e-01 2.65406369e-03 2.27782710e-02 1.47000000e+02 6.00000000e+00
3.00973893e+03 9.93326771e-01 1.76848032e-03 2.57336886e-02 1.58000000e+02 8.00000000e+00
3.00974444e+03 9.92778052e-01 2.13326547e-03 2.87891013e-02 1.46000000e+02 7.00000000e+00
3.00974985e+03 9.95745130e-01 1.45814928e-03 3.17911118e-02 1.50000000e+02 8.00000000e+00
3.00975549e+03 9.94534001e-01 4.20388425e-04 3.49180668e-02 1.48000000e+02 7.00000000e+00
3.00976087e+03 9.96562721e-01 1.12168019e-03 3.79031871e-02 1.50000000e+02 8.00000000e+00
3.00976638e+03 9.95570786e-01 7.55089956e-04 4.09593809e-02 1.56000000e+02 7.00000000e+00
3.00977176e+03 9.96619369e-01 9.93975105e-04 4.39455138e-02 1.52000000e+02 8.00000000e+00
3.00977864e+03 9.96256992e-01 8.31164765e-04 4.77595283e-02 2.30000000e+02 8.00000000e+00
3.00978721e+03 9.97166519e-01 1.25910535e-03 5.25166447e-02 2.54000000e+02 8.00000000e+00
3.00979619e+03 9.96679036e-01 1.00036759e-03 5.74964945e-02 2.50000000e+02 8.00000000e+00
3.00980508e+03 9.97384389e-01 8.75786683e-04 6.24272096e-02 2.52000000e+02 8.00000000e+00
3.00981412e+03 9.97432196e-01 9.80620354e-04 6.74443175e-02 2.56000000e+02 8.00000000e+00
3.00982325e+03 9.97583956e-01 8.13630450e-04 7.25110400e-02 2.56000000e+02 8.00000000e+00
3.00983221e+03 9.97947901e-01 8.75753485e-04 7.74788212e-02 2.56000000e+02 8.00000000e+00
3.00984140e+03 9.97940583e-01 7.67856879e-04 8.25760649e-02 2.50000000e+02 8.00000000e+00
3.00985042e+03 9.97875974e-01 9.34739270e-04 8.75838542e-02 2.53000000e+02 8.00000000e+00
3.00985930e+03 9.98230952e-01 8.62642055e-04 9.25081822e-02 2.48000000e+02 8.00000000e+00
3.00986827e+03 9.98395783e-01 7.70695633e-04 9.74854493e-02 2.57000000e+02 8.00000000e+00
3.00987724e+03 9.98539251e-01 6.71887780e-04 1.02461556e-01 2.58000000e+02 8.00000000e+00
3.00988631e+03 9.98779123e-01 6.75901862e-04 1.07491054e-01 2.53000000e+02 8.00000000e+00
3.00989523e+03 9.99156909e-01 6.25432918e-04 1.12438847e-01 2.54000000e+02 8.00000000e+00
3.00990433e+03 9.99481127e-01 5.06482619e-04 1.17488129e-01 2.49000000e+02 8.00000000e+00
3.00991351e+03 1.00010680e+00 4.20388425e-04 1.22582838e-01 2.53000000e+02 8.00000000e+00
3.00992239e+03 1.00054869e+00 4.20388425e-04 1.27505952e-01 2.51000000e+02 8.00000000e+00
3.00993146e+03 1.00055901e+00 4.20388425e-04 1.32536724e-01 2.53000000e+02 8.00000000e+00
3.00994040e+03 1.00092157e+00 4.20388425e-04 1.37495392e-01 2.52000000e+02 8.00000000e+00
3.00994950e+03 1.00113817e+00 4.20388425e-04 1.42544934e-01 2.43000000e+02 8.00000000e+00
3.00995851e+03 1.00110723e+00 4.20388425e-04 1.47543094e-01 2.47000000e+02 8.00000000e+00
3.00996746e+03 1.00162560e+00 5.19546846e-04 1.52509802e-01 2.42000000e+02 8.00000000e+00
3.00997645e+03 1.00201928e+00 6.17587128e-04 1.57497657e-01 2.50000000e+02 8.00000000e+00
3.00998540e+03 1.00222823e+00 7.12021275e-04 1.62461999e-01 2.42000000e+02 8.00000000e+00
3.00999453e+03 1.00234729e+00 7.76162555e-04 1.67528356e-01 2.49000000e+02 8.00000000e+00
3.01000340e+03 1.00264896e+00 6.20570916e-04 1.72448732e-01 2.40000000e+02 8.00000000e+00
3.01001244e+03 1.00249404e+00 7.71390112e-04 1.77461482e-01 2.42000000e+02 8.00000000e+00
3.01002150e+03 1.00278882e+00 8.34288910e-04 1.82486375e-01 2.51000000e+02 8.00000000e+00
3.01003055e+03 1.00288890e+00 9.09511720e-04 1.87507119e-01 2.37000000e+02 8.00000000e+00
3.01003958e+03 1.00411746e+00 8.86592115e-04 1.92517285e-01 2.44000000e+02 8.00000000e+00
3.01004854e+03 1.00338544e+00 1.25580076e-03 1.97486258e-01 2.40000000e+02 8.00000000e+00
3.01005769e+03 1.00321551e+00 1.30383750e-03 2.02564389e-01 2.40000000e+02 8.00000000e+00
3.01006660e+03 1.00328889e+00 1.30662698e-03 2.07504322e-01 2.43000000e+02 8.00000000e+00
3.01007562e+03 1.00318259e+00 1.53309516e-03 2.12513328e-01 2.43000000e+02 8.00000000e+00
3.01008467e+03 1.00321644e+00 1.43815635e-03 2.17529481e-01 2.49000000e+02 8.00000000e+00
3.01009363e+03 1.00336774e+00 1.46852031e-03 2.22499803e-01 2.39000000e+02 8.00000000e+00
3.01010252e+03 1.00418489e+00 1.13234804e-03 2.27431470e-01 2.43000000e+02 8.00000000e+00
3.01011162e+03 1.00316495e+00 1.53869287e-03 2.32479511e-01 2.38000000e+02 8.00000000e+00
3.01012075e+03 1.00370780e+00 1.31702512e-03 2.37546150e-01 2.44000000e+02 8.00000000e+00
3.01012962e+03 1.00309775e+00 1.57532967e-03 2.42466329e-01 2.50000000e+02 8.00000000e+00
3.01013871e+03 1.00265030e+00 1.47417532e-03 2.47509172e-01 2.46000000e+02 8.00000000e+00
3.01014775e+03 1.00272231e+00 1.46867261e-03 2.52523368e-01 2.49000000e+02 8.00000000e+00
3.01015671e+03 1.00253498e+00 1.45592778e-03 2.57496911e-01 2.45000000e+02 8.00000000e+00
3.01016571e+03 1.00233186e+00 1.34615288e-03 2.62487512e-01 2.53000000e+02 8.00000000e+00
3.01017470e+03 1.00226683e+00 1.18019359e-03 2.67473014e-01 2.50000000e+02 8.00000000e+00
3.01018385e+03 1.00226267e+00 1.12974667e-03 2.72549678e-01 2.48000000e+02 8.00000000e+00
3.01019265e+03 1.00176492e+00 1.07969837e-03 2.77432686e-01 2.48000000e+02 8.00000000e+00
3.01020181e+03 1.00168439e+00 1.11943164e-03 2.82515351e-01 2.46000000e+02 8.00000000e+00
3.01021082e+03 1.00148469e+00 9.87751948e-04 2.87514269e-01 2.52000000e+02 8.00000000e+00
3.01021972e+03 1.00138872e+00 7.60305536e-04 2.92447234e-01 2.42000000e+02 8.00000000e+00
3.01022876e+03 1.00128855e+00 7.76580732e-04 2.97464620e-01 2.54000000e+02 8.00000000e+00
3.01023789e+03 1.00115054e+00 8.42923170e-04 3.02531310e-01 2.57000000e+02 8.00000000e+00
3.01024692e+03 1.00091160e+00 7.71334170e-04 3.07538420e-01 2.49000000e+02 8.00000000e+00
3.01025590e+03 1.00099443e+00 6.49575781e-04 3.12519563e-01 2.50000000e+02 8.00000000e+00
3.01026491e+03 1.00057913e+00 5.54733390e-04 3.17520406e-01 2.48000000e+02 8.00000000e+00
3.01027398e+03 1.00072782e+00 5.48790990e-04 3.22551721e-01 2.47000000e+02 8.00000000e+00
3.01028288e+03 1.00063394e+00 5.20926477e-04 3.27485287e-01 2.46000000e+02 8.00000000e+00
3.01029188e+03 1.00045699e+00 4.24653103e-04 3.32482130e-01 2.51000000e+02 8.00000000e+00
3.01030089e+03 1.00052409e+00 4.20388425e-04 3.37480321e-01 2.47000000e+02 8.00000000e+00
3.01031001e+03 1.00054771e+00 4.20388425e-04 3.42538522e-01 2.52000000e+02 8.00000000e+00
3.01031903e+03 1.00038636e+00 4.20388425e-04 3.47540699e-01 2.56000000e+02 8.00000000e+00
3.01032799e+03 1.00045718e+00 4.20388425e-04 3.52510442e-01 2.50000000e+02 8.00000000e+00
3.01033685e+03 1.00020880e+00 4.20388425e-04 3.57425065e-01 2.56000000e+02 8.00000000e+00
3.01034592e+03 1.00037635e+00 4.20388425e-04 3.62461435e-01 2.55000000e+02 8.00000000e+00
3.01035506e+03 1.00022385e+00 4.20388425e-04 3.67530816e-01 2.55000000e+02 8.00000000e+00
3.01035988e+03 9.99669235e-01 4.20388425e-04 3.70203143e-01 1.90000000e+01 4.00000000e+00
3.01036284e+03 9.99993516e-01 4.20388425e-04 3.71846801e-01 1.40000000e+02 7.00000000e+00
3.01036811e+03 1.00002464e+00 4.20388425e-04 3.74769741e-01 1.42000000e+02 7.00000000e+00
3.01037319e+03 1.00014811e+00 4.20388425e-04 3.77585410e-01 1.42000000e+02 7.00000000e+00
3.01037834e+03 9.99839136e-01 4.84306270e-04 3.80445098e-01 1.42000000e+02 7.00000000e+00
3.01038349e+03 9.99247613e-01 4.77260240e-04 3.83301057e-01 1.39000000e+02 7.00000000e+00
3.01038875e+03 9.97822316e-01 9.96539159e-04 3.86218344e-01 1.42000000e+02 6.00000000e+00
3.01039394e+03 9.96388061e-01 1.15534934e-03 3.89097344e-01 1.45000000e+02 7.00000000e+00
3.01039909e+03 9.94458176e-01 1.38294656e-03 3.91954322e-01 1.44000000e+02 6.00000000e+00
3.01040428e+03 9.93764178e-01 2.06488977e-03 3.94831211e-01 1.46000000e+02 8.00000000e+00
3.01040949e+03 9.91149077e-01 1.80151730e-03 3.97724778e-01 1.46000000e+02 7.00000000e+00
3.01041445e+03 9.89717598e-01 1.94576518e-03 4.00477658e-01 1.43000000e+02 7.00000000e+00
3.01041958e+03 9.88239135e-01 2.20575469e-03 4.03319139e-01 1.47000000e+02 7.00000000e+00
3.01042470e+03 9.87032043e-01 2.32966566e-03 4.06159113e-01 1.37000000e+02 6.00000000e+00
3.01042988e+03 9.86241988e-01 2.29038309e-03 4.09037727e-01 1.31000000e+02 6.00000000e+00
3.01043507e+03 9.85501094e-01 3.68274723e-03 4.11916271e-01 1.26000000e+02 5.00000000e+00
3.01044023e+03 9.81806729e-01 2.81394653e-03 4.14778336e-01 1.26000000e+02 4.00000000e+00
3.01044546e+03 9.85609654e-01 2.92026011e-03 4.17678876e-01 1.31000000e+02 6.00000000e+00
3.01045066e+03 9.85964153e-01 2.66709328e-03 4.20565607e-01 1.28000000e+02 6.00000000e+00
3.01045584e+03 9.86697423e-01 2.79511592e-03 4.23434455e-01 1.42000000e+02 6.00000000e+00
3.01046099e+03 9.87752713e-01 2.44351109e-03 4.26293929e-01 1.45000000e+02 6.00000000e+00
3.01046618e+03 9.89003535e-01 2.22984466e-03 4.29170986e-01 1.38000000e+02 6.00000000e+00
3.01047118e+03 9.90333695e-01 1.77200932e-03 4.31945845e-01 1.40000000e+02 6.00000000e+00
3.01047638e+03 9.91875818e-01 1.23524142e-03 4.34831670e-01 1.38000000e+02 6.00000000e+00
3.01048142e+03 9.93530260e-01 8.08701225e-04 4.37626263e-01 1.44000000e+02 6.00000000e+00
3.01048658e+03 9.95337611e-01 4.20388425e-04 4.40491799e-01 1.38000000e+02 6.00000000e+00
3.01049176e+03 9.97132757e-01 4.20388425e-04 4.43363891e-01 1.38000000e+02 6.00000000e+00
3.01049701e+03 9.98763112e-01 4.20388425e-04 4.46277167e-01 1.40000000e+02 6.00000000e+00
3.01050215e+03 9.99573483e-01 4.20388425e-04 4.49129329e-01 1.45000000e+02 7.00000000e+00
3.01050732e+03 9.99828787e-01 4.20388425e-04 4.51993761e-01 1.44000000e+02 7.00000000e+00
3.01051247e+03 9.99818953e-01 4.20388425e-04 4.54853910e-01 1.39000000e+02 7.00000000e+00
3.01051837e+03 9.99936566e-01 4.20388425e-04 4.58125692e-01 1.85000000e+02 8.00000000e+00
3.01052625e+03 9.99876356e-01 4.20388425e-04 4.62496814e-01 2.56000000e+02 8.00000000e+00
3.01053516e+03 9.99892295e-01 4.20388425e-04 4.67441207e-01 2.44000000e+02 7.00000000e+00
3.01054423e+03 1.00004351e+00 4.20388425e-04 4.72470535e-01 2.51000000e+02 8.00000000e+00
3.01055310e+03 9.99802917e-01 4.20388425e-04 4.77392722e-01 2.49000000e+02 7.00000000e+00
3.01056236e+03 9.99899626e-01 4.20388425e-04 4.82529178e-01 2.49000000e+02 8.00000000e+00
3.01057139e+03 9.99724826e-01 4.20388425e-04 4.87539238e-01 2.52000000e+02 8.00000000e+00
3.01058037e+03 1.00000712e+00 4.20388425e-04 4.92519255e-01 2.49000000e+02 8.00000000e+00
3.01058945e+03 1.00008341e+00 4.20388425e-04 4.97556714e-01 2.53000000e+02 8.00000000e+00
3.01059837e+03 1.00019518e+00 4.20388425e-04 5.02506792e-01 2.55000000e+02 8.00000000e+00
3.01060740e+03 1.00006048e+00 4.20388425e-04 5.07514079e-01 2.52000000e+02 8.00000000e+00
3.01061626e+03 9.99811649e-01 4.20388425e-04 5.12428104e-01 2.60000000e+02 8.00000000e+00
3.01062544e+03 1.00000171e+00 4.20388425e-04 5.17522553e-01 2.52000000e+02 8.00000000e+00
3.01063433e+03 1.00005363e+00 4.20388425e-04 5.22451775e-01 2.55000000e+02 8.00000000e+00
3.01064334e+03 9.99975205e-01 4.20388425e-04 5.27451383e-01 2.52000000e+02 8.00000000e+00
3.01065251e+03 9.99960130e-01 4.20388425e-04 5.32539000e-01 2.55000000e+02 8.00000000e+00
3.01066155e+03 1.00003690e+00 4.20388425e-04 5.37555645e-01 2.57000000e+02 8.00000000e+00
3.01067057e+03 1.00014097e+00 4.20388425e-04 5.42556712e-01 2.51000000e+02 8.00000000e+00
3.01067948e+03 1.00006420e+00 4.20388425e-04 5.47502289e-01 2.56000000e+02 8.00000000e+00
3.01068852e+03 9.99998573e-01 4.20388425e-04 5.52515509e-01 2.55000000e+02 8.00000000e+00
3.01069759e+03 1.00004542e+00 4.20388425e-04 5.57548485e-01 2.60000000e+02 8.00000000e+00
3.01070652e+03 1.00001430e+00 4.20388425e-04 5.62499904e-01 2.51000000e+02 8.00000000e+00
3.01071556e+03 9.99951143e-01 4.20388425e-04 5.67517446e-01 2.51000000e+02 8.00000000e+00
3.01072461e+03 9.99970285e-01 4.20388425e-04 5.72533723e-01 2.53000000e+02 8.00000000e+00
3.01073359e+03 1.00000757e+00 4.20388425e-04 5.77517696e-01 2.54000000e+02 8.00000000e+00
3.01074251e+03 1.00010957e+00 4.20388425e-04 5.82463139e-01 2.58000000e+02 8.00000000e+00
3.01075157e+03 1.00025657e+00 4.20388425e-04 5.87491053e-01 2.54000000e+02 8.00000000e+00
3.01076053e+03 1.00029668e+00 4.20388425e-04 5.92464929e-01 2.60000000e+02 8.00000000e+00
3.01076961e+03 1.00020772e+00 4.20388425e-04 5.97496884e-01 2.53000000e+02 8.00000000e+00
3.01077880e+03 1.00026099e+00 4.20388425e-04 6.02595689e-01 2.55000000e+02 8.00000000e+00
3.01078760e+03 1.00021185e+00 4.20388425e-04 6.07477206e-01 2.54000000e+02 8.00000000e+00
3.01079671e+03 1.00023762e+00 4.20388425e-04 6.12530973e-01 2.52000000e+02 8.00000000e+00
3.01080583e+03 1.00024497e+00 4.20388425e-04 6.17589786e-01 2.58000000e+02 8.00000000e+00
3.01081470e+03 1.00023343e+00 4.20388425e-04 6.22510434e-01 2.55000000e+02 8.00000000e+00
3.01082363e+03 1.00019268e+00 4.20388425e-04 6.27468228e-01 2.58000000e+02 8.00000000e+00
3.01083271e+03 1.00021579e+00 4.20388425e-04 6.32505765e-01 2.56000000e+02 8.00000000e+00
3.01084172e+03 1.00033270e+00 4.20388425e-04 6.37499863e-01 2.62000000e+02 8.00000000e+00
3.01085066e+03 1.00028479e+00 4.20388425e-04 6.42462950e-01 2.58000000e+02 8.00000000e+00
3.01085967e+03 1.00027894e+00 4.20388425e-04 6.47460897e-01 2.58000000e+02 8.00000000e+00
3.01086862e+03 1.00039701e+00 4.20388425e-04 6.52422724e-01 2.64000000e+02 8.00000000e+00
3.01087777e+03 1.00028421e+00 4.20388425e-04 6.57501475e-01 2.57000000e+02 8.00000000e+00
3.01088668e+03 1.00027987e+00 4.20388425e-04 6.62444497e-01 2.65000000e+02 8.00000000e+00
3.01089573e+03 1.00039665e+00 4.20388425e-04 6.67463425e-01 2.61000000e+02 8.00000000e+00
3.01090486e+03 1.00038250e+00 4.20388425e-04 6.72528864e-01 2.62000000e+02 8.00000000e+00
3.01091389e+03 1.00069601e+00 4.20388425e-04 6.77538687e-01 2.59000000e+02 8.00000000e+00
3.01092287e+03 1.00043101e+00 4.20388425e-04 6.82520149e-01 2.58000000e+02 8.00000000e+00
3.01093189e+03 1.00057548e+00 4.20388425e-04 6.87522890e-01 2.64000000e+02 8.00000000e+00
3.01094083e+03 1.00048821e+00 4.20388425e-04 6.92483174e-01 2.57000000e+02 8.00000000e+00
3.01094974e+03 1.00041599e+00 4.20388425e-04 6.97428416e-01 2.61000000e+02 8.00000000e+00
3.01095882e+03 1.00063863e+00 4.20388425e-04 7.02465119e-01 2.58000000e+02 8.00000000e+00
3.01096788e+03 1.00058207e+00 4.20388425e-04 7.07488213e-01 2.65000000e+02 8.00000000e+00
3.01097684e+03 1.00070968e+00 4.20388425e-04 7.12457748e-01 2.64000000e+02 8.00000000e+00
3.01098600e+03 1.00089597e+00 4.20388425e-04 7.17540957e-01 2.58000000e+02 8.00000000e+00
3.01099510e+03 1.00065453e+00 4.20388425e-04 7.22590509e-01 2.63000000e+02 8.00000000e+00
3.01100397e+03 1.00073982e+00 4.20388425e-04 7.27511999e-01 2.59000000e+02 8.00000000e+00
3.01101297e+03 1.00073212e+00 4.20388425e-04 7.32503726e-01 2.68000000e+02 8.00000000e+00
3.01102210e+03 1.00061902e+00 4.20388425e-04 7.37565100e-01 2.69000000e+02 8.00000000e+00
3.01103104e+03 1.00071257e+00 4.20388425e-04 7.42524001e-01 2.67000000e+02 8.00000000e+00
3.01103999e+03 1.00066956e+00 4.20388425e-04 7.47490512e-01 2.67000000e+02 8.00000000e+00
3.01104903e+03 1.00089583e+00 4.20388425e-04 7.52508414e-01 2.64000000e+02 8.00000000e+00
3.01105807e+03 1.00072304e+00 4.20388425e-04 7.57520704e-01 2.65000000e+02 8.00000000e+00
3.01106698e+03 1.00078507e+00 4.20388425e-04 7.62461617e-01 2.62000000e+02 8.00000000e+00
3.01107599e+03 1.00069062e+00 4.20388425e-04 7.67463803e-01 2.64000000e+02 8.00000000e+00
3.01108506e+03 1.00063924e+00 4.20388425e-04 7.72491948e-01 2.69000000e+02 8.00000000e+00
3.01109412e+03 1.00065081e+00 4.20388425e-04 7.77518140e-01 2.66000000e+02 8.00000000e+00
3.01110312e+03 1.00057772e+00 4.20388425e-04 7.82510886e-01 2.67000000e+02 8.00000000e+00
3.01111218e+03 1.00084042e+00 4.20388425e-04 7.87540975e-01 2.65000000e+02 8.00000000e+00
3.01112127e+03 1.00081585e+00 4.20388425e-04 7.92580830e-01 2.63000000e+02 8.00000000e+00
3.01113012e+03 1.00081342e+00 4.20388425e-04 7.97489174e-01 2.58000000e+02 8.00000000e+00
