# Time Flux Flux_Err Phase N NSector
3.11741474e+03 1.00125486e+00 1.48265923e-03 -1.97299060e-01 1.18000000e+02 4.00000000e+00
3.11742879e+03 1.00204835e+00 1.48265923e-03 -1.92548351e-01 1.11000000e+02 3.00000000e+00
3.11744309e+03 1.00087217e+00 1.48265923e-03 -1.87716634e-01 1.20000000e+02 4.00000000e+00
3.11745894e+03 1.00101794e+00 1.48265923e-03 -1.82361544e-01 1.20000000e+02 4.00000000e+00
3.11747341e+03 1.00071090e+00 1.48265923e-03 -1.77470629e-01 1.14000000e+02 4.00000000e+00
3.11748766e+03 1.00053194e+00 1.48265923e-03 -1.72653397e-01 1.13000000e+02 4.00000000e+00
3.11750281e+03 1.00003729e+00 1.48265923e-03 -1.67533958e-01 1.19000000e+02 4.00000000e+00
3.11751814e+03 9.99746718e-01 1.48265923e-03 -1.62353115e-01 1.25000000e+02 4.00000000e+00
3.11753230e+03 9.99432805e-01 1.48265923e-03 -1.57566449e-01 1.14000000e+02 3.00000000e+00
3.11754676e+03 9.99611728e-01 1.48265923e-03 -1.52681868e-01 1.23000000e+02 4.00000000e+00
3.11756270e+03 9.99114799e-01 1.48265923e-03 -1.47293081e-01 1.23000000e+02 4.00000000e+00
3.11757722e+03 9.98873173e-01 1.48265923e-03 -1.42386973e-01 1.17000000e+02 4.00000000e+00
3.11759129e+03 9.98935235e-01 1.48265923e-03 -1.37632758e-01 1.16000000e+02 4.00000000e+00
3.11760633e+03 9.97808646e-01 1.48265923e-03 -1.32551073e-01 1.20000000e+02 4.00000000e+00
3.11762165e+03 9.97730334e-01 1.52429899e-03 -1.27371700e-01 1.17000000e+02 4.00000000e+00
3.11763583e+03 9.95165007e-01 1.48265923e-03 -1.22578981e-01 1.11000000e+02 3.00000000e+00
3.11765044e+03 9.97005249e-01 2.17609444e-03 -1.17643301e-01 1.21000000e+02 4.00000000e+00
3.11766600e+03 9.96710877e-01 2.67074232e-03 -1.12384813e-01 1.18000000e+02 4.00000000e+00
3.11768040e+03 9.93027817e-01 1.48265923e-03 -1.07519126e-01 1.06000000e+02 3.00000000e+00
3.11769475e+03 9.95852424e-01 2.89709189e-03 -1.02666570e-01 1.19000000e+02 4.00000000e+00
3.11771012e+03 9.96180912e-01 3.15519185e-03 -9.74730837e-02 1.17000000e+02 4.00000000e+00
3.11772514e+03 9.96137483e-01 3.44673949e-03 -9.23962950e-02 1.16000000e+02 4.00000000e+00
3.11773951e+03 9.95739576e-01 3.38370058e-03 -8.75398330e-02 1.15000000e+02 4.00000000e+00
3.11775395e+03 9.95483165e-01 3.59413286e-03 -8.26600247e-02 1.18000000e+02 4.00000000e+00
3.11776970e+03 9.95464324e-01 3.78094480e-03 -7.73378672e-02 1.22000000e+02 4.00000000e+00
3.11777986e+03 9.90260490e-01 1.48265923e-03 -7.39062547e-02 4.80000000e+01 3.00000000e+00
3.11779071e+03 9.95430843e-01 3.72033306e-03 -7.02384570e-02 1.18000000e+02 4.00000000e+00
3.11780460e+03 9.89963447e-01 1.48265923e-03 -6.55446615e-02 1.10000000e+02 3.00000000e+00
3.11781845e+03 9.94731931e-01 4.02219423e-03 -6.08620218e-02 1.17000000e+02 4.00000000e+00
3.11783371e+03 9.87163615e-01 2.51957343e-03 -5.57059381e-02 1.16000000e+02 4.00000000e+00
3.11784762e+03 9.71717871e-01 1.48265923e-03 -5.10054800e-02 1.10000000e+02 3.00000000e+00
3.11786158e+03 9.56373820e-01 1.82997846e-03 -4.62875378e-02 1.17000000e+02 4.00000000e+00
3.11787652e+03 9.34803296e-01 1.48265923e-03 -4.12398615e-02 1.22000000e+02 4.00000000e+00
3.11789105e+03 9.09523737e-01 1.48265923e-03 -3.63295348e-02 1.17000000e+02 4.00000000e+00
3.11790495e+03 8.90062894e-01 2.56980634e-03 -3.16310599e-02 1.11000000e+02 4.00000000e+00
3.11791945e+03 8.71668552e-01 2.79514549e-03 -2.67297675e-02 1.17000000e+02 4.00000000e+00
3.11793432e+03 8.61156842e-01 2.51125955e-03 -2.17055069e-02 1.14000000e+02 4.00000000e+00
3.11794809e+03 8.58148988e-01 2.95107355e-03 -1.70504051e-02 1.12000000e+02 4.00000000e+00
3.11796222e+03 8.56715383e-01 2.57938350e-03 -1.22765104e-02 1.17000000e+02 4.00000000e+00
3.11797741e+03 8.55808468e-01 3.10396284e-03 -7.14290144e-03 1.18000000e+02 4.00000000e+00
3.11799138e+03 8.53042656e-01 5.16782846e-03 -2.42005273e-03 1.10000000e+02 3.00000000e+00
3.11800527e+03 8.56175064e-01 2.66349809e-03 2.27369622e-03 1.17000000e+02 4.00000000e+00
3.11802080e+03 8.56913065e-01 3.49872528e-03 7.52229809e-03 1.18000000e+02 4.00000000e+00
3.11803449e+03 8.55611335e-01 4.71407143e-03 1.21459520e-02 1.08000000e+02 3.00000000e+00
3.11804822e+03 8.61379206e-01 2.79132114e-03 1.67878606e-02 1.19000000e+02 4.00000000e+00
3.11806358e+03 8.73621238e-01 4.93391933e-03 2.19786815e-02 1.17000000e+02 4.00000000e+00
3.11807772e+03 8.91262602e-01 2.44613033e-03 2.67579669e-02 1.08000000e+02 3.00000000e+00
3.11809136e+03 9.14868423e-01 1.54789976e-03 3.13660759e-02 1.15000000e+02 4.00000000e+00
3.11810634e+03 9.39063795e-01 3.90153631e-03 3.64300723e-02 1.19000000e+02 4.00000000e+00
3.11812098e+03 9.59874825e-01 6.09521918e-03 4.13780263e-02 1.20000000e+02 4.00000000e+00
3.11813465e+03 9.73884185e-01 3.01854733e-03 4.59979637e-02 1.17000000e+02 4.00000000e+00
3.11814925e+03 9.89953331e-01 3.40398795e-03 5.09313087e-02 1.24000000e+02 4.00000000e+00
3.11816420e+03 9.97087169e-01 3.17728050e-03 5.59821796e-02 1.19000000e+02 4.00000000e+00
3.11817778e+03 9.93877564e-01 1.48265923e-03 6.05723441e-02 1.12000000e+02 3.00000000e+00
3.11819208e+03 9.97735467e-01 2.76158284e-03 6.54060768e-02 1.19000000e+02 4.00000000e+00
3.11820732e+03 9.98232020e-01 2.18098169e-03 7.05542665e-02 1.18000000e+02 4.00000000e+00
3.11821720e+03 9.95093693e-01 1.48265923e-03 7.38939471e-02 4.90000000e+01 3.00000000e+00
3.11822864e+03 9.97842600e-01 2.07955020e-03 7.77597769e-02 1.21000000e+02 4.00000000e+00
3.11824266e+03 9.95974584e-01 1.48265923e-03 8.24989749e-02 1.09000000e+02 3.00000000e+00
3.11825679e+03 9.98072821e-01 1.93652595e-03 8.72742704e-02 1.21000000e+02 4.00000000e+00
3.11827238e+03 9.98923880e-01 1.65378942e-03 9.25436046e-02 1.22000000e+02 4.00000000e+00
3.11828726e+03 9.99057411e-01 1.48265923e-03 9.75716473e-02 1.16000000e+02 4.00000000e+00
3.11830141e+03 9.99449219e-01 1.48265923e-03 1.02351416e-01 1.17000000e+02 4.00000000e+00
3.11831646e+03 9.99432123e-01 1.48265923e-03 1.07439199e-01 1.22000000e+02 4.00000000e+00
3.11833211e+03 9.99754506e-01 1.48265923e-03 1.12727625e-01 1.21000000e+02 4.00000000e+00
3.11834618e+03 9.99953002e-01 1.48265923e-03 1.17482038e-01 1.11000000e+02 3.00000000e+00
3.11836025e+03 1.00041112e+00 1.48265923e-03 1.22237782e-01 1.22000000e+02 4.00000000e+00
3.11837608e+03 1.00017764e+00 1.48265923e-03 1.27589015e-01 1.22000000e+02 4.00000000e+00
3.11839107e+03 9.99947263e-01 1.48265923e-03 1.32654416e-01 1.17000000e+02 4.00000000e+00
3.11840496e+03 1.00066484e+00 1.48265923e-03 1.37348286e-01 1.31000000e+02 4.00000000e+00
3.11842007e+03 1.00083141e+00 1.48265923e-03 1.42454766e-01 1.33000000e+02 4.00000000e+00
3.11843553e+03 1.00115640e+00 1.48265923e-03 1.47679514e-01 1.33000000e+02 4.00000000e+00
3.11844972e+03 1.00129873e+00 1.48265923e-03 1.52473626e-01 1.24000000e+02 3.00000000e+00
3.11846405e+03 1.00096766e+00 1.48265923e-03 1.57318331e-01 1.33000000e+02 4.00000000e+00
3.11847960e+03 1.00126509e+00 1.48265923e-03 1.62573863e-01 1.32000000e+02 4.00000000e+00
3.11849446e+03 1.00132225e+00 1.48265923e-03 1.67593121e-01 1.29000000e+02 4.00000000e+00
3.11850894e+03 1.00228670e+00 1.48265923e-03 1.72486541e-01 1.29000000e+02 4.00000000e+00
3.11852377e+03 1.00272207e+00 1.54783008e-03 1.77499137e-01 1.32000000e+02 4.00000000e+00
3.11853899e+03 1.00237531e+00 1.48265923e-03 1.82643224e-01 1.30000000e+02 4.00000000e+00
3.11855319e+03 1.00463552e+00 1.48265923e-03 1.87443126e-01 1.27000000e+02 3.00000000e+00
3.11856772e+03 1.00274077e+00 1.90536002e-03 1.92351629e-01 1.33000000e+02 4.00000000e+00
3.11858354e+03 1.00319835e+00 2.04616067e-03 1.97698945e-01 1.25000000e+02 4.00000000e+00
3.11859766e+03 1.00680202e+00 1.48265923e-03 2.02471011e-01 1.22000000e+02 3.00000000e+00
3.11861219e+03 1.00379932e+00 2.37782522e-03 2.07379603e-01 1.27000000e+02 4.00000000e+00
3.11862742e+03 1.00379690e+00 2.50214017e-03 2.12527418e-01 1.29000000e+02 4.00000000e+00
3.11864261e+03 1.00414308e+00 2.95388248e-03 2.17660555e-01 1.23000000e+02 4.00000000e+00
3.11865663e+03 1.00439493e+00 2.78143923e-03 2.22399737e-01 1.22000000e+02 4.00000000e+00
3.11867145e+03 1.00424571e+00 3.19935724e-03 2.27408047e-01 1.29000000e+02 4.00000000e+00
3.11868707e+03 1.00415437e+00 2.86880848e-03 2.32687563e-01 1.26000000e+02 4.00000000e+00
3.11870154e+03 1.00870503e+00 1.48265923e-03 2.37577887e-01 1.20000000e+02 3.00000000e+00
3.11871572e+03 1.00428566e+00 3.38985557e-03 2.42368147e-01 1.28000000e+02 4.00000000e+00
3.11873105e+03 1.00469360e+00 3.43029397e-03 2.47550974e-01 1.26000000e+02 4.00000000e+00
3.11874581e+03 1.00497546e+00 3.25251989e-03 2.52538002e-01 1.24000000e+02 4.00000000e+00
3.11876033e+03 1.00489828e+00 3.38696454e-03 2.57445634e-01 1.25000000e+02 4.00000000e+00
3.11877493e+03 1.00488636e+00 3.37561997e-03 2.62379799e-01 1.27000000e+02 4.00000000e+00
3.11879053e+03 1.00444122e+00 3.33624983e-03 2.67650648e-01 1.28000000e+02 4.00000000e+00
3.11880470e+03 1.00870002e+00 1.48265923e-03 2.72439347e-01 1.20000000e+02 3.00000000e+00
3.11881915e+03 1.00456793e+00 3.14243899e-03 2.77322650e-01 1.28000000e+02 4.00000000e+00
3.11883467e+03 1.00414504e+00 2.95769774e-03 2.82567425e-01 1.30000000e+02 4.00000000e+00
3.11884964e+03 1.00417339e+00 2.71013835e-03 2.87628064e-01 1.23000000e+02 4.00000000e+00
3.11886379e+03 1.00402615e+00 3.00299359e-03 2.92409264e-01 1.22000000e+02 4.00000000e+00
3.11887877e+03 1.00381490e+00 2.65738981e-03 2.97472929e-01 1.28000000e+02 4.00000000e+00
3.11889409e+03 1.00398640e+00 2.47831660e-03 3.02647974e-01 1.28000000e+02 4.00000000e+00
3.11890849e+03 1.00646109e+00 1.48265923e-03 3.07514996e-01 1.21000000e+02 3.00000000e+00
3.11892266e+03 1.00341368e+00 2.15511086e-03 3.12305592e-01 1.28000000e+02 4.00000000e+00
3.11893833e+03 1.00319418e+00 2.04366723e-03 3.17600908e-01 1.31000000e+02 4.00000000e+00
3.11895294e+03 1.00346509e+00 1.63601707e-03 3.22536249e-01 1.24000000e+02 4.00000000e+00
3.11896732e+03 1.00349429e+00 1.89712177e-03 3.27396332e-01 1.27000000e+02 4.00000000e+00
3.11898243e+03 1.00285688e+00 1.50529341e-03 3.32504549e-01 1.28000000e+02 4.00000000e+00
3.11899759e+03 1.00304653e+00 1.48265923e-03 3.37626613e-01 1.28000000e+02 4.00000000e+00
3.11901196e+03 1.00531801e+00 1.48265923e-03 3.42484001e-01 1.21000000e+02 3.00000000e+00
3.11902626e+03 1.00286285e+00 1.57691829e-03 3.47316182e-01 1.22000000e+02 4.00000000e+00
3.11904200e+03 1.00231383e+00 1.48265923e-03 3.52636031e-01 1.23000000e+02 4.00000000e+00
3.11905652e+03 1.00328818e+00 1.48265923e-03 3.57542160e-01 1.15000000e+02 3.00000000e+00
3.11907085e+03 1.00102331e+00 1.48265923e-03 3.62386665e-01 1.21000000e+02 4.00000000e+00
3.11908598e+03 1.00169120e+00 1.48265923e-03 3.67499281e-01 1.17000000e+02 4.00000000e+00
3.11910107e+03 1.00149447e+00 1.48265923e-03 3.72599601e-01 1.12000000e+02 4.00000000e+00
3.11911547e+03 1.00151248e+00 1.48265923e-03 3.77464148e-01 1.09000000e+02 4.00000000e+00
3.11912996e+03 1.00126582e+00 1.48265923e-03 3.82362530e-01 1.15000000e+02 4.00000000e+00
3.11914569e+03 1.00107144e+00 1.48265923e-03 3.87677948e-01 1.15000000e+02 4.00000000e+00
3.11916005e+03 1.00090336e+00 1.48265923e-03 3.92532356e-01 1.07000000e+02 3.00000000e+00
3.11917441e+03 1.00068610e+00 1.48265923e-03 3.97383124e-01 1.14000000e+02 4.00000000e+00
3.11918969e+03 1.00026103e+00 1.48265923e-03 4.02548602e-01 1.15000000e+02 4.00000000e+00
3.11920466e+03 1.00008325e+00 1.48265923e-03 4.07607975e-01 1.12000000e+02 4.00000000e+00
3.11921893e+03 1.00017965e+00 1.48265923e-03 4.12427801e-01 1.10000000e+02 4.00000000e+00
3.11923386e+03 9.99913061e-01 1.48265923e-03 4.17475783e-01 1.18000000e+02 4.00000000e+00
3.11924910e+03 9.99853694e-01 1.48265923e-03 4.22623992e-01 1.21000000e+02 4.00000000e+00
3.11925915e+03 9.98493827e-01 1.48265923e-03 4.26021194e-01 5.10000000e+01 3.00000000e+00
3.11927127e+03 9.99522545e-01 1.48265923e-03 4.30119208e-01 1.46000000e+02 4.00000000e+00
3.11928850e+03 9.99230964e-01 1.48265923e-03 4.35939871e-01 1.44000000e+02 4.00000000e+00
3.11930512e+03 9.96489728e-01 1.48265923e-03 4.41557495e-01 1.42000000e+02 4.00000000e+00
3.11932155e+03 9.89351500e-01 1.48265923e-03 4.47111197e-01 1.44000000e+02 4.00000000e+00
3.11933858e+03 9.75804220e-01 1.48265923e-03 4.52863830e-01 1.49000000e+02 4.00000000e+00
3.11935584e+03 9.59885171e-01 1.48265923e-03 4.58699137e-01 1.56000000e+02 4.00000000e+00
3.11937307e+03 9.42809253e-01 1.48265923e-03 4.64520355e-01 1.57000000e+02 4.00000000e+00
3.11938990e+03 9.27607431e-01 1.48265923e-03 4.70210196e-01 1.54000000e+02 4.00000000e+00
3.11940634e+03 9.24000573e-01 3.95267824e-03 4.75766197e-01 1.51000000e+02 4.00000000e+00
3.11942306e+03 9.20934012e-01 2.94771671e-03 4.81414441e-01 1.57000000e+02 4.00000000e+00
3.11944032e+03 9.21217100e-01 3.01354555e-03 4.87246863e-01 1.57000000e+02 4.00000000e+00
3.11945779e+03 9.21061508e-01 3.33622869e-03 4.93151655e-01 1.56000000e+02 4.00000000e+00
3.11947443e+03 9.21180755e-01 3.12687142e-03 4.98776123e-01 1.53000000e+02 4.00000000e+00
3.11949098e+03 9.20726169e-01 3.01704456e-03 5.04368967e-01 1.50000000e+02 4.00000000e+00
3.11950745e+03 9.21433777e-01 2.86835612e-03 5.09933831e-01 1.57000000e+02 4.00000000e+00
3.11952481e+03 9.21990031e-01 2.77305870e-03 5.15800180e-01 1.56000000e+02 4.00000000e+00
3.11954205e+03 9.30068170e-01 2.27860441e-03 5.21627089e-01 1.57000000e+02 4.00000000e+00
3.11955933e+03 9.43414570e-01 3.00772839e-03 5.27468813e-01 1.58000000e+02 4.00000000e+00
3.11957595e+03 9.58177316e-01 4.01739781e-03 5.33084691e-01 1.50000000e+02 4.00000000e+00
3.11959229e+03 9.72915215e-01 1.48265923e-03 5.38607010e-01 1.56000000e+02 4.00000000e+00
3.11960918e+03 9.86854146e-01 1.48265923e-03 5.44313322e-01 1.57000000e+02 4.00000000e+00
3.11962646e+03 9.97448935e-01 1.48265923e-03 5.50155468e-01 1.52000000e+02 4.00000000e+00
3.11964396e+03 1.00086415e+00 1.48265923e-03 5.56068733e-01 1.44000000e+02 4.00000000e+00
3.11966062e+03 9.99892064e-01 1.48265923e-03 5.61700054e-01 1.40000000e+02 4.00000000e+00
3.11967701e+03 1.00071086e+00 1.48265923e-03 5.67238433e-01 1.43000000e+02 4.00000000e+00
3.11969377e+03 1.00057265e+00 1.48265923e-03 5.72900702e-01 1.44000000e+02 4.00000000e+00
3.11971103e+03 1.00075596e+00 1.48265923e-03 5.78733810e-01 1.49000000e+02 4.00000000e+00
3.11972863e+03 1.00068660e+00 1.48265923e-03 5.84681839e-01 1.51000000e+02 4.00000000e+00
3.11974538e+03 1.00077545e+00 1.48265923e-03 5.90341967e-01 1.46000000e+02 4.00000000e+00
3.11976173e+03 1.00104088e+00 1.48265923e-03 5.95868648e-01 1.43000000e+02 4.00000000e+00
3.11977225e+03 1.00143025e+00 1.48265923e-03 5.99424373e-01 3.50000000e+01 4.00000000e+00
3.11978115e+03 1.00137624e+00 1.48265923e-03 6.02431416e-01 1.27000000e+02 4.00000000e+00
3.11979586e+03 1.00135913e+00 1.48265923e-03 6.07401611e-01 1.32000000e+02 4.00000000e+00
3.11981151e+03 1.00174324e+00 1.48265923e-03 6.12692315e-01 1.33000000e+02 4.00000000e+00
3.11982584e+03 1.00230659e+00 1.48265923e-03 6.17536020e-01 1.24000000e+02 3.00000000e+00
3.11983999e+03 1.00201027e+00 1.48265923e-03 6.22317711e-01 1.32000000e+02 4.00000000e+00
3.11985568e+03 1.00204864e+00 1.48265923e-03 6.27618735e-01 1.31000000e+02 4.00000000e+00
3.11987038e+03 1.00210708e+00 1.48265923e-03 6.32586400e-01 1.28000000e+02 4.00000000e+00
3.11988461e+03 1.00221769e+00 1.48265923e-03 6.37394763e-01 1.22000000e+02 4.00000000e+00
3.11989966e+03 1.00229743e+00 1.55208158e-03 6.42482320e-01 1.27000000e+02 4.00000000e+00
3.11991486e+03 1.00165786e+00 1.48265923e-03 6.47619631e-01 1.29000000e+02 4.00000000e+00
3.11992929e+03 1.00361319e+00 1.50982040e-03 6.52497315e-01 1.24000000e+02 3.00000000e+00
3.11994355e+03 1.00279080e+00 1.74607563e-03 6.57314736e-01 1.31000000e+02 4.00000000e+00
3.11995919e+03 1.00282682e+00 1.87281509e-03 6.62600359e-01 1.32000000e+02 4.00000000e+00
3.11997383e+03 1.00257278e+00 1.48859361e-03 6.67546870e-01 1.27000000e+02 4.00000000e+00
3.11998798e+03 1.00250189e+00 1.56136289e-03 6.72331106e-01 1.30000000e+02 4.00000000e+00
3.12000315e+03 1.00276256e+00 1.58523059e-03 6.77455167e-01 1.33000000e+02 4.00000000e+00
3.12001838e+03 1.00278798e+00 1.60382652e-03 6.82604859e-01 1.31000000e+02 4.00000000e+00
3.12003278e+03 1.00300521e+00 1.89589703e-03 6.87471230e-01 1.25000000e+02 4.00000000e+00
3.12004724e+03 1.00322836e+00 2.18762598e-03 6.92356144e-01 1.34000000e+02 4.00000000e+00
3.12006281e+03 1.00329263e+00 2.06173014e-03 6.97619640e-01 1.29000000e+02 4.00000000e+00
3.12007744e+03 1.00588907e+00 1.48265923e-03 7.02563198e-01 1.14000000e+02 3.00000000e+00
3.12009156e+03 1.00366886e+00 2.04322223e-03 7.07333190e-01 1.24000000e+02 4.00000000e+00
3.12010699e+03 1.00365022e+00 2.04137893e-03 7.12550940e-01 1.27000000e+02 4.00000000e+00
3.12012192e+03 1.00370914e+00 2.18859778e-03 7.17596635e-01 1.21000000e+02 4.00000000e+00
3.12013623e+03 1.00371559e+00 2.18326852e-03 7.22430408e-01 1.21000000e+02 4.00000000e+00
3.12015091e+03 1.00417525e+00 2.25856086e-03 7.27391205e-01 1.26000000e+02 4.00000000e+00
3.12016682e+03 1.00383378e+00 2.56804129e-03 7.32769786e-01 1.27000000e+02 4.00000000e+00
3.12018090e+03 1.00706666e+00 1.48265923e-03 7.37528851e-01 1.14000000e+02 3.00000000e+00
3.12019496e+03 1.00369230e+00 2.67892624e-03 7.42278515e-01 1.27000000e+02 4.00000000e+00
3.12021055e+03 1.00379394e+00 2.58001773e-03 7.47547070e-01 1.26000000e+02 4.00000000e+00
3.12022560e+03 1.00349009e+00 2.24706333e-03 7.52634833e-01 1.22000000e+02 4.00000000e+00
3.12023971e+03 1.00387326e+00 2.27815744e-03 7.57400833e-01 1.22000000e+02 4.00000000e+00
3.12025433e+03 1.00319149e+00 2.29891707e-03 7.62343023e-01 1.20000000e+02 4.00000000e+00
3.12027029e+03 1.00281651e+00 1.80815064e-03 7.67735904e-01 1.20000000e+02 4.00000000e+00
3.12028437e+03 1.00463956e+00 1.48265923e-03 7.72496378e-01 1.09000000e+02 3.00000000e+00
3.12029828e+03 1.00261177e+00 1.70807484e-03 7.77196606e-01 1.20000000e+02 4.00000000e+00
3.12031419e+03 1.00207244e+00 1.48265923e-03 7.82572564e-01 1.22000000e+02 4.00000000e+00
3.12032915e+03 1.00218673e+00 1.48265923e-03 7.87627828e-01 1.14000000e+02 4.00000000e+00
3.12034311e+03 1.00152681e+00 1.48265923e-03 7.92347360e-01 1.16000000e+02 4.00000000e+00
3.12035826e+03 1.00178790e+00 1.48265923e-03 7.97464961e-01 1.18000000e+02 4.00000000e+00
