# Time Flux Flux_Err Phase N NSector
2.89777500e+03 1.00726662e+00 1.12870052e-02 -1.97577259e-01 1.32000000e+02 3.00000000e+00
2.89780964e+03 1.00452711e+00 1.12870052e-02 -1.92530795e-01 1.37000000e+02 3.00000000e+00
2.89784438e+03 1.00245038e+00 1.12870052e-02 -1.87469191e-01 1.36000000e+02 3.00000000e+00
2.89787815e+03 9.99843239e-01 1.12870052e-02 -1.82549353e-01 1.32000000e+02 3.00000000e+00
2.89791242e+03 1.00078253e+00 1.12870052e-02 -1.77557215e-01 1.37000000e+02 3.00000000e+00
2.89794716e+03 1.00057510e+00 1.12870052e-02 -1.72495556e-01 1.36000000e+02 3.00000000e+00
2.89798187e+03 9.95515730e-01 1.12870052e-02 -1.67439885e-01 1.36000000e+02 3.00000000e+00
2.89801552e+03 9.97397731e-01 1.12870052e-02 -1.62537356e-01 1.32000000e+02 3.00000000e+00
2.89804992e+03 9.94793048e-01 1.12870052e-02 -1.57524703e-01 1.37000000e+02 3.00000000e+00
2.89808467e+03 9.87205141e-01 1.12870052e-02 -1.52463068e-01 1.36000000e+02 3.00000000e+00
2.89811802e+03 9.93113287e-01 1.46005609e-02 -1.47603846e-01 1.31000000e+02 3.00000000e+00
2.89815270e+03 9.91189414e-01 1.71747256e-02 -1.42551124e-01 1.38000000e+02 3.00000000e+00
2.89818743e+03 9.95374645e-01 1.79830547e-02 -1.37492085e-01 1.35000000e+02 3.00000000e+00
2.89822181e+03 9.98525895e-01 1.12870052e-02 -1.32482159e-01 1.35000000e+02 3.00000000e+00
2.89825550e+03 1.00653924e+00 1.12870052e-02 -1.27574221e-01 1.32000000e+02 3.00000000e+00
2.89829024e+03 1.00041019e+00 1.12870052e-02 -1.22512813e-01 1.33000000e+02 3.00000000e+00
2.89832493e+03 9.86075968e-01 1.42276374e-02 -1.17459472e-01 1.29000000e+02 2.00000000e+00
2.89835839e+03 9.77013727e-01 2.15999745e-02 -1.12584566e-01 1.26000000e+02 2.00000000e+00
2.89839249e+03 9.73686740e-01 2.15208410e-02 -1.07617044e-01 1.24000000e+02 2.00000000e+00
2.89843247e+03 9.62168980e-01 2.98458433e-02 -1.01792653e-01 1.77000000e+02 2.00000000e+00
2.89848049e+03 9.86328532e-01 1.35118410e-02 -9.47963204e-02 1.85000000e+02 3.00000000e+00
2.89852910e+03 9.81155489e-01 1.71016657e-02 -8.77149361e-02 1.86000000e+02 3.00000000e+00
2.89857682e+03 9.73443921e-01 1.12870052e-02 -8.07617721e-02 1.86000000e+02 3.00000000e+00
2.89862495e+03 9.63551567e-01 1.12870052e-02 -7.37495867e-02 1.92000000e+02 3.00000000e+00
2.89867353e+03 9.27428567e-01 2.19503345e-02 -6.66718610e-02 1.89000000e+02 3.00000000e+00
2.89872209e+03 9.10675215e-01 2.52233074e-02 -5.95976028e-02 2.06000000e+02 3.00000000e+00
2.89876942e+03 9.11699062e-01 1.12870052e-02 -5.27032040e-02 2.10000000e+02 3.00000000e+00
2.89881798e+03 8.46919892e-01 7.95330374e-02 -4.56279421e-02 2.11000000e+02 3.00000000e+00
2.89886659e+03 7.59792380e-01 8.16409856e-02 -3.85458552e-02 2.05000000e+02 3.00000000e+00
2.89891391e+03 6.14923876e-01 4.90559848e-02 -3.16521621e-02 2.00000000e+02 2.00000000e+00
2.89896246e+03 5.17238090e-01 4.24866622e-02 -2.45789954e-02 2.02000000e+02 2.00000000e+00
2.89901106e+03 4.30891597e-01 3.40967391e-02 -1.74988318e-02 2.03000000e+02 2.00000000e+00
2.89905915e+03 3.63532799e-01 2.53508934e-02 -1.04922318e-02 1.98000000e+02 2.00000000e+00
2.89910692e+03 3.44477807e-01 1.28238413e-02 -3.53287498e-03 2.05000000e+02 3.00000000e+00
2.89915549e+03 3.37484989e-01 1.12870052e-02 3.54372990e-03 2.12000000e+02 3.00000000e+00
2.89920331e+03 3.71501870e-01 2.30804699e-02 1.05105982e-02 2.07000000e+02 3.00000000e+00
2.89925137e+03 4.41544422e-01 4.80196641e-02 1.75111754e-02 2.13000000e+02 3.00000000e+00
2.89929994e+03 5.29707008e-01 6.29581341e-02 2.45878419e-02 2.10000000e+02 3.00000000e+00
2.89934719e+03 6.27150908e-01 6.66299075e-02 3.14713927e-02 2.06000000e+02 3.00000000e+00
2.89939583e+03 7.20356283e-01 5.87927542e-02 3.85578373e-02 2.10000000e+02 3.00000000e+00
2.89944439e+03 8.00698399e-01 4.09218398e-02 4.56319481e-02 2.08000000e+02 3.00000000e+00
2.89949292e+03 8.58418458e-01 1.46280101e-02 5.27032595e-02 2.08000000e+02 3.00000000e+00
2.89954077e+03 9.07762471e-01 1.12896227e-02 5.96739308e-02 2.02000000e+02 3.00000000e+00
2.89958885e+03 9.22524565e-01 1.31602745e-02 6.66784523e-02 2.01000000e+02 2.00000000e+00
2.89963746e+03 9.42967172e-01 1.67835379e-02 7.37606716e-02 2.07000000e+02 3.00000000e+00
2.89968521e+03 9.48804370e-01 1.37247727e-02 8.07166623e-02 2.03000000e+02 3.00000000e+00
2.89973330e+03 9.54500012e-01 1.12870052e-02 8.77227592e-02 2.09000000e+02 3.00000000e+00
2.89978193e+03 9.60794189e-01 1.41277039e-02 9.48075376e-02 2.11000000e+02 3.00000000e+00
2.89982998e+03 9.66908004e-01 1.57752485e-02 1.01808146e-01 2.04000000e+02 3.00000000e+00
2.89986971e+03 9.71512206e-01 1.65073406e-02 1.07596473e-01 1.42000000e+02 3.00000000e+00
2.89990324e+03 9.73604278e-01 1.49233574e-02 1.12481098e-01 1.46000000e+02 3.00000000e+00
2.89993747e+03 9.75318500e-01 1.52133250e-02 1.17469199e-01 1.50000000e+02 3.00000000e+00
2.89997209e+03 9.76900961e-01 1.71498386e-02 1.22511817e-01 1.48000000e+02 3.00000000e+00
2.90000657e+03 9.78458807e-01 1.66460952e-02 1.27535111e-01 1.47000000e+02 3.00000000e+00
2.90004025e+03 9.81376751e-01 1.53037365e-02 1.32442924e-01 1.46000000e+02 3.00000000e+00
2.90007496e+03 9.83976392e-01 1.43563692e-02 1.37499743e-01 1.47000000e+02 3.00000000e+00
2.90010959e+03 9.88418928e-01 1.20948432e-02 1.42543826e-01 1.48000000e+02 3.00000000e+00
2.90014355e+03 9.92681678e-01 1.12870052e-02 1.47492082e-01 1.45000000e+02 3.00000000e+00
2.90017776e+03 9.95674249e-01 1.12870052e-02 1.52476234e-01 1.47000000e+02 3.00000000e+00
2.90021245e+03 9.98516571e-01 1.12870052e-02 1.57529840e-01 1.48000000e+02 3.00000000e+00
2.90024702e+03 9.99939146e-01 1.12870052e-02 1.62566517e-01 1.47000000e+02 3.00000000e+00
2.90028054e+03 1.00072626e+00 1.12870052e-02 1.67449852e-01 1.47000000e+02 3.00000000e+00
2.90031514e+03 9.99791806e-01 1.12870052e-02 1.72490657e-01 1.50000000e+02 3.00000000e+00
2.90034986e+03 9.98424131e-01 1.12870052e-02 1.77549242e-01 1.50000000e+02 3.00000000e+00
2.90038441e+03 9.97881426e-01 1.12870052e-02 1.82582206e-01 1.44000000e+02 3.00000000e+00
2.90041804e+03 9.98372904e-01 1.12870052e-02 1.87481456e-01 1.50000000e+02 3.00000000e+00
2.90045264e+03 1.00289498e+00 1.12870052e-02 1.92522651e-01 1.48000000e+02 3.00000000e+00
2.90048700e+03 1.00822478e+00 1.12870052e-02 1.97528187e-01 1.47000000e+02 3.00000000e+00
2.90052082e+03 1.01297725e+00 1.19337461e-02 2.02455731e-01 1.49000000e+02 3.00000000e+00
2.90055542e+03 1.01776994e+00 1.49034555e-02 2.07496058e-01 1.48000000e+02 3.00000000e+00
2.90059007e+03 1.02164862e+00 1.32751218e-02 2.12544991e-01 1.49000000e+02 3.00000000e+00
2.90062360e+03 1.02633944e+00 1.12870052e-02 2.17429338e-01 1.47000000e+02 3.00000000e+00
2.90065829e+03 1.02931367e+00 1.12870052e-02 2.22483802e-01 1.49000000e+02 3.00000000e+00
2.90069300e+03 1.03207948e+00 1.12870052e-02 2.27540082e-01 1.48000000e+02 3.00000000e+00
2.90072690e+03 1.03486430e+00 1.12870052e-02 2.32478948e-01 1.45000000e+02 3.00000000e+00
2.90075971e+03 1.04325745e+00 1.12870052e-02 2.37259246e-01 1.33000000e+02 2.00000000e+00
2.90079579e+03 1.03932745e+00 1.12870052e-02 2.42515472e-01 1.24000000e+02 3.00000000e+00
2.90083041e+03 1.04061273e+00 1.12870052e-02 2.47560022e-01 1.22000000e+02 3.00000000e+00
2.90086431e+03 1.04636148e+00 1.12870052e-02 2.52497961e-01 1.17000000e+02 2.00000000e+00
2.90089847e+03 1.04295121e+00 1.12870052e-02 2.57474838e-01 1.24000000e+02 3.00000000e+00
2.90093312e+03 1.04414417e+00 1.12870052e-02 2.62523427e-01 1.23000000e+02 3.00000000e+00
2.90096765e+03 1.04626262e+00 1.12870052e-02 2.67552880e-01 1.19000000e+02 3.00000000e+00
2.90100135e+03 1.04826742e+00 1.12870052e-02 2.72462768e-01 1.24000000e+02 3.00000000e+00
2.90103709e+03 1.05458195e+00 1.12870052e-02 2.77670359e-01 1.35000000e+02 2.00000000e+00
2.90107032e+03 1.04837739e+00 1.12870052e-02 2.82512091e-01 1.45000000e+02 3.00000000e+00
2.90110416e+03 1.04682707e+00 1.12870052e-02 2.87441035e-01 1.48000000e+02 3.00000000e+00
2.90113882e+03 1.05380272e+00 1.12870052e-02 2.92490392e-01 1.45000000e+02 2.00000000e+00
2.90117357e+03 1.04657587e+00 1.39540097e-02 2.97553659e-01 1.48000000e+02 3.00000000e+00
2.90120797e+03 1.04686267e+00 1.46105316e-02 3.02565533e-01 1.45000000e+02 3.00000000e+00
2.90124164e+03 1.05407020e+00 1.12870052e-02 3.07470447e-01 1.44000000e+02 2.00000000e+00
2.90127633e+03 1.04253065e+00 1.56276972e-02 3.12524340e-01 1.48000000e+02 3.00000000e+00
2.90131057e+03 1.03987290e+00 1.62328127e-02 3.17513067e-01 1.46000000e+02 3.00000000e+00
2.90134455e+03 1.04618037e+00 1.12870052e-02 3.22462973e-01 1.43000000e+02 2.00000000e+00
2.90137916e+03 1.03347383e+00 1.94301348e-02 3.27505485e-01 1.49000000e+02 3.00000000e+00
2.90141399e+03 1.02721876e+00 2.34502862e-02 3.32580310e-01 1.57000000e+02 3.00000000e+00
2.90144830e+03 1.03519575e+00 2.17886873e-02 3.37578324e-01 1.56000000e+02 2.00000000e+00
2.90148194e+03 1.01465211e+00 1.17536666e-02 3.42479064e-01 1.63000000e+02 3.00000000e+00
2.90151652e+03 1.01190817e+00 1.12870052e-02 3.47517489e-01 1.62000000e+02 3.00000000e+00
2.90155108e+03 1.00748193e+00 1.12870052e-02 3.52552566e-01 1.58000000e+02 3.00000000e+00
2.90158472e+03 1.00780204e+00 1.12870052e-02 3.57453613e-01 1.63000000e+02 3.00000000e+00
2.90161937e+03 1.02377684e+00 2.07368974e-02 3.62501541e-01 1.45000000e+02 2.00000000e+00
2.90165413e+03 1.01086474e+00 1.12870052e-02 3.67565033e-01 1.48000000e+02 3.00000000e+00
2.90168757e+03 1.02239630e+00 1.15429453e-02 3.72437376e-01 1.45000000e+02 3.00000000e+00
2.90171944e+03 1.03426465e+00 1.12870052e-02 3.77080782e-01 1.20000000e+02 3.00000000e+00
2.90176107e+03 1.03210791e+00 1.51098403e-02 3.83145590e-01 2.38000000e+02 3.00000000e+00
2.90181577e+03 1.02703458e+00 2.28448312e-02 3.91114714e-01 2.38000000e+02 3.00000000e+00
2.90187133e+03 1.01833668e+00 1.52010388e-02 3.99208586e-01 2.40000000e+02 3.00000000e+00
2.90192737e+03 1.01448765e+00 1.26170879e-02 4.07373617e-01 2.39000000e+02 3.00000000e+00
2.90198195e+03 1.00919892e+00 1.12870052e-02 4.15324344e-01 2.38000000e+02 3.00000000e+00
2.90203750e+03 1.00157277e+00 1.12870052e-02 4.23418217e-01 2.38000000e+02 3.00000000e+00
2.90209355e+03 9.98505440e-01 1.12870052e-02 4.31584067e-01 2.30000000e+02 3.00000000e+00
2.90214779e+03 9.98648663e-01 1.12870052e-02 4.39486229e-01 2.36000000e+02 3.00000000e+00
2.90220357e+03 9.69408037e-01 1.48597642e-02 4.47612188e-01 2.12000000e+02 3.00000000e+00
2.90225912e+03 9.50244070e-01 1.39267927e-02 4.55706093e-01 2.10000000e+02 3.00000000e+00
2.90231446e+03 9.29655590e-01 1.48026940e-02 4.63767233e-01 2.11000000e+02 3.00000000e+00
2.90236945e+03 9.12734990e-01 2.23548771e-02 4.71779093e-01 2.08000000e+02 3.00000000e+00
2.90242492e+03 9.09326060e-01 1.19761532e-02 4.79861126e-01 2.31000000e+02 3.00000000e+00
2.90248040e+03 8.95758394e-01 1.57328390e-02 4.87943326e-01 2.32000000e+02 3.00000000e+00
2.90253465e+03 9.08541227e-01 3.86811095e-02 4.95846297e-01 2.11000000e+02 3.00000000e+00
2.90259037e+03 9.07112138e-01 3.71288046e-02 5.03964433e-01 2.01000000e+02 3.00000000e+00
2.90264671e+03 9.07902758e-01 3.35232295e-02 5.12173188e-01 2.08000000e+02 3.00000000e+00
2.90270084e+03 9.16248010e-01 3.33672818e-02 5.20058216e-01 2.04000000e+02 3.00000000e+00
2.90275753e+03 9.13869957e-01 2.14612773e-02 5.28317717e-01 2.28000000e+02 3.00000000e+00
2.90281226e+03 9.24219552e-01 1.30022768e-02 5.36291278e-01 2.23000000e+02 3.00000000e+00
2.90286651e+03 9.32270387e-01 1.12870052e-02 5.44194528e-01 2.30000000e+02 3.00000000e+00
2.90292300e+03 9.45483544e-01 1.12870052e-02 5.52425318e-01 2.16000000e+02 3.00000000e+00
2.90297830e+03 9.54662882e-01 1.12870052e-02 5.60481442e-01 2.43000000e+02 3.00000000e+00
2.90303325e+03 9.62077670e-01 1.12870052e-02 5.68487728e-01 2.37000000e+02 3.00000000e+00
2.90308864e+03 9.68822965e-01 1.12870052e-02 5.76557140e-01 2.37000000e+02 3.00000000e+00
2.90314317e+03 9.85774799e-01 1.12870052e-02 5.84501033e-01 2.35000000e+02 3.00000000e+00
2.90319722e+03 9.99163230e-01 1.12870052e-02 5.92375681e-01 1.89000000e+02 3.00000000e+00
2.90325428e+03 9.98574528e-01 1.16083259e-02 6.00688674e-01 1.75000000e+02 3.00000000e+00
2.90330984e+03 9.99226409e-01 1.39887963e-02 6.08782496e-01 1.77000000e+02 3.00000000e+00
2.90336798e+03 1.00083808e+00 1.12870052e-02 6.17252549e-01 1.93000000e+02 3.00000000e+00
2.90340697e+03 9.98556785e-01 1.12870052e-02 6.22934229e-01 9.30000000e+01 3.00000000e+00
2.90343849e+03 1.00075487e+00 1.12870052e-02 6.27526201e-01 1.08000000e+02 3.00000000e+00
2.90347221e+03 9.86087611e-01 1.17840874e-02 6.32438118e-01 1.10000000e+02 3.00000000e+00
2.90350694e+03 9.99695783e-01 1.12870052e-02 6.37498758e-01 1.13000000e+02 3.00000000e+00
2.90354170e+03 1.00059942e+00 1.12870052e-02 6.42561952e-01 1.11000000e+02 3.00000000e+00
2.90357641e+03 1.00092754e+00 1.72410019e-02 6.47618344e-01 1.16000000e+02 3.00000000e+00
2.90361064e+03 1.00094269e+00 1.52037300e-02 6.52605518e-01 1.46000000e+02 3.00000000e+00
2.90364445e+03 1.00657708e+00 1.12870052e-02 6.57530987e-01 1.51000000e+02 3.00000000e+00
2.90367857e+03 1.00364725e+00 1.12870052e-02 6.62502985e-01 1.46000000e+02 3.00000000e+00
2.90371249e+03 1.00524940e+00 1.12870052e-02 6.67444297e-01 1.52000000e+02 3.00000000e+00
2.90374722e+03 1.01406859e+00 1.12870052e-02 6.72504574e-01 1.51000000e+02 3.00000000e+00
2.90378194e+03 1.02262404e+00 1.12870052e-02 6.77561691e-01 1.50000000e+02 3.00000000e+00
2.90381532e+03 1.00956001e+00 1.12870052e-02 6.82424738e-01 1.46000000e+02 3.00000000e+00
2.90384999e+03 1.02626684e+00 1.12870052e-02 6.87476737e-01 1.52000000e+02 3.00000000e+00
2.90388474e+03 1.02678520e+00 1.12870052e-02 6.92539304e-01 1.50000000e+02 3.00000000e+00
2.90391862e+03 1.02886549e+00 1.12870052e-02 6.97475262e-01 1.47000000e+02 3.00000000e+00
2.90395278e+03 1.03182815e+00 1.12870052e-02 7.02451752e-01 1.51000000e+02 3.00000000e+00
2.90398750e+03 1.03727514e+00 1.12870052e-02 7.07510397e-01 1.51000000e+02 3.00000000e+00
2.90402147e+03 1.03207508e+00 1.12870052e-02 7.12459099e-01 1.47000000e+02 3.00000000e+00
2.90405559e+03 1.03868001e+00 1.32343045e-02 7.17430539e-01 1.33000000e+02 3.00000000e+00
2.90409028e+03 1.03911180e+00 1.12870052e-02 7.22483987e-01 1.37000000e+02 3.00000000e+00
2.90412502e+03 1.03829849e+00 1.12870052e-02 7.27545271e-01 1.36000000e+02 3.00000000e+00
2.90415880e+03 1.03777402e+00 1.12870052e-02 7.32466592e-01 1.32000000e+02 3.00000000e+00
2.90419306e+03 1.03493389e+00 1.39146083e-02 7.37457576e-01 1.37000000e+02 3.00000000e+00
2.90422780e+03 1.03535116e+00 1.36571307e-02 7.42518918e-01 1.36000000e+02 3.00000000e+00
2.90426208e+03 1.03582001e+00 1.63830597e-02 7.47512773e-01 1.32000000e+02 3.00000000e+00
2.90429583e+03 1.03103574e+00 1.38623824e-02 7.52429640e-01 1.35000000e+02 3.00000000e+00
2.90433056e+03 1.02840689e+00 1.79615307e-02 7.57489809e-01 1.37000000e+02 3.00000000e+00
2.90436530e+03 1.02590281e+00 2.05184646e-02 7.62551228e-01 1.36000000e+02 3.00000000e+00
2.90439865e+03 1.02134724e+00 1.88370626e-02 7.67410338e-01 1.31000000e+02 3.00000000e+00
2.90443334e+03 1.02221818e+00 2.05302967e-02 7.72462836e-01 1.38000000e+02 3.00000000e+00
2.90446806e+03 1.02110870e+00 1.97116585e-02 7.77522039e-01 1.35000000e+02 3.00000000e+00
2.90450195e+03 1.01794433e+00 1.59490674e-02 7.82459765e-01 1.33000000e+02 3.00000000e+00
2.90453614e+03 1.01622665e+00 1.38960807e-02 7.87439849e-01 1.36000000e+02 3.00000000e+00
2.90457086e+03 1.01361490e+00 1.12870052e-02 7.92498511e-01 1.36000000e+02 3.00000000e+00
2.90460556e+03 1.01016816e+00 1.12870052e-02 7.97553960e-01 1.36000000e+02 3.00000000e+00
