# Time Flux Flux_Err Phase N NSector
3.23984933e+03 9.98901302e-01 2.52265963e-04 -1.97485020e-01 8.50000000e+01 4.00000000e+00
3.23985444e+03 9.98147710e-01 2.52265963e-04 -1.92485194e-01 8.50000000e+01 4.00000000e+00
3.23985957e+03 9.97456895e-01 3.63656992e-04 -1.87474027e-01 8.30000000e+01 4.00000000e+00
3.23986458e+03 9.96478450e-01 2.76808892e-04 -1.82570776e-01 8.80000000e+01 4.00000000e+00
3.23986964e+03 9.95754105e-01 3.40518111e-04 -1.77622242e-01 8.40000000e+01 4.00000000e+00
3.23987478e+03 9.94606750e-01 3.29118524e-04 -1.72595880e-01 8.20000000e+01 4.00000000e+00
3.23987993e+03 9.93766253e-01 2.75981495e-04 -1.67564762e-01 8.40000000e+01 4.00000000e+00
3.23988506e+03 9.92567374e-01 2.52265963e-04 -1.62544432e-01 8.70000000e+01 4.00000000e+00
3.23989023e+03 9.91960084e-01 2.69985685e-04 -1.57497431e-01 8.70000000e+01 4.00000000e+00
3.23989534e+03 9.90795348e-01 2.52265963e-04 -1.52494066e-01 8.60000000e+01 4.00000000e+00
3.23990047e+03 9.90009448e-01 3.13348803e-04 -1.47479221e-01 8.60000000e+01 4.00000000e+00
3.23990552e+03 9.88926250e-01 2.52265963e-04 -1.42545850e-01 8.80000000e+01 4.00000000e+00
3.23991075e+03 9.87972400e-01 2.52265963e-04 -1.37425816e-01 8.80000000e+01 4.00000000e+00
3.23991594e+03 9.86883334e-01 2.90652895e-04 -1.32355864e-01 8.70000000e+01 4.00000000e+00
3.23992096e+03 9.86216562e-01 2.52265963e-04 -1.27448410e-01 8.80000000e+01 4.00000000e+00
3.23992617e+03 9.85125203e-01 2.52265963e-04 -1.22353009e-01 8.70000000e+01 4.00000000e+00
3.23993134e+03 9.84276519e-01 2.62347700e-04 -1.17293701e-01 8.70000000e+01 4.00000000e+00
3.23993635e+03 9.83490254e-01 3.57205753e-04 -1.12399642e-01 8.50000000e+01 4.00000000e+00
3.23994123e+03 9.82515724e-01 2.60841379e-04 -1.07620775e-01 8.70000000e+01 4.00000000e+00
3.23994639e+03 9.81815252e-01 2.76592485e-04 -1.02582266e-01 8.50000000e+01 4.00000000e+00
3.23995164e+03 9.80929985e-01 2.54165304e-04 -9.74456612e-02 8.70000000e+01 4.00000000e+00
3.23995666e+03 9.80105181e-01 2.52265963e-04 -9.25393072e-02 8.40000000e+01 4.00000000e+00
3.23996170e+03 9.79340046e-01 2.52265963e-04 -8.76096492e-02 8.40000000e+01 4.00000000e+00
3.23996687e+03 9.78752112e-01 3.44358616e-04 -8.25520607e-02 8.60000000e+01 4.00000000e+00
3.23997190e+03 9.78071693e-01 4.04818030e-04 -7.76380473e-02 8.30000000e+01 4.00000000e+00
3.23997708e+03 9.77341773e-01 2.86080188e-04 -7.25651943e-02 8.70000000e+01 4.00000000e+00
3.23998182e+03 9.76580873e-01 2.52265963e-04 -6.79308204e-02 7.80000000e+01 4.00000000e+00
3.23998674e+03 9.76034740e-01 2.85550357e-04 -6.31220411e-02 7.90000000e+01 4.00000000e+00
3.23999138e+03 9.75641696e-01 2.52265963e-04 -5.85852240e-02 7.60000000e+01 4.00000000e+00
3.23999621e+03 9.74239857e-01 2.52265963e-04 -5.38649162e-02 7.80000000e+01 4.00000000e+00
3.24000107e+03 9.71424771e-01 5.77907510e-04 -4.91115992e-02 8.20000000e+01 4.00000000e+00
3.24000596e+03 9.68010223e-01 5.52100465e-04 -4.43261374e-02 7.80000000e+01 4.00000000e+00
3.24001060e+03 9.64101500e-01 5.04958316e-04 -3.97978191e-02 7.70000000e+01 4.00000000e+00
3.24001530e+03 9.60081174e-01 9.60253641e-04 -3.51979226e-02 7.80000000e+01 4.00000000e+00
3.24002028e+03 9.56064334e-01 1.08612698e-03 -3.03236412e-02 7.90000000e+01 4.00000000e+00
3.24002501e+03 9.51965349e-01 1.06596733e-03 -2.57061833e-02 7.70000000e+01 4.00000000e+00
3.24002962e+03 9.48789984e-01 7.83853095e-04 -2.11923649e-02 7.80000000e+01 4.00000000e+00
3.24003449e+03 9.45841400e-01 1.12405746e-03 -1.64344830e-02 7.80000000e+01 4.00000000e+00
3.24003937e+03 9.43607606e-01 8.34524220e-04 -1.16606565e-02 8.00000000e+01 4.00000000e+00
3.24004390e+03 9.41985311e-01 8.18155993e-04 -7.23535969e-03 7.10000000e+01 4.00000000e+00
3.24004919e+03 9.41619522e-01 1.25267291e-03 -2.05660914e-03 4.70000000e+01 3.00000000e+00
3.24005353e+03 9.41453447e-01 2.52265963e-04 2.18503878e-03 3.80000000e+01 3.00000000e+00
3.24005853e+03 9.41610636e-01 2.52265963e-04 7.07369859e-03 7.40000000e+01 4.00000000e+00
3.24006331e+03 9.43365994e-01 6.30786115e-04 1.17435523e-02 8.00000000e+01 4.00000000e+00
3.24006800e+03 9.45223837e-01 2.52265963e-04 1.63344898e-02 7.70000000e+01 4.00000000e+00
3.24007271e+03 9.48111823e-01 2.52265963e-04 2.09403855e-02 8.00000000e+01 4.00000000e+00
3.24007759e+03 9.51286444e-01 2.52265963e-04 2.57145121e-02 8.00000000e+01 4.00000000e+00
3.24008246e+03 9.55220870e-01 2.52265963e-04 3.04749770e-02 8.00000000e+01 4.00000000e+00
3.24008726e+03 9.59704872e-01 2.52265963e-04 3.51646479e-02 7.50000000e+01 4.00000000e+00
3.24009188e+03 9.63542428e-01 3.64763379e-04 3.96809938e-02 7.80000000e+01 4.00000000e+00
3.24009679e+03 9.67406648e-01 3.79329072e-04 4.44879766e-02 7.80000000e+01 4.00000000e+00
3.24010167e+03 9.71663186e-01 5.24797251e-04 4.92558855e-02 7.60000000e+01 4.00000000e+00
3.24010625e+03 9.74165890e-01 5.16813210e-04 5.37346461e-02 7.40000000e+01 4.00000000e+00
3.24011092e+03 9.75449601e-01 4.23604777e-04 5.82980004e-02 7.50000000e+01 4.00000000e+00
3.24011595e+03 9.76407588e-01 5.08093559e-04 6.32218131e-02 7.60000000e+01 4.00000000e+00
3.24012065e+03 9.76664133e-01 4.07205842e-04 6.78115773e-02 7.60000000e+01 4.00000000e+00
3.24012563e+03 9.76990611e-01 2.52265963e-04 7.26882383e-02 7.90000000e+01 4.00000000e+00
3.24013058e+03 9.77870053e-01 2.52265963e-04 7.75232781e-02 8.20000000e+01 4.00000000e+00
3.24013563e+03 9.78940833e-01 4.99117309e-04 8.24661797e-02 8.40000000e+01 4.00000000e+00
3.24014067e+03 9.79382970e-01 3.28796733e-04 8.73878562e-02 8.50000000e+01 4.00000000e+00
3.24014585e+03 9.79849799e-01 2.76213946e-04 9.24571994e-02 8.40000000e+01 4.00000000e+00
3.24015098e+03 9.80984466e-01 3.01822672e-04 9.74717437e-02 8.30000000e+01 4.00000000e+00
3.24015598e+03 9.82186738e-01 2.57721343e-04 1.02357439e-01 8.40000000e+01 4.00000000e+00
3.24016112e+03 9.82680957e-01 3.00328777e-04 1.07392032e-01 8.50000000e+01 4.00000000e+00
3.24016627e+03 9.83384425e-01 2.52265963e-04 1.12420697e-01 8.50000000e+01 4.00000000e+00
3.24017155e+03 9.84304686e-01 3.46518412e-04 1.17583585e-01 8.50000000e+01 4.00000000e+00
3.24017660e+03 9.85303472e-01 2.93196557e-04 1.22523407e-01 8.60000000e+01 4.00000000e+00
3.24018177e+03 9.86100900e-01 2.52265963e-04 1.27578483e-01 8.60000000e+01 4.00000000e+00
3.24018692e+03 9.87184389e-01 2.87709549e-04 1.32610305e-01 8.50000000e+01 4.00000000e+00
3.24019195e+03 9.88246893e-01 3.93295168e-04 1.37536478e-01 8.20000000e+01 4.00000000e+00
3.24019707e+03 9.89078712e-01 3.52625558e-04 1.42536184e-01 8.40000000e+01 4.00000000e+00
3.24020220e+03 9.90079855e-01 2.52265963e-04 1.47552660e-01 8.50000000e+01 4.00000000e+00
3.24020737e+03 9.91020245e-01 3.41633066e-04 1.52609377e-01 8.50000000e+01 4.00000000e+00
3.24021242e+03 9.92049502e-01 2.93300822e-04 1.57546183e-01 8.40000000e+01 4.00000000e+00
3.24021755e+03 9.93215162e-01 3.51016168e-04 1.62569367e-01 8.00000000e+01 4.00000000e+00
3.24022253e+03 9.93736651e-01 2.55119027e-04 1.67435579e-01 8.40000000e+01 4.00000000e+00
3.24022765e+03 9.94877433e-01 3.17876633e-04 1.72439605e-01 8.50000000e+01 4.00000000e+00
3.24023273e+03 9.96050638e-01 3.27381335e-04 1.77413771e-01 8.30000000e+01 4.00000000e+00
3.24023788e+03 9.96907968e-01 2.97062252e-04 1.82444355e-01 8.60000000e+01 4.00000000e+00
3.24024287e+03 9.97727242e-01 2.92034266e-04 1.87321208e-01 8.10000000e+01 4.00000000e+00
3.24024802e+03 9.98395376e-01 3.28103901e-04 1.92364529e-01 8.60000000e+01 4.00000000e+00
3.24025321e+03 9.99386930e-01 2.76604808e-04 1.97431263e-01 8.60000000e+01 4.00000000e+00
3.24025834e+03 1.00013286e+00 2.52265963e-04 2.02450334e-01 8.50000000e+01 4.00000000e+00
3.24026350e+03 1.00087438e+00 2.52265963e-04 2.07494690e-01 8.50000000e+01 4.00000000e+00
3.24026871e+03 1.00169030e+00 2.81980469e-04 2.12587792e-01 8.30000000e+01 4.00000000e+00
3.24027377e+03 1.00228155e+00 2.52265963e-04 2.17539881e-01 8.50000000e+01 4.00000000e+00
3.24027889e+03 1.00313809e+00 3.42393081e-04 2.22541025e-01 8.30000000e+01 4.00000000e+00
3.24028409e+03 1.00365042e+00 3.20068132e-04 2.27626233e-01 8.40000000e+01 4.00000000e+00
3.24028912e+03 1.00413082e+00 2.52265963e-04 2.32549446e-01 8.40000000e+01 4.00000000e+00
3.24029429e+03 1.00484389e+00 2.52265963e-04 2.37600142e-01 8.50000000e+01 4.00000000e+00
3.24029943e+03 1.00550865e+00 3.05030856e-04 2.42633138e-01 8.60000000e+01 4.00000000e+00
3.24030443e+03 1.00573001e+00 2.52265963e-04 2.47516215e-01 8.30000000e+01 4.00000000e+00
3.24030949e+03 1.00611061e+00 3.89369689e-04 2.52467581e-01 8.50000000e+01 4.00000000e+00
3.24031459e+03 1.00654238e+00 2.52265963e-04 2.57457852e-01 8.20000000e+01 4.00000000e+00
3.24031972e+03 1.00672572e+00 3.65413553e-04 2.62468722e-01 8.30000000e+01 4.00000000e+00
3.24032475e+03 1.00694051e+00 2.52265963e-04 2.67385187e-01 8.00000000e+01 4.00000000e+00
3.24032989e+03 1.00736722e+00 3.33102878e-04 2.72412761e-01 8.40000000e+01 4.00000000e+00
3.24033502e+03 1.00731464e+00 2.52265963e-04 2.77427809e-01 8.20000000e+01 4.00000000e+00
3.24034009e+03 1.00784398e+00 2.53259225e-04 2.82390901e-01 8.10000000e+01 4.00000000e+00
3.24034523e+03 1.00766965e+00 2.78291177e-04 2.87411253e-01 8.50000000e+01 4.00000000e+00
3.24035044e+03 1.00759596e+00 2.52265963e-04 2.92511461e-01 8.30000000e+01 4.00000000e+00
3.24035555e+03 1.00771119e+00 2.52265963e-04 2.97508643e-01 8.30000000e+01 4.00000000e+00
3.24036054e+03 1.00780939e+00 3.36316030e-04 3.02385336e-01 8.50000000e+01 4.00000000e+00
3.24036578e+03 1.00771910e+00 3.01767375e-04 3.07511741e-01 8.40000000e+01 4.00000000e+00
3.24037090e+03 1.00767105e+00 3.23700261e-04 3.12514647e-01 8.90000000e+01 4.00000000e+00
3.24037614e+03 1.00742291e+00 2.52265963e-04 3.17633914e-01 8.40000000e+01 4.00000000e+00
3.24038107e+03 1.00727375e+00 2.52265963e-04 3.22454282e-01 8.50000000e+01 4.00000000e+00
3.24038627e+03 1.00705860e+00 2.52265963e-04 3.27543966e-01 8.80000000e+01 4.00000000e+00
3.24039140e+03 1.00693453e+00 2.52265963e-04 3.32560112e-01 8.50000000e+01 4.00000000e+00
3.24039657e+03 1.00689761e+00 2.52265963e-04 3.37610116e-01 8.30000000e+01 4.00000000e+00
3.24040158e+03 1.00659030e+00 2.52265963e-04 3.42510643e-01 8.10000000e+01 4.00000000e+00
3.24040653e+03 1.00642817e+00 2.52265963e-04 3.47354286e-01 8.50000000e+01 4.00000000e+00
3.24041185e+03 1.00616248e+00 2.52265963e-04 3.52556647e-01 8.30000000e+01 4.00000000e+00
3.24041691e+03 1.00581636e+00 2.52265963e-04 3.57500210e-01 8.00000000e+01 4.00000000e+00
3.24042189e+03 1.00555245e+00 2.52265963e-04 3.62368464e-01 8.40000000e+01 4.00000000e+00
3.24042719e+03 1.00568805e+00 2.52265963e-04 3.67557774e-01 8.50000000e+01 4.00000000e+00
3.24043235e+03 1.00527478e+00 2.52265963e-04 3.72603186e-01 8.10000000e+01 4.00000000e+00
3.24043729e+03 1.00528546e+00 2.52265963e-04 3.77432701e-01 8.10000000e+01 4.00000000e+00
3.24044241e+03 1.00515696e+00 2.52265963e-04 3.82433596e-01 8.10000000e+01 4.00000000e+00
3.24044760e+03 1.00483327e+00 2.52265963e-04 3.87511152e-01 8.30000000e+01 4.00000000e+00
3.24045278e+03 1.00449931e+00 2.52265963e-04 3.92574334e-01 8.30000000e+01 4.00000000e+00
3.24045779e+03 1.00434533e+00 2.52265963e-04 3.97480913e-01 8.20000000e+01 4.00000000e+00
3.24046296e+03 1.00397655e+00 2.52265963e-04 4.02534937e-01 8.20000000e+01 4.00000000e+00
3.24046813e+03 1.00398377e+00 2.52265963e-04 4.07588183e-01 8.30000000e+01 4.00000000e+00
3.24047331e+03 1.00405639e+00 2.52265963e-04 4.12650349e-01 8.30000000e+01 4.00000000e+00
3.24047836e+03 1.00382722e+00 2.52265963e-04 4.17590520e-01 8.10000000e+01 4.00000000e+00
3.24048350e+03 1.00382935e+00 2.52265963e-04 4.22616945e-01 8.20000000e+01 4.00000000e+00
3.24048854e+03 1.00352364e+00 2.52265963e-04 4.27540626e-01 7.80000000e+01 4.00000000e+00
3.24049366e+03 1.00350230e+00 2.52265963e-04 4.32551478e-01 8.10000000e+01 4.00000000e+00
3.24049805e+03 1.00351489e+00 2.52265963e-04 4.36838606e-01 6.10000000e+01 4.00000000e+00
3.24050210e+03 1.00316074e+00 2.52265963e-04 4.40807854e-01 6.60000000e+01 4.00000000e+00
3.24050620e+03 1.00322528e+00 2.52265963e-04 4.44812756e-01 6.60000000e+01 4.00000000e+00
3.24051038e+03 1.00180742e+00 2.52265963e-04 4.48898763e-01 6.70000000e+01 4.00000000e+00
3.24051463e+03 1.00120876e+00 3.78966504e-04 4.53054914e-01 6.50000000e+01 4.00000000e+00
3.24051871e+03 9.99775870e-01 4.12057531e-04 4.57044438e-01 6.80000000e+01 4.00000000e+00
3.24052291e+03 9.98145102e-01 5.41019146e-04 4.61149485e-01 6.70000000e+01 4.00000000e+00
3.24052703e+03 9.96355052e-01 4.95838883e-04 4.65185279e-01 6.80000000e+01 4.00000000e+00
3.24053120e+03 9.94558701e-01 5.51076057e-04 4.69259729e-01 6.60000000e+01 4.00000000e+00
3.24053551e+03 9.93190450e-01 8.85111929e-04 4.73472371e-01 6.40000000e+01 4.00000000e+00
3.24053945e+03 9.91587573e-01 6.29684678e-04 4.77327074e-01 6.90000000e+01 4.00000000e+00
3.24054376e+03 9.90340232e-01 6.33295781e-04 4.81538645e-01 6.80000000e+01 4.00000000e+00
3.24054781e+03 9.89401405e-01 4.27513612e-04 4.85500241e-01 6.90000000e+01 4.00000000e+00
3.24055202e+03 9.88477161e-01 6.87738704e-04 4.89620723e-01 6.90000000e+01 4.00000000e+00
3.24055639e+03 9.87780728e-01 5.13108623e-04 4.93889996e-01 6.50000000e+01 4.00000000e+00
3.24056047e+03 9.87407908e-01 5.94281910e-04 4.97881009e-01 6.70000000e+01 4.00000000e+00
3.24056453e+03 9.87505702e-01 5.48858936e-04 5.01851192e-01 6.20000000e+01 4.00000000e+00
3.24056861e+03 9.87908571e-01 4.12130901e-04 5.05840993e-01 6.40000000e+01 4.00000000e+00
3.24057280e+03 9.87347116e-01 2.52265963e-04 5.09939312e-01 6.20000000e+01 3.00000000e+00
3.24057723e+03 9.88942171e-01 3.45372256e-04 5.14262773e-01 6.30000000e+01 4.00000000e+00
3.24058131e+03 9.89620681e-01 4.21323868e-04 5.18254080e-01 6.70000000e+01 4.00000000e+00
3.24058543e+03 9.90833616e-01 2.69194936e-04 5.22283659e-01 6.60000000e+01 4.00000000e+00
3.24058954e+03 9.92833701e-01 4.36381126e-04 5.26302842e-01 6.80000000e+01 4.00000000e+00
3.24059369e+03 9.93408086e-01 2.52265963e-04 5.30365154e-01 6.50000000e+01 3.00000000e+00
3.24059793e+03 9.95598627e-01 3.32222128e-04 5.34510226e-01 6.60000000e+01 4.00000000e+00
3.24060214e+03 9.96932830e-01 2.52265963e-04 5.38627151e-01 6.70000000e+01 4.00000000e+00
3.24060626e+03 9.98472740e-01 2.52265963e-04 5.42656166e-01 6.60000000e+01 4.00000000e+00
3.24061028e+03 1.00036201e+00 2.52265963e-04 5.46586630e-01 6.60000000e+01 4.00000000e+00
3.24061442e+03 1.00132861e+00 2.52265963e-04 5.50632225e-01 6.60000000e+01 3.00000000e+00
3.24061870e+03 1.00258372e+00 2.52265963e-04 5.54816323e-01 6.10000000e+01 3.00000000e+00
3.24062279e+03 1.00261917e+00 2.52265963e-04 5.58819321e-01 6.30000000e+01 3.00000000e+00
3.24062711e+03 1.00287866e+00 2.52265963e-04 5.63045157e-01 5.90000000e+01 3.00000000e+00
3.24063171e+03 1.00327528e+00 2.52265963e-04 5.67541291e-01 7.60000000e+01 3.00000000e+00
3.24063687e+03 1.00306670e+00 2.52265963e-04 5.72582268e-01 7.50000000e+01 3.00000000e+00
3.24064187e+03 1.00325036e+00 2.52265963e-04 5.77471424e-01 7.50000000e+01 3.00000000e+00
3.24064717e+03 1.00330698e+00 2.52265963e-04 5.82660166e-01 7.60000000e+01 4.00000000e+00
3.24065223e+03 1.00318728e+00 2.52265963e-04 5.87606539e-01 7.50000000e+01 3.00000000e+00
3.24065724e+03 1.00358200e+00 2.52265963e-04 5.92500941e-01 7.40000000e+01 3.00000000e+00
3.24066241e+03 1.00395582e+00 2.52265963e-04 5.97560714e-01 7.70000000e+01 3.00000000e+00
3.24066758e+03 1.00377489e+00 2.52265963e-04 6.02615546e-01 7.80000000e+01 4.00000000e+00
3.24067263e+03 1.00381694e+00 2.52265963e-04 6.07546276e-01 7.00000000e+01 3.00000000e+00
3.24067778e+03 1.00387279e+00 2.52265963e-04 6.12586636e-01 7.80000000e+01 4.00000000e+00
3.24068280e+03 1.00431444e+00 2.52265963e-04 6.17495516e-01 8.00000000e+01 4.00000000e+00
3.24068783e+03 1.00457306e+00 2.52265963e-04 6.22415152e-01 7.60000000e+01 4.00000000e+00
3.24069292e+03 1.00468344e+00 2.52265963e-04 6.27389109e-01 7.80000000e+01 4.00000000e+00
3.24069806e+03 1.00469492e+00 2.52265963e-04 6.32420828e-01 8.00000000e+01 4.00000000e+00
3.24070323e+03 1.00492829e+00 2.52265963e-04 6.37473280e-01 7.60000000e+01 4.00000000e+00
3.24070816e+03 1.00532977e+00 2.52265963e-04 6.42290814e-01 7.80000000e+01 4.00000000e+00
3.24071330e+03 1.00519184e+00 2.52265963e-04 6.47314518e-01 8.20000000e+01 4.00000000e+00
3.24071851e+03 1.00554183e+00 2.52265963e-04 6.52417427e-01 8.10000000e+01 4.00000000e+00
3.24072362e+03 1.00564481e+00 2.52265963e-04 6.57406978e-01 8.40000000e+01 4.00000000e+00
3.24072885e+03 1.00588185e+00 2.52265963e-04 6.62525665e-01 8.30000000e+01 4.00000000e+00
3.24073410e+03 1.00624574e+00 2.52265963e-04 6.67656587e-01 8.10000000e+01 4.00000000e+00
3.24073910e+03 1.00623846e+00 2.63906944e-04 6.72545530e-01 7.90000000e+01 4.00000000e+00
3.24074419e+03 1.00648493e+00 2.91355520e-04 6.77519937e-01 8.10000000e+01 4.00000000e+00
3.24074933e+03 1.00649381e+00 3.13402430e-04 6.82551663e-01 8.20000000e+01 4.00000000e+00
3.24075446e+03 1.00655670e+00 2.71881950e-04 6.87568502e-01 8.10000000e+01 4.00000000e+00
3.24075958e+03 1.00672474e+00 2.52265963e-04 6.92572491e-01 8.40000000e+01 4.00000000e+00
3.24076475e+03 1.00675001e+00 2.63718171e-04 6.97624552e-01 8.50000000e+01 4.00000000e+00
3.24076977e+03 1.00694292e+00 2.55487582e-04 7.02538493e-01 8.20000000e+01 4.00000000e+00
3.24077501e+03 1.00691921e+00 2.80320030e-04 7.07657896e-01 8.00000000e+01 4.00000000e+00
3.24078003e+03 1.00660641e+00 2.52265963e-04 7.12567729e-01 8.40000000e+01 4.00000000e+00
3.24078508e+03 1.00680897e+00 3.43773689e-04 7.17510070e-01 8.20000000e+01 4.00000000e+00
3.24079015e+03 1.00637431e+00 2.52265963e-04 7.22460865e-01 8.40000000e+01 4.00000000e+00
3.24079529e+03 1.00654261e+00 2.52265963e-04 7.27486663e-01 8.40000000e+01 4.00000000e+00
3.24080024e+03 1.00634238e+00 3.23662377e-04 7.32334181e-01 8.20000000e+01 4.00000000e+00
3.24080540e+03 1.00625388e+00 4.39079887e-04 7.37376159e-01 8.30000000e+01 4.00000000e+00
3.24081066e+03 1.00557373e+00 2.52265963e-04 7.42516659e-01 8.40000000e+01 4.00000000e+00
3.24081571e+03 1.00555364e+00 3.53938333e-04 7.47459332e-01 8.40000000e+01 4.00000000e+00
3.24082085e+03 1.00504532e+00 2.85820167e-04 7.52479528e-01 8.60000000e+01 4.00000000e+00
3.24082598e+03 1.00461042e+00 3.79517201e-04 7.57497067e-01 8.50000000e+01 4.00000000e+00
3.24083109e+03 1.00439387e+00 2.52265963e-04 7.62494575e-01 8.40000000e+01 4.00000000e+00
3.24083622e+03 1.00365085e+00 2.52265963e-04 7.67515743e-01 8.60000000e+01 4.00000000e+00
3.24084127e+03 1.00298288e+00 2.52265963e-04 7.72447614e-01 8.30000000e+01 4.00000000e+00
3.24084645e+03 1.00277574e+00 3.32615624e-04 7.77511907e-01 8.50000000e+01 4.00000000e+00
3.24085168e+03 1.00175973e+00 2.52265963e-04 7.82626568e-01 8.40000000e+01 4.00000000e+00
3.24085681e+03 1.00122619e+00 2.52265963e-04 7.87644742e-01 8.60000000e+01 4.00000000e+00
3.24086188e+03 1.00027099e+00 2.95142523e-04 7.92598273e-01 8.30000000e+01 4.00000000e+00
3.24086692e+03 9.99786826e-01 2.95328846e-04 7.97532589e-01 8.60000000e+01 4.00000000e+00
