# Time Flux Flux_Err Phase N NSector
4.04691552e+03 1.00032684e+00 1.05047871e-03 -1.97485975e-01 2.93000000e+02 7.00000000e+00
4.04693405e+03 1.00144643e+00 1.23937161e-03 -1.92541085e-01 2.92000000e+02 7.00000000e+00
4.04695303e+03 1.00194937e+00 1.23913454e-03 -1.87478486e-01 3.00000000e+02 7.00000000e+00
4.04697165e+03 1.00059495e+00 1.05047871e-03 -1.82508782e-01 2.99000000e+02 7.00000000e+00
4.04699042e+03 1.00126239e+00 1.05047871e-03 -1.77501944e-01 2.96000000e+02 7.00000000e+00
4.04700898e+03 1.00105589e+00 1.05047871e-03 -1.72549059e-01 2.91000000e+02 7.00000000e+00
4.04702786e+03 9.98483342e-01 1.05047871e-03 -1.67513018e-01 2.89000000e+02 7.00000000e+00
4.04704672e+03 9.99051552e-01 1.05047871e-03 -1.62480990e-01 2.86000000e+02 7.00000000e+00
4.04706545e+03 9.99861897e-01 1.05047871e-03 -1.57482204e-01 2.88000000e+02 7.00000000e+00
4.04708417e+03 1.00255393e+00 1.09417228e-03 -1.52488770e-01 2.83000000e+02 7.00000000e+00
4.04710293e+03 9.99742761e-01 1.05047871e-03 -1.47481817e-01 2.77000000e+02 7.00000000e+00
4.04712162e+03 1.00142404e+00 1.73595547e-03 -1.42495391e-01 2.74000000e+02 7.00000000e+00
4.04714030e+03 1.00022601e+00 1.05047871e-03 -1.37510621e-01 2.80000000e+02 7.00000000e+00
4.04715905e+03 1.00170391e+00 1.13752503e-03 -1.32509528e-01 2.82000000e+02 7.00000000e+00
4.04717783e+03 1.00154560e+00 1.82134276e-03 -1.27496895e-01 2.84000000e+02 7.00000000e+00
4.04719647e+03 1.00078484e+00 1.38601439e-03 -1.22524265e-01 2.86000000e+02 7.00000000e+00
4.04721536e+03 1.00058678e+00 1.18702105e-03 -1.17484324e-01 2.85000000e+02 7.00000000e+00
4.04723416e+03 9.99783406e-01 1.25751764e-03 -1.12467072e-01 2.83000000e+02 7.00000000e+00
4.04725285e+03 9.99272317e-01 1.05047871e-03 -1.07482325e-01 2.85000000e+02 7.00000000e+00
4.04727163e+03 9.97518523e-01 1.05047871e-03 -1.02471084e-01 2.84000000e+02 7.00000000e+00
4.04729038e+03 9.99368514e-01 1.83559680e-03 -9.74677946e-02 2.82000000e+02 7.00000000e+00
4.04730907e+03 9.98211277e-01 1.13447657e-03 -9.24813625e-02 2.91000000e+02 7.00000000e+00
4.04732764e+03 9.97909645e-01 1.66333851e-03 -8.75264449e-02 2.92000000e+02 7.00000000e+00
4.04734643e+03 9.97706092e-01 1.05047871e-03 -8.25122411e-02 2.91000000e+02 7.00000000e+00
4.04736512e+03 9.99051251e-01 1.05047871e-03 -7.75258017e-02 2.90000000e+02 7.00000000e+00
4.04738396e+03 9.97059706e-01 1.05047871e-03 -7.24991770e-02 2.96000000e+02 7.00000000e+00
4.04740272e+03 9.99732804e-01 1.05047871e-03 -6.74939523e-02 2.92000000e+02 7.00000000e+00
4.04742153e+03 9.99298601e-01 1.43354828e-03 -6.24740916e-02 2.94000000e+02 7.00000000e+00
4.04744033e+03 9.99618523e-01 1.05047871e-03 -5.74598085e-02 2.91000000e+02 7.00000000e+00
4.04745907e+03 1.00117476e+00 1.05047871e-03 -5.24573989e-02 2.92000000e+02 7.00000000e+00
4.04747667e+03 1.00121475e+00 1.05047871e-03 -4.77635608e-02 2.60000000e+02 7.00000000e+00
4.04749062e+03 9.99176658e-01 1.05047871e-03 -4.40413830e-02 1.77000000e+02 7.00000000e+00
4.04750207e+03 1.00052635e+00 3.38735781e-03 -4.09856757e-02 1.79000000e+02 7.00000000e+00
4.04751359e+03 9.97111711e-01 1.05047871e-03 -3.79127311e-02 1.77000000e+02 7.00000000e+00
4.04752516e+03 9.80803773e-01 1.22733584e-03 -3.48250714e-02 1.80000000e+02 7.00000000e+00
4.04753642e+03 9.56286040e-01 2.83195642e-03 -3.18212855e-02 1.76000000e+02 6.00000000e+00
4.04754782e+03 9.29051933e-01 3.47768628e-03 -2.87785527e-02 1.81000000e+02 7.00000000e+00
4.04755922e+03 8.95401026e-01 5.59765555e-03 -2.57358000e-02 1.74000000e+02 6.00000000e+00
4.04757047e+03 8.56763572e-01 5.78599693e-03 -2.27347335e-02 1.76000000e+02 7.00000000e+00
4.04758166e+03 8.24676691e-01 8.99328402e-03 -1.97499886e-02 1.72000000e+02 6.00000000e+00
4.04759298e+03 7.81080873e-01 8.51526435e-03 -1.67305656e-02 1.79000000e+02 7.00000000e+00
4.04760453e+03 7.36796457e-01 9.88806596e-03 -1.36482907e-02 1.77000000e+02 7.00000000e+00
4.04761582e+03 7.15991680e-01 9.80663205e-03 -1.06359604e-02 1.82000000e+02 7.00000000e+00
4.04762730e+03 6.86180697e-01 9.82234114e-03 -7.57100814e-03 1.82000000e+02 7.00000000e+00
4.04763861e+03 6.75272766e-01 1.18872588e-02 -4.55360800e-03 1.81000000e+02 7.00000000e+00
4.04765018e+03 6.64805788e-01 8.55582612e-03 -1.46790108e-03 1.84000000e+02 7.00000000e+00
4.04766142e+03 6.60005107e-01 1.39889134e-02 1.53065876e-03 1.78000000e+02 6.00000000e+00
4.04767282e+03 6.76336011e-01 9.51215069e-03 4.57339188e-03 1.83000000e+02 7.00000000e+00
4.04768422e+03 6.96492929e-01 1.31092658e-02 7.61608270e-03 1.78000000e+02 6.00000000e+00
4.04769561e+03 7.30376180e-01 9.15649345e-03 1.06535948e-02 1.83000000e+02 7.00000000e+00
4.04770695e+03 7.57158119e-01 9.11794762e-03 1.36801954e-02 1.70000000e+02 6.00000000e+00
4.04771809e+03 7.95159289e-01 6.84905151e-03 1.66530937e-02 1.80000000e+02 7.00000000e+00
4.04772962e+03 8.32380348e-01 8.42038115e-03 1.97280411e-02 1.76000000e+02 7.00000000e+00
4.04774082e+03 8.73150933e-01 2.47954579e-03 2.27158944e-02 1.78000000e+02 7.00000000e+00
4.04775223e+03 9.06156195e-01 1.92879518e-03 2.57611823e-02 1.77000000e+02 7.00000000e+00
4.04776360e+03 9.39724841e-01 1.92770604e-03 2.87950760e-02 1.81000000e+02 7.00000000e+00
4.04777518e+03 9.66473665e-01 3.05401853e-03 3.18834002e-02 1.85000000e+02 7.00000000e+00
4.04778652e+03 9.87258834e-01 1.84090327e-03 3.49102952e-02 1.78000000e+02 6.00000000e+00
4.04779794e+03 9.96931795e-01 1.39676543e-03 3.79559640e-02 1.84000000e+02 7.00000000e+00
4.04780928e+03 1.00007604e+00 1.17991972e-03 4.09837239e-02 1.78000000e+02 6.00000000e+00
4.04782064e+03 1.00088435e+00 1.09758350e-03 4.40145576e-02 1.85000000e+02 7.00000000e+00
4.04783481e+03 9.99850274e-01 1.05047871e-03 4.77935116e-02 2.68000000e+02 7.00000000e+00
4.04785244e+03 1.00107389e+00 2.12237030e-03 5.24982452e-02 3.00000000e+02 7.00000000e+00
4.04787112e+03 1.00019883e+00 1.05047871e-03 5.74837972e-02 2.99000000e+02 7.00000000e+00
4.04788983e+03 9.99048241e-01 1.09615646e-03 6.24757513e-02 2.96000000e+02 7.00000000e+00
4.04790848e+03 1.00016590e+00 1.05047871e-03 6.74501077e-02 2.94000000e+02 7.00000000e+00
4.04792723e+03 9.98945459e-01 1.05047871e-03 7.24532530e-02 2.83000000e+02 7.00000000e+00
4.04794602e+03 1.00089689e+00 1.05047871e-03 7.74684229e-02 2.78000000e+02 7.00000000e+00
4.04796483e+03 1.00299590e+00 1.05047871e-03 8.24854295e-02 2.83000000e+02 7.00000000e+00
4.04798357e+03 1.00066278e+00 1.41226373e-03 8.74858706e-02 2.82000000e+02 7.00000000e+00
4.04800241e+03 1.00217505e+00 1.05047871e-03 9.25131862e-02 2.80000000e+02 7.00000000e+00
4.04802136e+03 1.00131189e+00 1.05047871e-03 9.75689100e-02 2.83000000e+02 7.00000000e+00
4.04803988e+03 1.00098782e+00 1.05047871e-03 1.02510063e-01 2.93000000e+02 7.00000000e+00
4.04805862e+03 9.99079682e-01 1.05589822e-03 1.07511714e-01 2.91000000e+02 7.00000000e+00
4.04807742e+03 1.00052187e+00 1.05047871e-03 1.12525931e-01 2.94000000e+02 7.00000000e+00
4.04809574e+03 1.00270549e+00 1.05047871e-03 1.17414758e-01 2.90000000e+02 7.00000000e+00
4.04811468e+03 1.00195190e+00 1.05047871e-03 1.22467280e-01 2.90000000e+02 7.00000000e+00
4.04813358e+03 1.00208346e+00 1.05047871e-03 1.27511165e-01 2.91000000e+02 7.00000000e+00
4.04815233e+03 1.00225606e+00 1.05047871e-03 1.32513346e-01 2.95000000e+02 7.00000000e+00
4.04817103e+03 1.00394626e+00 1.05047871e-03 1.37504079e-01 3.03000000e+02 7.00000000e+00
4.04818980e+03 1.00187052e+00 1.05047871e-03 1.42512041e-01 2.92000000e+02 7.00000000e+00
4.04820851e+03 1.00134390e+00 1.85945072e-03 1.47503659e-01 2.96000000e+02 7.00000000e+00
4.04822720e+03 1.00283942e+00 1.55211974e-03 1.52490723e-01 2.95000000e+02 7.00000000e+00
4.04824602e+03 1.00190152e+00 1.05725465e-03 1.57510628e-01 2.92000000e+02 7.00000000e+00
4.04826464e+03 1.00159221e+00 1.29076295e-03 1.62480660e-01 2.87000000e+02 7.00000000e+00
4.04828334e+03 1.00249703e+00 1.64752674e-03 1.67468992e-01 2.76000000e+02 7.00000000e+00
4.04830209e+03 1.00298262e+00 1.62654748e-03 1.72471862e-01 2.82000000e+02 7.00000000e+00
4.04832085e+03 1.00070271e+00 1.11081764e-03 1.77477098e-01 2.81000000e+02 7.00000000e+00
4.04833961e+03 1.00198729e+00 1.45944451e-03 1.82481954e-01 2.83000000e+02 7.00000000e+00
4.04835835e+03 1.00357381e+00 1.23421078e-03 1.87482290e-01 2.77000000e+02 7.00000000e+00
4.04837712e+03 1.00400105e+00 1.49033046e-03 1.92490862e-01 2.85000000e+02 7.00000000e+00
4.04839591e+03 1.00355823e+00 1.32631871e-03 1.97504182e-01 2.80000000e+02 7.00000000e+00
4.04841482e+03 1.00208346e+00 1.35006505e-03 2.02549861e-01 2.78000000e+02 7.00000000e+00
4.04843340e+03 1.00383189e+00 1.05047871e-03 2.07508907e-01 2.80000000e+02 7.00000000e+00
4.04845192e+03 1.00224446e+00 1.05047871e-03 2.12449294e-01 2.73000000e+02 7.00000000e+00
4.04847081e+03 1.00219852e+00 1.05047871e-03 2.17490458e-01 2.71000000e+02 7.00000000e+00
4.04848959e+03 1.00244375e+00 2.08283795e-03 2.22500602e-01 2.71000000e+02 7.00000000e+00
4.04850833e+03 1.00095683e+00 1.05047871e-03 2.27499883e-01 2.82000000e+02 7.00000000e+00
4.04852711e+03 1.00163381e+00 1.08648126e-03 2.32509870e-01 2.81000000e+02 7.00000000e+00
4.04854590e+03 1.00354354e+00 1.22075862e-03 2.37524084e-01 2.82000000e+02 7.00000000e+00
4.04856461e+03 1.00254266e+00 1.05047871e-03 2.42516698e-01 2.77000000e+02 7.00000000e+00
4.04858336e+03 1.00154175e+00 1.05047871e-03 2.47519391e-01 2.72000000e+02 7.00000000e+00
4.04860209e+03 1.00073951e+00 1.05047871e-03 2.52518194e-01 2.74000000e+02 7.00000000e+00
4.04862081e+03 1.00431577e+00 1.36972069e-03 2.57512385e-01 2.74000000e+02 7.00000000e+00
4.04863942e+03 1.00248878e+00 1.40418576e-03 2.62478532e-01 2.74000000e+02 7.00000000e+00
4.04865816e+03 1.00276392e+00 1.05047871e-03 2.67477522e-01 2.73000000e+02 7.00000000e+00
4.04867699e+03 1.00265145e+00 1.05047871e-03 2.72502145e-01 2.82000000e+02 7.00000000e+00
4.04869578e+03 1.00336684e+00 1.05047871e-03 2.77514604e-01 2.80000000e+02 7.00000000e+00
4.04871443e+03 1.00382890e+00 1.05047871e-03 2.82492380e-01 2.82000000e+02 7.00000000e+00
4.04873318e+03 1.00382044e+00 1.05047871e-03 2.87492699e-01 2.82000000e+02 7.00000000e+00
4.04875197e+03 1.00162596e+00 1.05047871e-03 2.92506907e-01 2.83000000e+02 7.00000000e+00
4.04877065e+03 1.00463249e+00 1.24340378e-03 2.97491060e-01 2.86000000e+02 7.00000000e+00
4.04878957e+03 1.00176697e+00 1.61040243e-03 3.02540224e-01 2.81000000e+02 7.00000000e+00
4.04880814e+03 1.00206366e+00 1.68801275e-03 3.07493572e-01 2.77000000e+02 7.00000000e+00
4.04882673e+03 1.00152987e+00 2.11961524e-03 3.12453497e-01 2.71000000e+02 7.00000000e+00
4.04884553e+03 1.00424184e+00 1.14354648e-03 3.17471502e-01 2.65000000e+02 7.00000000e+00
4.04886425e+03 1.00414660e+00 1.05047871e-03 3.22466273e-01 2.68000000e+02 7.00000000e+00
4.04888301e+03 1.00233511e+00 1.05047871e-03 3.27470912e-01 2.64000000e+02 7.00000000e+00
4.04890186e+03 1.00295686e+00 1.09724738e-03 3.32501177e-01 2.61000000e+02 7.00000000e+00
4.04892062e+03 1.00182609e+00 1.07742748e-03 3.37506730e-01 2.59000000e+02 7.00000000e+00
4.04893936e+03 1.00243724e+00 1.05047871e-03 3.42505750e-01 2.60000000e+02 7.00000000e+00
4.04895812e+03 1.00162195e+00 1.05047871e-03 3.47510327e-01 2.63000000e+02 7.00000000e+00
4.04897695e+03 1.00285385e+00 1.05047871e-03 3.52535474e-01 2.59000000e+02 7.00000000e+00
4.04899556e+03 1.00241063e+00 1.05047871e-03 3.57500673e-01 2.60000000e+02 7.00000000e+00
4.04901422e+03 1.00347208e+00 1.55488922e-03 3.62478645e-01 2.60000000e+02 7.00000000e+00
4.04903295e+03 1.00230511e+00 1.61001618e-03 3.67476681e-01 2.68000000e+02 7.00000000e+00
4.04905183e+03 1.00214421e+00 1.29350390e-03 3.72513382e-01 2.71000000e+02 7.00000000e+00
4.04907038e+03 1.00165639e+00 1.44375791e-03 3.77464527e-01 2.76000000e+02 7.00000000e+00
4.04908931e+03 1.00143057e+00 1.05047871e-03 3.82515833e-01 2.76000000e+02 7.00000000e+00
4.04910812e+03 1.00221226e+00 1.05047871e-03 3.87533572e-01 2.80000000e+02 7.00000000e+00
4.04912664e+03 1.00245463e+00 1.05047871e-03 3.92475675e-01 2.81000000e+02 7.00000000e+00
4.04914559e+03 1.00066216e+00 1.05047871e-03 3.97531799e-01 2.76000000e+02 7.00000000e+00
4.04916420e+03 1.00109271e+00 1.06018787e-03 4.02496146e-01 2.77000000e+02 7.00000000e+00
4.04918297e+03 1.00230194e+00 1.16972247e-03 4.07505948e-01 2.74000000e+02 7.00000000e+00
4.04920158e+03 1.00377145e+00 1.05047871e-03 4.12470498e-01 2.76000000e+02 7.00000000e+00
4.04922024e+03 1.00155881e+00 1.05047871e-03 4.17448334e-01 2.77000000e+02 7.00000000e+00
4.04923896e+03 1.00091090e+00 1.05047871e-03 4.22443021e-01 2.73000000e+02 7.00000000e+00
4.04925765e+03 1.00214182e+00 1.05047871e-03 4.27429430e-01 2.74000000e+02 7.00000000e+00
4.04927653e+03 1.00061086e+00 1.05047871e-03 4.32467434e-01 2.74000000e+02 7.00000000e+00
4.04929539e+03 1.00215117e+00 1.05047871e-03 4.37500400e-01 2.76000000e+02 7.00000000e+00
4.04931414e+03 1.00240394e+00 1.40000102e-03 4.42502469e-01 2.82000000e+02 7.00000000e+00
4.04933293e+03 1.00191995e+00 1.05047871e-03 4.47517807e-01 2.82000000e+02 7.00000000e+00
4.04935169e+03 1.00128254e+00 1.29020303e-03 4.52521741e-01 2.91000000e+02 7.00000000e+00
4.04936528e+03 1.00107651e+00 1.55782014e-03 4.56148396e-01 1.27000000e+02 7.00000000e+00
4.04937494e+03 1.00202574e+00 1.05047871e-03 4.58726062e-01 1.81000000e+02 7.00000000e+00
4.04938644e+03 1.00065371e+00 1.05047871e-03 4.61794091e-01 1.80000000e+02 7.00000000e+00
4.04939847e+03 9.95136419e-01 1.05047871e-03 4.65003185e-01 1.79000000e+02 7.00000000e+00
4.04941004e+03 9.83581542e-01 1.05047871e-03 4.68091328e-01 1.79000000e+02 7.00000000e+00
4.04942167e+03 9.67674917e-01 1.48855146e-03 4.71193883e-01 1.82000000e+02 7.00000000e+00
4.04943342e+03 9.46161416e-01 1.46326510e-03 4.74327720e-01 1.80000000e+02 7.00000000e+00
4.04944506e+03 9.27652006e-01 1.05047871e-03 4.77434672e-01 1.81000000e+02 7.00000000e+00
4.04945679e+03 9.03043316e-01 3.54312453e-03 4.80565376e-01 1.82000000e+02 7.00000000e+00
4.04946839e+03 8.82630751e-01 3.85469033e-03 4.83659605e-01 1.83000000e+02 7.00000000e+00
4.04948050e+03 8.64364982e-01 5.67946215e-03 4.86891441e-01 1.82000000e+02 7.00000000e+00
4.04949204e+03 8.42998194e-01 4.42180816e-03 4.89970191e-01 1.81000000e+02 7.00000000e+00
4.04950379e+03 8.22956392e-01 6.35906757e-03 4.93103734e-01 1.86000000e+02 7.00000000e+00
4.04951547e+03 8.18073261e-01 7.26891453e-03 4.96220346e-01 1.82000000e+02 6.00000000e+00
4.04952726e+03 8.16016563e-01 4.73900471e-03 4.99367844e-01 1.88000000e+02 7.00000000e+00
4.04953901e+03 8.15702214e-01 8.56484507e-03 5.02500630e-01 1.85000000e+02 6.00000000e+00
4.04955067e+03 8.20099296e-01 4.00535030e-03 5.05612574e-01 1.89000000e+02 7.00000000e+00
4.04956232e+03 8.31917634e-01 5.40145800e-03 5.08721034e-01 1.85000000e+02 7.00000000e+00
4.04957389e+03 8.40512454e-01 5.01782610e-03 5.11808794e-01 1.87000000e+02 7.00000000e+00
4.04958552e+03 8.59125434e-01 4.83492561e-03 5.14910711e-01 1.85000000e+02 7.00000000e+00
4.04959716e+03 8.82915377e-01 3.60326862e-03 5.18016214e-01 1.79000000e+02 7.00000000e+00
4.04960881e+03 9.03048887e-01 2.98328481e-03 5.21126233e-01 1.82000000e+02 7.00000000e+00
4.04962065e+03 9.27678717e-01 4.40363270e-03 5.24285211e-01 1.81000000e+02 7.00000000e+00
4.04963225e+03 9.47944485e-01 1.05047871e-03 5.27378541e-01 1.80000000e+02 7.00000000e+00
4.04964389e+03 9.67510962e-01 1.24608431e-03 5.30486287e-01 1.82000000e+02 7.00000000e+00
4.04965552e+03 9.84717648e-01 1.05047871e-03 5.33588624e-01 1.77000000e+02 7.00000000e+00
4.04966728e+03 9.94232996e-01 1.05047871e-03 5.36726019e-01 1.73000000e+02 6.00000000e+00
4.04967879e+03 1.00090466e+00 1.05047871e-03 5.39797135e-01 1.76000000e+02 7.00000000e+00
4.04969062e+03 9.99652657e-01 1.05047871e-03 5.42953907e-01 1.81000000e+02 7.00000000e+00
4.04970254e+03 1.00245187e+00 1.46606521e-03 5.46134137e-01 1.73000000e+02 6.00000000e+00
4.04971437e+03 1.00202052e+00 1.05047871e-03 5.49290887e-01 1.78000000e+02 7.00000000e+00
4.04972786e+03 1.00178633e+00 1.05047871e-03 5.52889728e-01 2.26000000e+02 7.00000000e+00
4.04974520e+03 1.00235093e+00 1.79907144e-03 5.57516278e-01 2.76000000e+02 7.00000000e+00
4.04976382e+03 1.00234137e+00 1.05047871e-03 5.62485987e-01 2.72000000e+02 7.00000000e+00
4.04978257e+03 1.00052459e+00 1.05047871e-03 5.67487625e-01 2.68000000e+02 7.00000000e+00
4.04980125e+03 1.00146779e+00 1.05047871e-03 5.72470560e-01 2.73000000e+02 7.00000000e+00
4.04982014e+03 1.00139717e+00 1.05047871e-03 5.77512097e-01 2.75000000e+02 7.00000000e+00
4.04983892e+03 1.00163929e+00 1.05047871e-03 5.82521350e-01 2.75000000e+02 7.00000000e+00
4.04985765e+03 1.00185825e+00 1.05047871e-03 5.87520457e-01 2.75000000e+02 7.00000000e+00
4.04987638e+03 1.00192301e+00 1.11510434e-03 5.92518757e-01 2.80000000e+02 7.00000000e+00
4.04989521e+03 1.00286362e+00 1.05047871e-03 5.97542256e-01 2.76000000e+02 7.00000000e+00
4.04991389e+03 1.00331778e+00 1.52270800e-03 6.02526656e-01 2.81000000e+02 7.00000000e+00
4.04993263e+03 1.00285250e+00 1.08914323e-03 6.07526331e-01 2.82000000e+02 7.00000000e+00
4.04995126e+03 1.00331471e+00 1.05047871e-03 6.12496147e-01 2.95000000e+02 7.00000000e+00
4.04996984e+03 1.00198458e+00 1.05047871e-03 6.17455346e-01 2.85000000e+02 7.00000000e+00
4.04998871e+03 1.00159949e+00 1.05047871e-03 6.22489847e-01 2.85000000e+02 7.00000000e+00
4.05000753e+03 1.00318411e+00 1.05047871e-03 6.27511512e-01 2.86000000e+02 7.00000000e+00
4.05002628e+03 1.00382944e+00 1.05047871e-03 6.32512948e-01 2.91000000e+02 7.00000000e+00
4.05004513e+03 1.00329445e+00 1.05047871e-03 6.37542556e-01 2.97000000e+02 7.00000000e+00
4.05006380e+03 1.00458867e+00 1.05047871e-03 6.42524457e-01 2.99000000e+02 7.00000000e+00
4.05008244e+03 1.00274445e+00 1.05047871e-03 6.47496998e-01 2.97000000e+02 7.00000000e+00
4.05010123e+03 1.00490675e+00 1.05047871e-03 6.52511201e-01 2.98000000e+02 7.00000000e+00
4.05011992e+03 1.00467279e+00 1.40326150e-03 6.57497650e-01 2.99000000e+02 7.00000000e+00
4.05013874e+03 1.00390443e+00 1.46093214e-03 6.62519705e-01 3.01000000e+02 7.00000000e+00
4.05015730e+03 1.00494369e+00 1.08106053e-03 6.67470674e-01 2.98000000e+02 7.00000000e+00
4.05017613e+03 1.00379916e+00 1.42927441e-03 6.72496058e-01 3.00000000e+02 7.00000000e+00
4.05019488e+03 1.00381315e+00 1.05047871e-03 6.77499173e-01 2.99000000e+02 7.00000000e+00
4.05021362e+03 1.00399473e+00 1.05047871e-03 6.82497815e-01 3.00000000e+02 7.00000000e+00
4.05023241e+03 1.00474535e+00 1.05047871e-03 6.87512045e-01 3.00000000e+02 7.00000000e+00
4.05025130e+03 1.00292191e+00 1.16582822e-03 6.92552374e-01 2.97000000e+02 7.00000000e+00
4.05026991e+03 1.00535347e+00 1.05047871e-03 6.97517772e-01 2.97000000e+02 7.00000000e+00
4.05028867e+03 1.00380865e+00 1.61377071e-03 7.02522385e-01 2.95000000e+02 7.00000000e+00
4.05030730e+03 1.00420189e+00 1.05047871e-03 7.07494034e-01 2.95000000e+02 7.00000000e+00
4.05032610e+03 1.00448053e+00 1.05047871e-03 7.12510903e-01 2.90000000e+02 7.00000000e+00
4.05034478e+03 1.00290120e+00 1.09546104e-03 7.17494680e-01 2.95000000e+02 7.00000000e+00
4.05036345e+03 1.00516956e+00 1.23057500e-03 7.22474841e-01 2.91000000e+02 7.00000000e+00
4.05038224e+03 1.00343571e+00 1.05047871e-03 7.27490112e-01 2.92000000e+02 7.00000000e+00
4.05040106e+03 1.00448854e+00 1.05047871e-03 7.32510908e-01 2.93000000e+02 7.00000000e+00
4.05041971e+03 1.00306030e+00 1.41853262e-03 7.37487529e-01 2.94000000e+02 7.00000000e+00
4.05043835e+03 1.00264935e+00 1.16561318e-03 7.42460407e-01 2.80000000e+02 7.00000000e+00
4.05045727e+03 1.00473646e+00 1.05047871e-03 7.47507426e-01 2.76000000e+02 7.00000000e+00
4.05047596e+03 1.00397028e+00 1.05047871e-03 7.52493859e-01 2.77000000e+02 7.00000000e+00
4.05049464e+03 1.00129418e+00 1.05047871e-03 7.57478419e-01 2.78000000e+02 7.00000000e+00
4.05051343e+03 1.00201694e+00 1.05047871e-03 7.62493580e-01 2.78000000e+02 7.00000000e+00
4.05053228e+03 1.00352518e+00 1.05047871e-03 7.67521783e-01 2.79000000e+02 7.00000000e+00
4.05055085e+03 1.00198326e+00 1.36155217e-03 7.72478029e-01 2.78000000e+02 7.00000000e+00
4.05056957e+03 1.00187180e+00 1.05047871e-03 7.77471645e-01 2.79000000e+02 7.00000000e+00
4.05058841e+03 1.00123823e+00 1.05047871e-03 7.82498278e-01 2.77000000e+02 7.00000000e+00
4.05060718e+03 1.00242936e+00 1.05047871e-03 7.87507623e-01 2.78000000e+02 7.00000000e+00
4.05062588e+03 1.00029295e+00 1.05047871e-03 7.92495004e-01 2.75000000e+02 7.00000000e+00
4.05064492e+03 1.00215754e+00 1.05047871e-03 7.97576886e-01 2.80000000e+02 7.00000000e+00
