# Time Flux Flux_Err Phase N
1.572148666707222901e+03 1.000240970000000118e+00 5.749580108039729302e-04 -1.958333333333333592e-01 1.000000000000000000e+01
1.572188591528192092e+03 9.994307300000000449e-01 6.607528130000259355e-04 -1.875000000000000000e-01 9.000000000000000000e+00
1.572228516349161282e+03 9.994297125000000115e-01 4.000000000000000192e-04 -1.791666666666666963e-01 8.000000000000000000e+00
1.572268441170130700e+03 1.000300289499999939e+00 7.038511000981782480e-04 -1.708333333333333370e-01 8.000000000000000000e+00
1.572308365991099890e+03 1.000490914999999870e+00 4.474450457403424857e-04 -1.625000000000000333e-01 6.000000000000000000e+00
1.572348290812069081e+03 1.000987580000000099e+00 4.000000000000000192e-04 -1.541666666666666741e-01 7.000000000000000000e+00
1.572388215633038271e+03 1.000533300000000070e+00 4.000000000000000192e-04 -1.458333333333333426e-01 7.000000000000000000e+00
1.572428140454007689e+03 1.000271754999999985e+00 4.000000000000000192e-04 -1.375000000000000111e-01 8.000000000000000000e+00
1.572468065274976880e+03 1.000214684999999992e+00 4.000000000000000192e-04 -1.291666666666666796e-01 8.000000000000000000e+00
1.572507990095946070e+03 1.000228322999999975e+00 4.000000000000000192e-04 -1.208333333333333481e-01 8.000000000000000000e+00
1.572547914916915261e+03 1.000099979999999888e+00 5.531391055869914249e-04 -1.125000000000000167e-01 8.000000000000000000e+00
1.572587839737884451e+03 1.000246004999999938e+00 4.043864894000307689e-04 -1.041666666666666852e-01 8.000000000000000000e+00
1.572627764558853869e+03 1.000538649999999974e+00 4.791052517667937342e-04 -9.583333333333333981e-02 7.000000000000000000e+00
1.572667689379823059e+03 1.001332260000000085e+00 4.000000000000000192e-04 -8.750000000000000833e-02 8.000000000000000000e+00
1.572707614200792250e+03 1.000047480000000100e+00 4.000000000000000192e-04 -7.916666666666667684e-02 8.000000000000000000e+00
1.572747539021761440e+03 1.000390595000000049e+00 4.000000000000000192e-04 -7.083333333333334536e-02 8.000000000000000000e+00
1.572787463842730631e+03 1.000875095000000048e+00 4.000000000000000192e-04 -6.250000000000001388e-02 6.000000000000000000e+00
1.572827388663700049e+03 1.000331709999999985e+00 8.296447851392428326e-04 -5.416666666666668239e-02 7.000000000000000000e+00
1.572867313484669239e+03 1.001421090000000014e+00 4.000000000000000192e-04 -4.583333333333335091e-02 7.000000000000000000e+00
1.572907238305638430e+03 1.000517579999999906e+00 4.000000000000000192e-04 -3.750000000000001943e-02 8.000000000000000000e+00
1.572947163126607620e+03 9.985272080000000550e-01 6.396295663309312183e-04 -2.916666666666668795e-02 8.000000000000000000e+00
1.572987087947576811e+03 9.933493509999999915e-01 5.072444162155143217e-04 -2.083333333333335646e-02 8.000000000000000000e+00
1.573066937589515419e+03 9.913524489999999689e-01 4.000000000000000192e-04 -4.166666666666679619e-03 4.000000000000000000e+00
1.573106862410484609e+03 9.931825555000000083e-01 4.037365083615047727e-04 4.166666666666665741e-03 8.000000000000000000e+00
1.573146787231453800e+03 9.990571169999999945e-01 5.064717774648525711e-04 1.249999999999999722e-02 8.000000000000000000e+00
1.573186712052423218e+03 1.000461599999999951e+00 4.000000000000000192e-04 2.083333333333332871e-02 9.000000000000000000e+00
1.573226636873392408e+03 9.997772320000000157e-01 4.000000000000000192e-04 2.916666666666666019e-02 9.000000000000000000e+00
1.573266561694361599e+03 1.000492095000000026e+00 4.000000000000000192e-04 3.749999999999999167e-02 6.000000000000000000e+00
1.573306486515330789e+03 1.000610439999999990e+00 4.000000000000000192e-04 4.583333333333332316e-02 7.000000000000000000e+00
1.573346411336299980e+03 1.000292270000000094e+00 5.094997274922740587e-04 5.416666666666664076e-02 7.000000000000000000e+00
1.573386336157269398e+03 9.990504970000000373e-01 4.000000000000000192e-04 6.249999999999997224e-02 8.000000000000000000e+00
1.573426260978238588e+03 1.000010467000000070e+00 5.089687005915674491e-04 7.083333333333333148e-02 8.000000000000000000e+00
1.573466185799207778e+03 9.991218829999999329e-01 4.000000000000000192e-04 7.916666666666666297e-02 8.000000000000000000e+00
1.573506110620176969e+03 9.994621209999999811e-01 4.000000000000000192e-04 8.749999999999999445e-02 8.000000000000000000e+00
1.573546035441146159e+03 9.986562805000001042e-01 4.000000000000000192e-04 9.583333333333332593e-02 8.000000000000000000e+00
1.573585960262115577e+03 9.986699640000000766e-01 5.996081739384515963e-04 1.041666666666666574e-01 1.000000000000000000e+01
1.573625885083084768e+03 9.998385119999999571e-01 4.000000000000000192e-04 1.124999999999999889e-01 9.000000000000000000e+00
1.573665809904053958e+03 9.994333949999999467e-01 5.118211951999979614e-04 1.208333333333333204e-01 9.000000000000000000e+00
1.573705734725023149e+03 9.998786360000000428e-01 4.000000000000000192e-04 1.291666666666666519e-01 8.000000000000000000e+00
1.573745659545992339e+03 1.000014847000000096e+00 4.000000000000000192e-04 1.374999999999999833e-01 6.000000000000000000e+00
1.573785584366961757e+03 1.000218998000000026e+00 6.369054119298488484e-04 1.458333333333333148e-01 8.000000000000000000e+00
1.573825509187930948e+03 1.000528138499999997e+00 6.606454451845466310e-04 1.541666666666666463e-01 8.000000000000000000e+00
1.573865434008900138e+03 9.996435559999999887e-01 4.052178073999938477e-04 1.624999999999999778e-01 9.000000000000000000e+00
1.573905358829869328e+03 9.992930520000000705e-01 5.719924870417592531e-04 1.708333333333333093e-01 8.000000000000000000e+00
1.573945283650838746e+03 9.993869845000000751e-01 4.000000000000000192e-04 1.791666666666666408e-01 8.000000000000000000e+00
1.573985208471807937e+03 1.000431465000000131e+00 4.160376616051180906e-04 1.874999999999999722e-01 8.000000000000000000e+00
1.574025133292777127e+03 1.000413420000000109e+00 4.000000000000000192e-04 1.958333333333333315e-01 8.000000000000000000e+00
1.574065058113746318e+03 9.993516669999999991e-01 4.000000000000000192e-04 2.041666666666666630e-01 7.000000000000000000e+00
1.574104982934715508e+03 1.000430080000000110e+00 4.000000000000000192e-04 2.124999999999999944e-01 9.000000000000000000e+00
1.574144907755684926e+03 9.998097744999999703e-01 6.802907266483976560e-04 2.208333333333333259e-01 1.000000000000000000e+01
1.574184832576654117e+03 1.000416065000000021e+00 8.428626243902029476e-04 2.291666666666666574e-01 1.000000000000000000e+01
1.574224757397623307e+03 1.000325700000000095e+00 9.388945452323952702e-04 2.374999999999999889e-01 7.000000000000000000e+00
1.574264682218592498e+03 9.997237439999999697e-01 4.592513381429974735e-04 2.458333333333333204e-01 7.000000000000000000e+00
1.574304607039561688e+03 1.002091180000000081e+00 7.730424660000273463e-04 2.541666666666666519e-01 9.000000000000000000e+00
1.574344531860531106e+03 1.000759819999999856e+00 4.883087749219060638e-04 2.624999999999999556e-01 1.000000000000000000e+01
1.574384456681500296e+03 1.000700149999999899e+00 5.733858775131642780e-04 2.708333333333333148e-01 1.100000000000000000e+01
1.574424381502469487e+03 1.001658390000000010e+00 4.000000000000000192e-04 2.791666666666666741e-01 1.000000000000000000e+01
1.574464306323438677e+03 1.000682840000000073e+00 6.204671116000105716e-04 2.874999999999999778e-01 9.000000000000000000e+00
1.574504231144407868e+03 1.000912459999999893e+00 6.716505676880107304e-04 2.958333333333332815e-01 8.000000000000000000e+00
1.574544155965377286e+03 1.000018910500000135e+00 4.969181045547337418e-04 3.041666666666666408e-01 8.000000000000000000e+00
1.574584080786346476e+03 1.000692200000000032e+00 4.000000000000000192e-04 3.124999999999999445e-01 8.000000000000000000e+00
1.574624005607315667e+03 9.998446149999999921e-01 4.000000000000000192e-04 3.208333333333333037e-01 1.000000000000000000e+01
1.574663930428284857e+03 1.000845800000000008e+00 4.000000000000000192e-04 3.291666666666666630e-01 9.000000000000000000e+00
1.574703855249254275e+03 1.000171139999999959e+00 4.000000000000000192e-04 3.374999999999999667e-01 8.000000000000000000e+00
1.574743780070223465e+03 1.000776110000000108e+00 6.360892678000316632e-04 3.458333333333333259e-01 9.000000000000000000e+00
1.574783704891192656e+03 9.993540260000000064e-01 4.000000000000000192e-04 3.541666666666666852e-01 9.000000000000000000e+00
1.574823629712161846e+03 1.000152970000000030e+00 5.645830662462722601e-04 3.624999999999999889e-01 1.000000000000000000e+01
1.574863554533131037e+03 9.988500590000000123e-01 7.701232723181261099e-04 3.708333333333332926e-01 1.100000000000000000e+01
1.574903479354100455e+03 9.992202494999999907e-01 4.716851403619679874e-04 3.791666666666666519e-01 1.000000000000000000e+01
1.574943404175069645e+03 9.997521305000000025e-01 4.835130178665349968e-04 3.875000000000000111e-01 1.000000000000000000e+01
1.574983328996038836e+03 9.991888549999999869e-01 4.000000000000000192e-04 3.958333333333333148e-01 1.100000000000000000e+01
1.575023253817008026e+03 9.989859509999999831e-01 4.022779686384355584e-04 4.041666666666666186e-01 1.100000000000000000e+01
1.575063178637977217e+03 9.989688209999999513e-01 4.000000000000000192e-04 4.124999999999999778e-01 1.100000000000000000e+01
1.575103103458946634e+03 9.990269744999999979e-01 4.815565242400448296e-04 4.208333333333333370e-01 1.200000000000000000e+01
1.575143028279915825e+03 9.997569609999999996e-01 4.034536331306457987e-04 4.291666666666666408e-01 1.100000000000000000e+01
1.575182953100885015e+03 1.000197420000000115e+00 7.886573761026598748e-04 4.374999999999999445e-01 8.000000000000000000e+00
1.575222877921854206e+03 9.992044270000000061e-01 5.827670009467658717e-04 4.458333333333333037e-01 7.000000000000000000e+00
1.575262802742823396e+03 9.994791599999999221e-01 4.000000000000000192e-04 4.541666666666666630e-01 1.000000000000000000e+01
1.575302727563792814e+03 9.997979369999999699e-01 5.173460190581764947e-04 4.624999999999999667e-01 1.100000000000000000e+01
1.575342652384762005e+03 9.992703849999999832e-01 5.829172532937452068e-04 4.708333333333333259e-01 1.100000000000000000e+01
1.575382577205731195e+03 9.987205795000000386e-01 4.000000000000000192e-04 4.791666666666666852e-01 1.200000000000000000e+01
1.575422502026700386e+03 9.976486715000000283e-01 4.224986459993817470e-04 4.874999999999999889e-01 1.200000000000000000e+01
1.575462426847669803e+03 9.977608255000000037e-01 4.111776750069086957e-04 4.958333333333332926e-01 1.200000000000000000e+01
1.575502351668638994e+03 9.991947299999999199e-01 5.971077661120538288e-04 5.041666666666666519e-01 1.200000000000000000e+01
1.575542276489608184e+03 9.989918209999999466e-01 7.251663665761663019e-04 5.124999999999999556e-01 1.200000000000000000e+01
1.575582201310577375e+03 1.000214095000000025e+00 4.839123938439324809e-04 5.208333333333332593e-01 1.200000000000000000e+01
1.575622126131546565e+03 1.000154594500000105e+00 5.089166252791881180e-04 5.291666666666665630e-01 1.200000000000000000e+01
1.575662050952515983e+03 9.997456160000000036e-01 4.093056045341465364e-04 5.374999999999999778e-01 1.000000000000000000e+01
1.575701975773485174e+03 9.986829139999999772e-01 5.243259378000138249e-04 5.458333333333333925e-01 9.000000000000000000e+00
1.575741900594454364e+03 1.000673820000000047e+00 4.002762287270675875e-04 5.541666666666666963e-01 1.000000000000000000e+01
1.575781825415423555e+03 9.998203585000000615e-01 6.360096808570207079e-04 5.625000000000000000e-01 1.200000000000000000e+01
1.575821750236392745e+03 1.000283625000000010e+00 4.000000000000000192e-04 5.708333333333333037e-01 1.200000000000000000e+01
1.575861675057362163e+03 9.999289280000001057e-01 4.000000000000000192e-04 5.791666666666666075e-01 1.200000000000000000e+01
1.575901599878331353e+03 9.999741564999999888e-01 4.000000000000000192e-04 5.874999999999999112e-01 1.200000000000000000e+01
1.575941524699300544e+03 1.000555080000000041e+00 4.698418026733789114e-04 5.958333333333333259e-01 1.200000000000000000e+01
1.575981449520269734e+03 1.000590804999999861e+00 4.000000000000000192e-04 6.041666666666667407e-01 1.200000000000000000e+01
1.576021374341238925e+03 1.000594474999999983e+00 4.000000000000000192e-04 6.125000000000000444e-01 1.200000000000000000e+01
1.576061299162208343e+03 1.000776745000000023e+00 4.000000000000000192e-04 6.208333333333333481e-01 1.200000000000000000e+01
1.576101223983177533e+03 1.000211160000000099e+00 4.000000000000000192e-04 6.291666666666666519e-01 1.200000000000000000e+01
1.576141148804146724e+03 1.000598520000000047e+00 4.587336895087231890e-04 6.374999999999999556e-01 1.000000000000000000e+01
1.576181073625115914e+03 9.996288319999999672e-01 4.000000000000000192e-04 6.458333333333332593e-01 9.000000000000000000e+00
1.576220998446085332e+03 1.000555120000000020e+00 5.241662141751661638e-04 6.541666666666665630e-01 1.100000000000000000e+01
1.576260923267054523e+03 1.000094065999999948e+00 4.000000000000000192e-04 6.624999999999999778e-01 1.200000000000000000e+01
1.576300848088023713e+03 1.000166054999999998e+00 4.000000000000000192e-04 6.708333333333333925e-01 1.200000000000000000e+01
1.576340772908992903e+03 1.000646160000000062e+00 4.000000000000000192e-04 6.791666666666666963e-01 1.100000000000000000e+01
1.576380697729962094e+03 1.000113405000000011e+00 4.000000000000000192e-04 6.875000000000000000e-01 1.200000000000000000e+01
1.576420622550931512e+03 1.000096265000000040e+00 4.000000000000000192e-04 6.958333333333333037e-01 1.200000000000000000e+01
1.576460547371900702e+03 9.998090514999999900e-01 4.000000000000000192e-04 7.041666666666666075e-01 1.200000000000000000e+01
1.576500472192869893e+03 9.997671799999999775e-01 4.000000000000000192e-04 7.124999999999999112e-01 1.100000000000000000e+01
1.576540397013839083e+03 1.000024628999999887e+00 4.722320413889582883e-04 7.208333333333332149e-01 1.000000000000000000e+01
1.576580321834808274e+03 9.997181674999999768e-01 4.000000000000000192e-04 7.291666666666666297e-01 1.000000000000000000e+01
1.576620246655777692e+03 9.998296709999999754e-01 4.704250264000048049e-04 7.375000000000000444e-01 9.000000000000000000e+00
1.576660171476746882e+03 9.998110820000000176e-01 4.797149344657035018e-04 7.458333333333333481e-01 7.000000000000000000e+00
1.576700096297716073e+03 9.999166959999999937e-01 5.080316696000174029e-04 7.541666666666666519e-01 9.000000000000000000e+00
1.576740021118685263e+03 1.000183561000000054e+00 4.000000000000000192e-04 7.624999999999999556e-01 1.000000000000000000e+01
1.576779945939654453e+03 1.000684630000000075e+00 4.000000000000000192e-04 7.708333333333332593e-01 1.000000000000000000e+01
1.576819870760623871e+03 1.000397529999999868e+00 4.000000000000000192e-04 7.791666666666665630e-01 1.000000000000000000e+01
1.576859795581593062e+03 1.000270800000000015e+00 4.000000000000000192e-04 7.874999999999999778e-01 1.000000000000000000e+01
1.576899720402562252e+03 1.000072630000000018e+00 5.763544486169510468e-04 7.958333333333333925e-01 1.000000000000000000e+01
