# Time Flux Flux_Err Phase N
1.572148666707222901e+03 1.000757525000000037e+00 4.000000000000000192e-04 -1.958333333333333592e-01 2.200000000000000000e+01
1.572188591528192092e+03 1.000567699999999949e+00 4.000000000000000192e-04 -1.875000000000000000e-01 2.300000000000000000e+01
1.572228516349161282e+03 1.001189220000000102e+00 4.000000000000000192e-04 -1.791666666666666963e-01 2.400000000000000000e+01
1.572268441170130700e+03 1.000281680000000062e+00 4.000000000000000192e-04 -1.708333333333333370e-01 2.300000000000000000e+01
1.572308365991099890e+03 1.000301939999999945e+00 4.000000000000000192e-04 -1.625000000000000333e-01 2.200000000000000000e+01
1.572348290812069081e+03 1.000157460000000054e+00 4.000000000000000192e-04 -1.541666666666666741e-01 2.300000000000000000e+01
1.572388215633038271e+03 9.997959054999999706e-01 4.000000000000000192e-04 -1.458333333333333426e-01 2.400000000000000000e+01
1.572428140454007689e+03 9.996488070000000281e-01 4.000000000000000192e-04 -1.375000000000000111e-01 2.300000000000000000e+01
1.572468065274976880e+03 9.998964830000000026e-01 4.911012234418009499e-04 -1.291666666666666796e-01 2.200000000000000000e+01
1.572507990095946070e+03 1.000175700000000001e+00 4.630103583092645561e-04 -1.208333333333333481e-01 2.300000000000000000e+01
1.572547914916915261e+03 9.995482959999999473e-01 4.000000000000000192e-04 -1.125000000000000167e-01 2.400000000000000000e+01
1.572587839737884451e+03 1.000265069999999978e+00 4.000000000000000192e-04 -1.041666666666666852e-01 2.300000000000000000e+01
1.572627764558853869e+03 9.999527889999999530e-01 4.086652231810302478e-04 -9.583333333333333981e-02 2.200000000000000000e+01
1.572667689379823059e+03 9.991697250000000086e-01 4.198832984877330296e-04 -8.750000000000000833e-02 2.300000000000000000e+01
1.572707614200792250e+03 9.993831605000000895e-01 4.000000000000000192e-04 -7.916666666666667684e-02 2.400000000000000000e+01
1.572747539021761440e+03 9.988634960000000174e-01 4.000000000000000192e-04 -7.083333333333334536e-02 2.300000000000000000e+01
1.572787463842730631e+03 9.991510534999999971e-01 4.000000000000000192e-04 -6.250000000000001388e-02 2.200000000000000000e+01
1.572827388663700049e+03 9.988157180000000190e-01 4.000000000000000192e-04 -5.416666666666668239e-02 2.500000000000000000e+01
1.572867313484669239e+03 9.996097280000000307e-01 4.172633863410664173e-04 -4.583333333333335091e-02 3.000000000000000000e+01
1.572907238305638430e+03 1.000185080000000060e+00 4.000000000000000192e-04 -3.750000000000001943e-02 2.900000000000000000e+01
1.572947163126607620e+03 1.000074029999999947e+00 4.000000000000000192e-04 -2.916666666666668795e-02 2.700000000000000000e+01
1.572987087947576811e+03 9.996398039999999652e-01 4.000000000000000192e-04 -2.083333333333335646e-02 2.900000000000000000e+01
1.573027012768546228e+03 9.994533820000000013e-01 4.000000000000000192e-04 -1.250000000000002498e-02 3.000000000000000000e+01
1.573066937589515419e+03 9.938779030000000070e-01 4.659558696969201053e-04 -4.166666666666679619e-03 2.700000000000000000e+01
1.573106862410484609e+03 9.906335715000000874e-01 4.000000000000000192e-04 4.166666666666665741e-03 8.000000000000000000e+00
1.573226636873392408e+03 9.930904219999999727e-01 5.288004167936683235e-04 2.916666666666666019e-02 2.300000000000000000e+01
1.573266561694361599e+03 9.990794299999999906e-01 4.000000000000000192e-04 3.749999999999999167e-02 2.700000000000000000e+01
1.573306486515330789e+03 9.999359890000000251e-01 4.000000000000000192e-04 4.583333333333332316e-02 2.900000000000000000e+01
1.573346411336299980e+03 9.995442454999999837e-01 4.000000000000000192e-04 5.416666666666664076e-02 3.000000000000000000e+01
1.573386336157269398e+03 1.000050319999999937e+00 4.000000000000000192e-04 6.249999999999997224e-02 2.900000000000000000e+01
1.573426260978238588e+03 9.999115130000000295e-01 4.027283726041976423e-04 7.083333333333333148e-02 2.700000000000000000e+01
1.573466185799207778e+03 1.000050560000000033e+00 4.000000000000000192e-04 7.916666666666666297e-02 2.900000000000000000e+01
1.573506110620176969e+03 1.000201284999999940e+00 4.000000000000000192e-04 8.749999999999999445e-02 3.000000000000000000e+01
1.573546035441146159e+03 1.000461990000000023e+00 4.000000000000000192e-04 9.583333333333332593e-02 2.800000000000000000e+01
1.573585960262115577e+03 9.997567574999999263e-01 4.000000000000000192e-04 1.041666666666666574e-01 2.800000000000000000e+01
1.573625885083084768e+03 1.000497310000000084e+00 4.000000000000000192e-04 1.124999999999999889e-01 2.900000000000000000e+01
1.573665809904053958e+03 1.000289659999999969e+00 4.000000000000000192e-04 1.208333333333333204e-01 3.000000000000000000e+01
1.573705734725023149e+03 1.000876574999999935e+00 4.000000000000000192e-04 1.291666666666666519e-01 2.800000000000000000e+01
1.573745659545992339e+03 1.000627039999999912e+00 4.087582071403623226e-04 1.374999999999999833e-01 2.800000000000000000e+01
1.573785584366961757e+03 1.000306729999999922e+00 4.000000000000000192e-04 1.458333333333333148e-01 2.900000000000000000e+01
1.573825509187930948e+03 1.000276940000000003e+00 4.000000000000000192e-04 1.541666666666666463e-01 3.000000000000000000e+01
1.573865434008900138e+03 1.000004386000000078e+00 4.000000000000000192e-04 1.624999999999999778e-01 2.800000000000000000e+01
1.573905358829869328e+03 9.996892239999999319e-01 4.000000000000000192e-04 1.708333333333333093e-01 2.800000000000000000e+01
1.573945283650838746e+03 9.993230429999999664e-01 4.000000000000000192e-04 1.791666666666666408e-01 2.900000000000000000e+01
1.573985208471807937e+03 9.995887619999999085e-01 4.000000000000000192e-04 1.874999999999999722e-01 3.000000000000000000e+01
1.574025133292777127e+03 1.000148020000000137e+00 4.000000000000000192e-04 1.958333333333333315e-01 2.800000000000000000e+01
1.574065058113746318e+03 9.997235360000000792e-01 4.000000000000000192e-04 2.041666666666666630e-01 2.800000000000000000e+01
1.574104982934715508e+03 1.000345459999999909e+00 4.000000000000000192e-04 2.124999999999999944e-01 2.500000000000000000e+01
1.574144907755684926e+03 1.000516150000000160e+00 4.000000000000000192e-04 2.208333333333333259e-01 3.000000000000000000e+01
1.574184832576654117e+03 1.000491530000000129e+00 4.000000000000000192e-04 2.291666666666666574e-01 2.800000000000000000e+01
1.574224757397623307e+03 1.000355775000000058e+00 4.000000000000000192e-04 2.374999999999999889e-01 2.800000000000000000e+01
1.574264682218592498e+03 9.996222989999999919e-01 4.000000000000000192e-04 2.458333333333333204e-01 3.100000000000000000e+01
1.574304607039561688e+03 1.000273229999999902e+00 4.000000000000000192e-04 2.541666666666666519e-01 3.600000000000000000e+01
1.574344531860531106e+03 1.000404850000000012e+00 4.000000000000000192e-04 2.624999999999999556e-01 3.400000000000000000e+01
1.574384456681500296e+03 1.000173479999999948e+00 4.000000000000000192e-04 2.708333333333333148e-01 3.400000000000000000e+01
1.574424381502469487e+03 1.000409555000000061e+00 4.000000000000000192e-04 2.791666666666666741e-01 3.400000000000000000e+01
1.574464306323438677e+03 1.000830464999999947e+00 4.000000000000000192e-04 2.874999999999999778e-01 3.600000000000000000e+01
1.574504231144407868e+03 1.000421189999999960e+00 4.000000000000000192e-04 2.958333333333332815e-01 3.400000000000000000e+01
1.574544155965377286e+03 1.000908340000000063e+00 4.000000000000000192e-04 3.041666666666666408e-01 3.300000000000000000e+01
1.574584080786346476e+03 1.000130744999999877e+00 4.000000000000000192e-04 3.124999999999999445e-01 3.400000000000000000e+01
1.574624005607315667e+03 1.000365149999999925e+00 4.000000000000000192e-04 3.208333333333333037e-01 3.600000000000000000e+01
1.574663930428284857e+03 9.998482305000000459e-01 4.000000000000000192e-04 3.291666666666666630e-01 3.400000000000000000e+01
1.574703855249254275e+03 9.991765219999999559e-01 4.000000000000000192e-04 3.374999999999999667e-01 3.400000000000000000e+01
1.574743780070223465e+03 9.991033369999999803e-01 4.000000000000000192e-04 3.458333333333333259e-01 3.400000000000000000e+01
1.574783704891192656e+03 1.000028794999999970e+00 4.000000000000000192e-04 3.541666666666666852e-01 3.600000000000000000e+01
1.574823629712161846e+03 1.000019564500000069e+00 4.000000000000000192e-04 3.624999999999999889e-01 3.400000000000000000e+01
1.574863554533131037e+03 1.000028200000000034e+00 4.000000000000000192e-04 3.708333333333332926e-01 3.400000000000000000e+01
1.574903479354100455e+03 1.000098020000000032e+00 4.000000000000000192e-04 3.791666666666666519e-01 3.400000000000000000e+01
1.574943404175069645e+03 9.999038510000000102e-01 4.000000000000000192e-04 3.875000000000000111e-01 3.600000000000000000e+01
1.574983328996038836e+03 9.998487915000000559e-01 4.000000000000000192e-04 3.958333333333333148e-01 3.400000000000000000e+01
1.575023253817008026e+03 1.000159339999999952e+00 4.000000000000000192e-04 4.041666666666666186e-01 3.400000000000000000e+01
1.575063178637977217e+03 1.000117864999999995e+00 4.000000000000000192e-04 4.124999999999999778e-01 3.400000000000000000e+01
1.575103103458946634e+03 9.997592269999999726e-01 4.000000000000000192e-04 4.208333333333333370e-01 3.600000000000000000e+01
1.575143028279915825e+03 9.990931590000000639e-01 4.000000000000000192e-04 4.291666666666666408e-01 3.400000000000000000e+01
1.575182953100885015e+03 1.000387059999999995e+00 4.000000000000000192e-04 4.374999999999999445e-01 3.300000000000000000e+01
1.575222877921854206e+03 9.999945510000000093e-01 4.000000000000000192e-04 4.458333333333333037e-01 3.100000000000000000e+01
1.575262802742823396e+03 9.999965210000000271e-01 4.000000000000000192e-04 4.541666666666666630e-01 3.600000000000000000e+01
1.575302727563792814e+03 9.999345950000000371e-01 4.000000000000000192e-04 4.624999999999999667e-01 3.400000000000000000e+01
1.575342652384762005e+03 9.995271905000000512e-01 4.000000000000000192e-04 4.708333333333333259e-01 3.400000000000000000e+01
1.575382577205731195e+03 1.000012985000000132e+00 4.000000000000000192e-04 4.791666666666666852e-01 3.400000000000000000e+01
1.575422502026700386e+03 9.997339204999999840e-01 4.000000000000000192e-04 4.874999999999999889e-01 3.600000000000000000e+01
1.575462426847669803e+03 9.981134069999999525e-01 4.000000000000000192e-04 4.958333333333332926e-01 3.400000000000000000e+01
1.575502351668638994e+03 9.977283109999999233e-01 4.000000000000000192e-04 5.041666666666666519e-01 3.400000000000000000e+01
1.575542276489608184e+03 9.974143985000000212e-01 4.000000000000000192e-04 5.124999999999999556e-01 3.400000000000000000e+01
1.575582201310577375e+03 9.976304240000000156e-01 4.000000000000000192e-04 5.208333333333332593e-01 3.600000000000000000e+01
1.575622126131546565e+03 9.989489759999999885e-01 5.459721467585568417e-04 5.291666666666665630e-01 2.900000000000000000e+01
1.575662050952515983e+03 9.998923615000000487e-01 4.000000000000000192e-04 5.374999999999999778e-01 2.800000000000000000e+01
1.575701975773485174e+03 1.000625819999999999e+00 4.000000000000000192e-04 5.458333333333333925e-01 2.800000000000000000e+01
1.575741900594454364e+03 9.998669805000000022e-01 4.000000000000000192e-04 5.541666666666666963e-01 3.000000000000000000e+01
1.575781825415423555e+03 9.995141429999999660e-01 4.000000000000000192e-04 5.625000000000000000e-01 2.900000000000000000e+01
1.575821750236392745e+03 1.000484554999999887e+00 4.000000000000000192e-04 5.708333333333333037e-01 2.800000000000000000e+01
1.575861675057362163e+03 9.999994285000000094e-01 4.000000000000000192e-04 5.791666666666666075e-01 2.800000000000000000e+01
1.575901599878331353e+03 1.000199369999999810e+00 4.000000000000000192e-04 5.874999999999999112e-01 3.000000000000000000e+01
1.575941524699300544e+03 1.000117399999999934e+00 4.000000000000000192e-04 5.958333333333333259e-01 2.900000000000000000e+01
1.575981449520269734e+03 1.000582694999999855e+00 4.000000000000000192e-04 6.041666666666667407e-01 2.800000000000000000e+01
1.576021374341238925e+03 1.001124974999999973e+00 4.000000000000000192e-04 6.125000000000000444e-01 2.800000000000000000e+01
1.576061299162208343e+03 1.001081200000000004e+00 4.450647133840183144e-04 6.208333333333333481e-01 3.000000000000000000e+01
1.576101223983177533e+03 1.000609019999999960e+00 4.000000000000000192e-04 6.291666666666666519e-01 2.900000000000000000e+01
1.576141148804146724e+03 1.000206095000000017e+00 4.000000000000000192e-04 6.374999999999999556e-01 2.800000000000000000e+01
1.576181073625115914e+03 9.997801925000000534e-01 4.000000000000000192e-04 6.458333333333332593e-01 2.800000000000000000e+01
1.576220998446085332e+03 1.000599479999999986e+00 4.000000000000000192e-04 6.541666666666665630e-01 3.000000000000000000e+01
1.576260923267054523e+03 1.000240629999999964e+00 4.000000000000000192e-04 6.624999999999999778e-01 2.900000000000000000e+01
1.576300848088023713e+03 1.000334009999999996e+00 4.000000000000000192e-04 6.708333333333333925e-01 2.800000000000000000e+01
1.576340772908992903e+03 9.998626429999999399e-01 4.000000000000000192e-04 6.791666666666666963e-01 2.800000000000000000e+01
1.576380697729962094e+03 1.000212230000000035e+00 4.000000000000000192e-04 6.875000000000000000e-01 3.000000000000000000e+01
1.576420622550931512e+03 1.000482859999999974e+00 4.000000000000000192e-04 6.958333333333333037e-01 2.700000000000000000e+01
1.576460547371900702e+03 1.000704189999999993e+00 4.000000000000000192e-04 7.041666666666666075e-01 2.300000000000000000e+01
1.576500472192869893e+03 1.001213439999999899e+00 4.000000000000000192e-04 7.124999999999999112e-01 2.200000000000000000e+01
1.576540397013839083e+03 1.000484404999999910e+00 4.000000000000000192e-04 7.208333333333332149e-01 2.400000000000000000e+01
1.576580321834808274e+03 1.000558250000000093e+00 4.000000000000000192e-04 7.291666666666666297e-01 2.300000000000000000e+01
1.576620246655777692e+03 1.000294250000000051e+00 4.000000000000000192e-04 7.375000000000000444e-01 2.200000000000000000e+01
1.576660171476746882e+03 1.000509239999999966e+00 4.000000000000000192e-04 7.458333333333333481e-01 2.300000000000000000e+01
1.576700096297716073e+03 1.000688905000000073e+00 4.000000000000000192e-04 7.541666666666666519e-01 2.400000000000000000e+01
1.576740021118685263e+03 9.999063259999999564e-01 4.000000000000000192e-04 7.624999999999999556e-01 2.300000000000000000e+01
1.576779945939654453e+03 1.000100960000000150e+00 4.124847133962532210e-04 7.708333333333332593e-01 2.200000000000000000e+01
1.576819870760623871e+03 1.000377410000000022e+00 4.000000000000000192e-04 7.791666666666665630e-01 2.300000000000000000e+01
1.576859795581593062e+03 9.997100265000000707e-01 4.000000000000000192e-04 7.874999999999999778e-01 2.400000000000000000e+01
1.576899720402562252e+03 1.000455929999999993e+00 4.000000000000000192e-04 7.958333333333333925e-01 2.300000000000000000e+01
