# Time Flux Flux_Err Phase N
1.572148666707222901e+03 9.997609434999998879e-01 5.181101073026890980e-04 -1.958333333333333592e-01 8.000000000000000000e+00
1.572188591528192092e+03 1.000129084999999973e+00 4.888997497589902402e-04 -1.875000000000000000e-01 8.000000000000000000e+00
1.572228516349161282e+03 1.000566650000000113e+00 5.445907066686766617e-04 -1.791666666666666963e-01 6.000000000000000000e+00
1.572268441170130700e+03 9.994764345000000105e-01 6.587447267554581752e-04 -1.708333333333333370e-01 6.000000000000000000e+00
1.572308365991099890e+03 9.999585650000000214e-01 4.000000000000000192e-04 -1.625000000000000333e-01 7.000000000000000000e+00
1.572348290812069081e+03 9.997757004999999753e-01 4.000000000000000192e-04 -1.541666666666666741e-01 8.000000000000000000e+00
1.572388215633038271e+03 9.998227760000000242e-01 5.892366412479544020e-04 -1.458333333333333426e-01 8.000000000000000000e+00
1.572428140454007689e+03 9.997817799999999533e-01 4.000000000000000192e-04 -1.375000000000000111e-01 8.000000000000000000e+00
1.572468065274976880e+03 1.000398279999999973e+00 5.324313120000133751e-04 -1.291666666666666796e-01 9.000000000000000000e+00
1.572507990095946070e+03 1.000056929999999955e+00 5.502032965085732049e-04 -1.208333333333333481e-01 1.000000000000000000e+01
1.572547914916915261e+03 1.000307929999999956e+00 4.000000000000000192e-04 -1.125000000000000167e-01 1.000000000000000000e+01
1.572587839737884451e+03 9.992182384999999112e-01 4.280029152557238300e-04 -1.041666666666666852e-01 1.000000000000000000e+01
1.572627764558853869e+03 9.996961529999999208e-01 4.620964392867834918e-04 -9.583333333333333981e-02 1.000000000000000000e+01
1.572667689379823059e+03 1.000403589999999898e+00 4.000000000000000192e-04 -8.750000000000000833e-02 9.000000000000000000e+00
1.572707614200792250e+03 9.998166920000000069e-01 4.803531960411878813e-04 -7.916666666666667684e-02 7.000000000000000000e+00
1.572747539021761440e+03 9.995787265000000144e-01 4.000000000000000192e-04 -7.083333333333334536e-02 8.000000000000000000e+00
1.572787463842730631e+03 9.996714209999999490e-01 4.000000000000000192e-04 -6.250000000000001388e-02 1.000000000000000000e+01
1.572827388663700049e+03 9.988231960000000242e-01 4.000000000000000192e-04 -5.416666666666668239e-02 1.000000000000000000e+01
1.572867313484669239e+03 9.990067569999999675e-01 4.131884033385410486e-04 -4.583333333333335091e-02 1.100000000000000000e+01
1.572907238305638430e+03 9.988556465000000273e-01 5.008948133096101894e-04 -3.750000000000001943e-02 1.200000000000000000e+01
1.572947163126607620e+03 9.950787054999999937e-01 9.030513202701049083e-04 -2.916666666666668795e-02 1.200000000000000000e+01
1.573106862410484609e+03 9.931202829999999926e-01 1.631338588136424734e-03 4.166666666666665741e-03 3.000000000000000000e+00
1.573146787231453800e+03 9.976670119999999642e-01 7.357491456000418489e-04 1.249999999999999722e-02 9.000000000000000000e+00
1.573186712052423218e+03 9.987508739999999552e-01 9.460906463128695596e-04 2.083333333333332871e-02 8.000000000000000000e+00
1.573226636873392408e+03 1.000046580000000018e+00 4.000000000000000192e-04 2.916666666666666019e-02 9.000000000000000000e+00
1.573266561694361599e+03 1.000344844999999872e+00 4.243323724864327324e-04 3.749999999999999167e-02 1.000000000000000000e+01
1.573306486515330789e+03 9.995945219999999853e-01 4.000000000000000192e-04 4.583333333333332316e-02 1.000000000000000000e+01
1.573346411336299980e+03 9.992713199999999629e-01 5.546946001699972493e-04 5.416666666666664076e-02 1.100000000000000000e+01
1.573386336157269398e+03 9.999625814999999474e-01 4.000000000000000192e-04 6.249999999999997224e-02 1.000000000000000000e+01
1.573426260978238588e+03 1.000134464999999917e+00 4.000000000000000192e-04 7.083333333333333148e-02 1.000000000000000000e+01
1.573466185799207778e+03 1.000205690000000036e+00 4.000000000000000192e-04 7.916666666666666297e-02 9.000000000000000000e+00
1.573506110620176969e+03 9.999659855000000430e-01 4.000000000000000192e-04 8.749999999999999445e-02 1.000000000000000000e+01
1.573546035441146159e+03 1.000597811000000004e+00 4.005929296646605913e-04 9.583333333333332593e-02 1.000000000000000000e+01
1.573585960262115577e+03 1.000419109999999945e+00 4.192150340000470985e-04 1.041666666666666574e-01 9.000000000000000000e+00
1.573625885083084768e+03 1.001223919999999934e+00 4.140350605812449791e-04 1.124999999999999889e-01 1.100000000000000000e+01
1.573665809904053958e+03 1.000377999999999989e+00 4.000000000000000192e-04 1.208333333333333204e-01 7.000000000000000000e+00
1.573705734725023149e+03 1.000672175000000053e+00 4.000000000000000192e-04 1.291666666666666519e-01 1.000000000000000000e+01
1.573745659545992339e+03 1.001248560000000065e+00 4.000000000000000192e-04 1.374999999999999833e-01 1.100000000000000000e+01
1.573785584366961757e+03 1.000376590000000121e+00 4.000000000000000192e-04 1.458333333333333148e-01 1.200000000000000000e+01
1.573825509187930948e+03 1.000851555000000115e+00 5.591700822709853814e-04 1.541666666666666463e-01 1.000000000000000000e+01
1.573865434008900138e+03 1.000362909999999994e+00 4.000000000000000192e-04 1.624999999999999778e-01 1.100000000000000000e+01
1.573905358829869328e+03 1.000855940000000111e+00 4.295620994000738158e-04 1.708333333333333093e-01 9.000000000000000000e+00
1.573945283650838746e+03 1.000979845000000035e+00 4.000000000000000192e-04 1.791666666666666408e-01 1.000000000000000000e+01
1.573985208471807937e+03 1.000045829999999913e+00 6.441385289081854150e-04 1.874999999999999722e-01 1.100000000000000000e+01
1.574025133292777127e+03 1.000783790000000062e+00 4.000000000000000192e-04 1.958333333333333315e-01 1.200000000000000000e+01
1.574065058113746318e+03 1.000087955000000139e+00 4.000000000000000192e-04 2.041666666666666630e-01 1.200000000000000000e+01
1.574104982934715508e+03 9.996512629999999566e-01 4.283696739924825977e-04 2.124999999999999944e-01 1.100000000000000000e+01
1.574144907755684926e+03 9.997864480000000498e-01 4.000000000000000192e-04 2.208333333333333259e-01 8.000000000000000000e+00
1.574184832576654117e+03 9.997462759999999893e-01 5.026772925168797356e-04 2.291666666666666574e-01 1.000000000000000000e+01
1.574224757397623307e+03 1.000387284999999959e+00 4.000000000000000192e-04 2.374999999999999889e-01 1.000000000000000000e+01
1.574264682218592498e+03 1.000662390000000013e+00 4.000000000000000192e-04 2.458333333333333204e-01 1.000000000000000000e+01
1.574304607039561688e+03 1.000721989999999950e+00 4.000000000000000192e-04 2.541666666666666519e-01 1.200000000000000000e+01
1.574344531860531106e+03 1.000305674999999894e+00 4.000000000000000192e-04 2.624999999999999556e-01 1.000000000000000000e+01
1.574384456681500296e+03 1.000705190000000133e+00 4.873455136600382542e-04 2.708333333333333148e-01 1.200000000000000000e+01
1.574424381502469487e+03 9.999223919999999932e-01 4.000000000000000192e-04 2.791666666666666741e-01 1.200000000000000000e+01
1.574464306323438677e+03 1.001521400000000117e+00 4.000000000000000192e-04 2.874999999999999778e-01 1.200000000000000000e+01
1.574504231144407868e+03 1.000832329999999937e+00 4.000000000000000192e-04 2.958333333333332815e-01 1.200000000000000000e+01
1.574544155965377286e+03 1.000559079999999934e+00 4.000000000000000192e-04 3.041666666666666408e-01 1.200000000000000000e+01
1.574584080786346476e+03 1.000556259999999975e+00 4.000000000000000192e-04 3.124999999999999445e-01 1.200000000000000000e+01
1.574624005607315667e+03 1.001204760000000027e+00 4.017302160832748534e-04 3.208333333333333037e-01 8.000000000000000000e+00
1.574663930428284857e+03 1.001073789999999963e+00 4.000000000000000192e-04 3.291666666666666630e-01 9.000000000000000000e+00
1.574703855249254275e+03 1.000881965000000040e+00 4.000000000000000192e-04 3.374999999999999667e-01 1.200000000000000000e+01
1.574743780070223465e+03 1.000034340000000022e+00 4.000000000000000192e-04 3.458333333333333259e-01 1.200000000000000000e+01
1.574783704891192656e+03 1.000197521500000075e+00 4.000000000000000192e-04 3.541666666666666852e-01 1.200000000000000000e+01
1.574823629712161846e+03 9.998600520000000547e-01 4.287438303347186098e-04 3.624999999999999889e-01 1.100000000000000000e+01
1.574863554533131037e+03 9.991572294999999659e-01 4.000000000000000192e-04 3.708333333333332926e-01 1.200000000000000000e+01
1.574903479354100455e+03 1.000903805000000091e+00 4.000000000000000192e-04 3.791666666666666519e-01 1.200000000000000000e+01
1.574943404175069645e+03 9.993411119999999759e-01 4.000000000000000192e-04 3.875000000000000111e-01 1.200000000000000000e+01
1.574983328996038836e+03 9.994617640000000858e-01 5.349788473876102490e-04 3.958333333333333148e-01 1.200000000000000000e+01
1.575023253817008026e+03 1.000188140499999934e+00 4.000000000000000192e-04 4.041666666666666186e-01 1.200000000000000000e+01
1.575063178637977217e+03 1.000130910500000025e+00 4.406481935257332803e-04 4.124999999999999778e-01 1.200000000000000000e+01
1.575103103458946634e+03 1.000658480000000017e+00 4.000000000000000192e-04 4.208333333333333370e-01 9.000000000000000000e+00
1.575143028279915825e+03 1.000302159999999940e+00 5.076358153999650921e-04 4.291666666666666408e-01 9.000000000000000000e+00
1.575182953100885015e+03 1.000201225000000083e+00 4.170021875765704631e-04 4.374999999999999445e-01 1.200000000000000000e+01
1.575222877921854206e+03 9.996559299999999704e-01 4.000000000000000192e-04 4.458333333333333037e-01 1.200000000000000000e+01
1.575262802742823396e+03 1.000029394999999877e+00 4.000000000000000192e-04 4.541666666666666630e-01 1.200000000000000000e+01
1.575302727563792814e+03 9.996789859999999361e-01 4.000000000000000192e-04 4.624999999999999667e-01 1.200000000000000000e+01
1.575342652384762005e+03 9.991495209999999849e-01 4.000000000000000192e-04 4.708333333333333259e-01 1.200000000000000000e+01
1.575382577205731195e+03 9.985386350000000633e-01 4.000000000000000192e-04 4.791666666666666852e-01 1.200000000000000000e+01
1.575422502026700386e+03 9.967681795000000733e-01 4.000000000000000192e-04 4.874999999999999889e-01 1.200000000000000000e+01
1.575462426847669803e+03 9.981045825000000038e-01 4.000000000000000192e-04 4.958333333333332926e-01 1.200000000000000000e+01
1.575502351668638994e+03 9.983457734999999778e-01 4.000000000000000192e-04 5.041666666666666519e-01 1.200000000000000000e+01
1.575542276489608184e+03 9.998009144999999709e-01 4.000000000000000192e-04 5.124999999999999556e-01 1.200000000000000000e+01
1.575582201310577375e+03 9.996846209999999955e-01 4.126560115999880203e-04 5.208333333333332593e-01 9.000000000000000000e+00
1.575622126131546565e+03 9.995542554999999885e-01 4.000000000000000192e-04 5.291666666666665630e-01 8.000000000000000000e+00
1.575662050952515983e+03 9.995727249999999398e-01 4.000000000000000192e-04 5.374999999999999778e-01 1.200000000000000000e+01
1.575701975773485174e+03 1.000056819999999957e+00 4.000000000000000192e-04 5.458333333333333925e-01 1.100000000000000000e+01
1.575741900594454364e+03 9.996850109999999567e-01 4.000000000000000192e-04 5.541666666666666963e-01 1.200000000000000000e+01
1.575781825415423555e+03 1.000134912999999903e+00 4.187892587967107644e-04 5.625000000000000000e-01 1.200000000000000000e+01
1.575821750236392745e+03 9.998068705000000556e-01 4.000000000000000192e-04 5.708333333333333037e-01 1.200000000000000000e+01
1.575861675057362163e+03 9.998320965000000449e-01 4.000000000000000192e-04 5.791666666666666075e-01 1.200000000000000000e+01
1.575901599878331353e+03 9.997761275000000003e-01 4.000000000000000192e-04 5.874999999999999112e-01 1.200000000000000000e+01
1.575941524699300544e+03 1.000204375000000034e+00 4.000000000000000192e-04 5.958333333333333259e-01 1.200000000000000000e+01
1.575981449520269734e+03 9.989451830000000143e-01 4.023603429999889698e-04 6.041666666666667407e-01 9.000000000000000000e+00
1.576021374341238925e+03 9.999112445000000182e-01 7.651081437334872641e-04 6.125000000000000444e-01 8.000000000000000000e+00
1.576061299162208343e+03 9.999198670000000178e-01 4.000000000000000192e-04 6.208333333333333481e-01 6.000000000000000000e+00
1.576101223983177533e+03 1.000079457500000046e+00 6.278578540004961907e-04 6.291666666666666519e-01 6.000000000000000000e+00
1.576141148804146724e+03 9.993823069999999698e-01 4.703217385999631443e-04 6.374999999999999556e-01 9.000000000000000000e+00
1.576181073625115914e+03 1.000124585000000010e+00 4.000000000000000192e-04 6.458333333333332593e-01 8.000000000000000000e+00
1.576220998446085332e+03 1.000126245000000136e+00 4.000000000000000192e-04 6.541666666666665630e-01 6.000000000000000000e+00
1.576260923267054523e+03 1.000294100000000075e+00 5.356353902474862531e-04 6.624999999999999778e-01 7.000000000000000000e+00
1.576300848088023713e+03 1.000821079999999919e+00 4.901949765936917686e-04 6.708333333333333925e-01 7.000000000000000000e+00
1.576340772908992903e+03 9.997867604999999269e-01 4.000000000000000192e-04 6.791666666666666963e-01 8.000000000000000000e+00
1.576380697729962094e+03 1.000308734999999949e+00 6.292846463419753036e-04 6.875000000000000000e-01 8.000000000000000000e+00
1.576420622550931512e+03 9.995339020000000296e-01 4.000000000000000192e-04 6.958333333333333037e-01 8.000000000000000000e+00
1.576460547371900702e+03 9.997767779999999771e-01 4.000000000000000192e-04 7.041666666666666075e-01 7.000000000000000000e+00
1.576500472192869893e+03 9.995517414999999239e-01 4.000000000000000192e-04 7.124999999999999112e-01 8.000000000000000000e+00
1.576540397013839083e+03 1.000391919999999990e+00 4.000000000000000192e-04 7.208333333333332149e-01 6.000000000000000000e+00
1.576580321834808274e+03 9.986976690000000101e-01 7.430184362936147549e-04 7.291666666666666297e-01 6.000000000000000000e+00
1.576620246655777692e+03 9.993938749999999871e-01 5.521511790207649746e-04 7.375000000000000444e-01 7.000000000000000000e+00
1.576660171476746882e+03 1.000695775000000065e+00 4.000000000000000192e-04 7.458333333333333481e-01 8.000000000000000000e+00
1.576700096297716073e+03 1.000149636499999994e+00 5.375348430574903484e-04 7.541666666666666519e-01 8.000000000000000000e+00
1.576740021118685263e+03 1.000564039999999988e+00 4.000000000000000192e-04 7.624999999999999556e-01 8.000000000000000000e+00
1.576779945939654453e+03 1.000187159999999853e+00 4.000000000000000192e-04 7.708333333333332593e-01 8.000000000000000000e+00
1.576819870760623871e+03 1.000659820000000089e+00 6.136557231248828412e-04 7.791666666666665630e-01 7.000000000000000000e+00
1.576859795581593062e+03 1.000735730000000157e+00 7.006245208377276075e-04 7.874999999999999778e-01 8.000000000000000000e+00
1.576899720402562252e+03 9.994428699999999832e-01 6.323851607314838518e-04 7.958333333333333925e-01 8.000000000000000000e+00
