J073937.23-363011.8 114.9051634 -36.5033033 174666938 0.9551075
J221843.61+544715.0 334.6817202 54.787516 421726669 1.669235
J102247.90-620315.5 155.6996189 -62.0543175 378848943 2.21361
J024542.12+480837.8 41.4255194 48.1438506 302314851 6.86388
J204142.75+463029.3 310.4281404 46.5081552 195689667 2.3934
J173224.94-364153.9 263.1039395 -36.6983182 266856605 2.95901
J223949.47+583254.4 339.9561496 58.5484699 388547574 3.092195
J112938.82-595344.5 172.4117668 -59.8956952 451708707 1.9167
J045439.87-671306.0 73.6661638 -67.2183603 30113254 1.78892
J232537.66+613847.9 351.4069445 61.64666 270022476 1.9221
J231201.40+532028.6 348.0058494 53.3413022 252741805 6.84952
J053749.52-664011.4 84.4563438 -66.6698483 277316707 1.93247
J124645.61-653628.5 191.6900569 -65.6079363 460811412 3.7479
J223553.38+500414.8 338.9724335 50.0707924 428102518 10.9206
J160415.99-562627.3 241.0666265 -56.4409375 427406031 2.20776
J141909.42-565518.1 214.789264 -56.921701 413284814 16.6336
J045912.77+165543.8 74.8032443 16.9288582 59131142 1.02268
J220912.52+582025.0 332.3022015 58.3402926 328749091 1.48126
J033226.58+520357.1 53.1107836 52.0658716 285674460 1.44709
J231908.57+582521.6 349.7857299 58.4226936 318849816 20.482
