J073130.12-365327.0 112.8755032 -36.8908348 173756330 1.75392
J080957.52-490820.1 122.4896966 -49.1389297 238616135 4.93112
J003939.39+614202.9 9.9141633 61.7008269 284443090 19.0586
J110859.18-564050.5 167.2466071 -56.6807178 307878702 4.87762
J082053.67-622336.3 125.223665 -62.393431 309551309 5.69808
J032319.22+512329.3 50.8301234 51.3914824 252821942 4.506485
J092405.70-525157.7 141.0237793 -52.8660457 295953805 2.19456
J081322.28-382618.0 123.3428585 -38.4383448 182307712 1.80379
J061254.94+090208.8 93.2289447 9.0357892 153406662 2.51888
J120618.38-694753.7 181.5765978 -69.7982709 311840827 0.874596
J204812.11+495943.7 312.0504935 49.9954876 365489252 4.85269
J155027.29-573926.7 237.6137159 -57.6574243 79508775 2.87651
J211600.67+643212.2 319.0028113 64.5367339 259967623 4.598855
