# Time Flux Flux_Err Phase N NSector
3.38670066e+03 1.01261600e+00 4.11864172e-04 -1.97533370e-01 3.27000000e+02 8.00000000e+00
3.38670903e+03 1.01141211e+00 7.25000993e-04 -1.92519239e-01 3.31000000e+02 8.00000000e+00
3.38671746e+03 1.01087849e+00 4.41780698e-04 -1.87466559e-01 3.27000000e+02 8.00000000e+00
3.38672583e+03 1.01064019e+00 4.11864172e-04 -1.82450967e-01 3.25000000e+02 8.00000000e+00
3.38673406e+03 1.00942721e+00 6.46619568e-04 -1.77525304e-01 3.18000000e+02 8.00000000e+00
3.38674233e+03 1.00916067e+00 4.11864172e-04 -1.72566085e-01 3.20000000e+02 8.00000000e+00
3.38675073e+03 1.00743848e+00 4.97688199e-04 -1.67537273e-01 3.23000000e+02 8.00000000e+00
3.38675916e+03 1.00687580e+00 4.11864172e-04 -1.62486528e-01 3.22000000e+02 8.00000000e+00
3.38676755e+03 1.00580315e+00 4.11864172e-04 -1.57459767e-01 3.23000000e+02 8.00000000e+00
3.38677583e+03 1.00480522e+00 4.11864172e-04 -1.52500508e-01 3.19000000e+02 8.00000000e+00
3.38678414e+03 1.00392084e+00 4.11864172e-04 -1.47522596e-01 3.23000000e+02 8.00000000e+00
3.38679252e+03 1.00221444e+00 4.11864172e-04 -1.42501419e-01 3.23000000e+02 8.00000000e+00
3.38680097e+03 1.00179245e+00 4.11864172e-04 -1.37436698e-01 3.21000000e+02 8.00000000e+00
3.38680931e+03 1.00060644e+00 4.11864172e-04 -1.32441214e-01 3.22000000e+02 8.00000000e+00
3.38681752e+03 9.99693068e-01 4.99399410e-04 -1.27527285e-01 3.25000000e+02 8.00000000e+00
3.38682585e+03 9.98503958e-01 5.86991670e-04 -1.22533728e-01 3.21000000e+02 8.00000000e+00
3.38683431e+03 9.97320230e-01 5.14869234e-04 -1.17466730e-01 3.25000000e+02 8.00000000e+00
3.38684266e+03 9.96064513e-01 4.12044360e-04 -1.12464032e-01 3.18000000e+02 8.00000000e+00
3.38685100e+03 9.95056404e-01 5.00033981e-04 -1.07465315e-01 3.21000000e+02 8.00000000e+00
3.38685921e+03 9.94136387e-01 4.96973665e-04 -1.02552266e-01 3.19000000e+02 8.00000000e+00
3.38686755e+03 9.92909491e-01 4.87565205e-04 -9.75522188e-02 3.22000000e+02 8.00000000e+00
3.38687601e+03 9.92252947e-01 5.93766096e-04 -9.24834307e-02 3.27000000e+02 8.00000000e+00
3.38688438e+03 9.91075345e-01 4.41240309e-04 -8.74741044e-02 3.19000000e+02 8.00000000e+00
3.38688999e+03 9.90242867e-01 4.29972562e-04 -8.41088094e-02 1.11000000e+02 6.00000000e+00
3.38689620e+03 9.89875676e-01 4.11864172e-04 -8.03917764e-02 3.56000000e+02 8.00000000e+00
3.38690537e+03 9.88694157e-01 4.11864172e-04 -7.48941500e-02 3.57000000e+02 8.00000000e+00
3.38691472e+03 9.87588055e-01 4.11864172e-04 -6.92972984e-02 3.58000000e+02 8.00000000e+00
3.38692387e+03 9.83485782e-01 4.11864172e-04 -6.38143985e-02 3.60000000e+02 8.00000000e+00
3.38693324e+03 9.76280553e-01 5.77043879e-04 -5.82034871e-02 3.58000000e+02 8.00000000e+00
3.38694245e+03 9.65425287e-01 7.24540567e-04 -5.26823415e-02 3.68000000e+02 8.00000000e+00
3.38695167e+03 9.52030601e-01 8.57721749e-04 -4.71603228e-02 3.59000000e+02 8.00000000e+00
3.38696097e+03 9.38838307e-01 5.85237242e-04 -4.15887480e-02 3.68000000e+02 8.00000000e+00
3.38697014e+03 9.24651819e-01 7.62287599e-04 -3.60932751e-02 3.59000000e+02 8.00000000e+00
3.38697949e+03 9.10573588e-01 1.09061260e-03 -3.04951547e-02 3.60000000e+02 8.00000000e+00
3.38698864e+03 8.97988191e-01 7.87484680e-04 -2.50096468e-02 3.56000000e+02 8.00000000e+00
3.38699794e+03 8.86323542e-01 6.94458331e-04 -1.94394153e-02 3.44000000e+02 6.00000000e+00
3.38700727e+03 8.79144529e-01 5.81433636e-04 -1.38547650e-02 3.44000000e+02 6.00000000e+00
3.38701652e+03 8.74398506e-01 4.11864172e-04 -8.30796850e-03 3.44000000e+02 6.00000000e+00
3.38702578e+03 8.72020866e-01 4.57732071e-04 -2.76117202e-03 3.44000000e+02 6.00000000e+00
3.38703504e+03 8.71865440e-01 4.11864172e-04 2.78562446e-03 3.44000000e+02 6.00000000e+00
3.38704426e+03 8.73746740e-01 4.42579910e-04 8.30732888e-03 3.43000000e+02 6.00000000e+00
3.38705356e+03 8.78734700e-01 5.75466645e-04 1.38792172e-02 3.44000000e+02 6.00000000e+00
3.38706282e+03 8.85510825e-01 4.11864172e-04 1.94260135e-02 3.44000000e+02 6.00000000e+00
3.38707202e+03 8.96719421e-01 4.52421264e-04 2.49355655e-02 3.42000000e+02 6.00000000e+00
3.38708138e+03 9.10097107e-01 8.55074634e-04 3.05452537e-02 3.53000000e+02 8.00000000e+00
3.38709052e+03 9.24459041e-01 1.00388853e-03 3.60174672e-02 3.49000000e+02 8.00000000e+00
3.38709990e+03 9.38555608e-01 1.17301976e-03 4.16408172e-02 3.48000000e+02 8.00000000e+00
3.38710911e+03 9.52449657e-01 1.00686652e-03 4.71599946e-02 3.56000000e+02 8.00000000e+00
3.38711831e+03 9.65043766e-01 6.14582976e-04 5.26699273e-02 3.44000000e+02 7.00000000e+00
3.38712763e+03 9.76163651e-01 4.11864172e-04 5.82535868e-02 3.56000000e+02 8.00000000e+00
3.38713685e+03 9.84071377e-01 4.11864172e-04 6.37749771e-02 3.49000000e+02 8.00000000e+00
3.38714619e+03 9.88306588e-01 4.48818837e-04 6.93726770e-02 3.52000000e+02 8.00000000e+00
3.38715530e+03 9.88440725e-01 4.11864172e-04 7.48262812e-02 3.51000000e+02 8.00000000e+00
3.38716472e+03 9.89595020e-01 4.11864172e-04 8.04720117e-02 3.47000000e+02 8.00000000e+00
3.38717078e+03 9.89944997e-01 4.11864172e-04 8.41038253e-02 1.09000000e+02 6.00000000e+00
3.38717637e+03 9.91462070e-01 4.11864172e-04 8.74477171e-02 3.17000000e+02 8.00000000e+00
3.38718490e+03 9.92707295e-01 4.11864172e-04 9.25614111e-02 3.10000000e+02 8.00000000e+00
3.38719314e+03 9.93315415e-01 4.59639791e-04 9.74975239e-02 3.27000000e+02 8.00000000e+00
3.38720150e+03 9.94468523e-01 4.11864172e-04 1.02505705e-01 3.14000000e+02 7.00000000e+00
3.38720991e+03 9.95231272e-01 4.11864172e-04 1.07541309e-01 3.27000000e+02 8.00000000e+00
3.38721808e+03 9.96721836e-01 4.11864172e-04 1.12439383e-01 3.22000000e+02 8.00000000e+00
3.38722658e+03 9.97891744e-01 4.11864172e-04 1.17530791e-01 3.22000000e+02 8.00000000e+00
3.38723481e+03 9.98976955e-01 4.11864172e-04 1.22459157e-01 3.35000000e+02 8.00000000e+00
3.38724322e+03 1.00032839e+00 4.11864172e-04 1.27499613e-01 3.22000000e+02 8.00000000e+00
3.38725158e+03 1.00132621e+00 4.11864172e-04 1.32503995e-01 3.32000000e+02 8.00000000e+00
3.38725987e+03 1.00295174e+00 4.11864172e-04 1.37470811e-01 3.28000000e+02 8.00000000e+00
3.38726839e+03 1.00352240e+00 4.11864172e-04 1.42578360e-01 3.30000000e+02 8.00000000e+00
3.38727673e+03 1.00445187e+00 4.11864172e-04 1.47571183e-01 3.31000000e+02 8.00000000e+00
3.38728496e+03 1.00530884e+00 4.11864172e-04 1.52504037e-01 3.23000000e+02 8.00000000e+00
3.38729326e+03 1.00644961e+00 4.11864172e-04 1.57472535e-01 3.34000000e+02 8.00000000e+00
3.38730154e+03 1.00735114e+00 4.11864172e-04 1.62438477e-01 3.31000000e+02 8.00000000e+00
3.38731009e+03 1.00844746e+00 4.11864172e-04 1.67559287e-01 3.24000000e+02 8.00000000e+00
3.38731841e+03 1.00938180e+00 4.11864172e-04 1.72544383e-01 3.28000000e+02 8.00000000e+00
3.38732674e+03 1.01015034e+00 4.11864172e-04 1.77535029e-01 3.17000000e+02 8.00000000e+00
3.38733493e+03 1.01116527e+00 4.11864172e-04 1.82440303e-01 3.27000000e+02 8.00000000e+00
3.38734326e+03 1.01184342e+00 4.11864172e-04 1.87428390e-01 3.25000000e+02 8.00000000e+00
3.38735179e+03 1.01306601e+00 4.11864172e-04 1.92540903e-01 3.29000000e+02 8.00000000e+00
3.38736013e+03 1.01344892e+00 4.11864172e-04 1.97532489e-01 3.33000000e+02 8.00000000e+00
3.38736843e+03 1.01472234e+00 4.11864172e-04 2.02505802e-01 3.20000000e+02 8.00000000e+00
3.38737674e+03 1.01511965e+00 4.11864172e-04 2.07484949e-01 3.32000000e+02 8.00000000e+00
3.38738499e+03 1.01528482e+00 4.63169839e-04 2.12425346e-01 3.29000000e+02 8.00000000e+00
3.38739358e+03 1.01556166e+00 6.18092217e-04 2.17571004e-01 3.26000000e+02 8.00000000e+00
3.38740194e+03 1.01631394e+00 5.73297527e-04 2.22579868e-01 3.32000000e+02 8.00000000e+00
3.38741015e+03 1.01672256e+00 4.35060337e-04 2.27497544e-01 3.17000000e+02 8.00000000e+00
3.38741843e+03 1.01682242e+00 4.11864172e-04 2.32463023e-01 3.27000000e+02 8.00000000e+00
3.38742671e+03 1.01715262e+00 4.11864172e-04 2.37421187e-01 3.27000000e+02 8.00000000e+00
3.38743524e+03 1.01716598e+00 4.11864172e-04 2.42531731e-01 3.16000000e+02 8.00000000e+00
3.38744360e+03 1.01670587e+00 5.43220072e-04 2.47540844e-01 3.22000000e+02 8.00000000e+00
3.38745183e+03 1.01733874e+00 6.18780836e-04 2.52468155e-01 3.11000000e+02 8.00000000e+00
3.38746021e+03 1.01656165e+00 5.89077846e-04 2.57488762e-01 3.19000000e+02 8.00000000e+00
3.38746848e+03 1.01706932e+00 4.11864172e-04 2.62446715e-01 3.22000000e+02 8.00000000e+00
3.38747700e+03 1.01648741e+00 4.19539246e-04 2.67550615e-01 3.14000000e+02 8.00000000e+00
3.38748537e+03 1.01627319e+00 4.48873025e-04 2.72561871e-01 3.21000000e+02 8.00000000e+00
3.38749357e+03 1.01561430e+00 5.55133302e-04 2.77474005e-01 3.09000000e+02 8.00000000e+00
3.38750192e+03 1.01472377e+00 8.00276691e-04 2.82475761e-01 3.22000000e+02 8.00000000e+00
3.38751023e+03 1.01502980e+00 4.55396017e-04 2.87452533e-01 3.22000000e+02 8.00000000e+00
3.38751870e+03 1.01425369e+00 4.47588891e-04 2.92528101e-01 3.20000000e+02 8.00000000e+00
3.38752705e+03 1.01404015e+00 4.11864172e-04 2.97532037e-01 3.30000000e+02 8.00000000e+00
3.38753538e+03 1.01325561e+00 4.11864172e-04 3.02523391e-01 3.19000000e+02 8.00000000e+00
3.38754369e+03 1.01222692e+00 6.23857270e-04 3.07498146e-01 3.24000000e+02 8.00000000e+00
3.38755192e+03 1.01176308e+00 4.23337402e-04 3.12431567e-01 3.27000000e+02 8.00000000e+00
3.38756041e+03 1.01126637e+00 4.11864172e-04 3.17517432e-01 3.24000000e+02 8.00000000e+00
3.38756885e+03 1.00939770e+00 6.87235505e-04 3.22569398e-01 3.29000000e+02 8.00000000e+00
3.38757706e+03 1.00926024e+00 4.92096674e-04 3.27490075e-01 3.20000000e+02 8.00000000e+00
3.38758539e+03 1.00880050e+00 4.11864172e-04 3.32482475e-01 3.24000000e+02 8.00000000e+00
3.38759368e+03 1.00769341e+00 5.12208411e-04 3.37449197e-01 3.27000000e+02 8.00000000e+00
3.38760221e+03 1.00652770e+00 4.96918973e-04 3.42558316e-01 3.16000000e+02 8.00000000e+00
3.38761050e+03 1.00584582e+00 5.98241777e-04 3.47521334e-01 3.24000000e+02 8.00000000e+00
3.38761873e+03 1.00435471e+00 6.17712018e-04 3.52451408e-01 3.18000000e+02 8.00000000e+00
3.38762715e+03 1.00410992e+00 5.68406645e-04 3.57498248e-01 3.24000000e+02 8.00000000e+00
3.38763549e+03 1.00299455e+00 4.11864172e-04 3.62496164e-01 3.33000000e+02 8.00000000e+00
3.38764395e+03 1.00204931e+00 4.11864172e-04 3.67560652e-01 3.17000000e+02 8.00000000e+00
3.38765231e+03 1.00237820e+00 6.65555159e-04 3.72567539e-01 3.33000000e+02 8.00000000e+00
3.38766045e+03 1.00131910e+00 4.11864172e-04 3.77444688e-01 3.23000000e+02 8.00000000e+00
3.38766886e+03 1.00016771e+00 4.11864172e-04 3.82482750e-01 3.28000000e+02 8.00000000e+00
3.38767720e+03 9.99531452e-01 8.27480903e-04 3.87478667e-01 3.36000000e+02 8.00000000e+00
3.38768562e+03 9.98458795e-01 7.80799866e-04 3.92527459e-01 3.23000000e+02 8.00000000e+00
3.38769402e+03 9.97610577e-01 4.50892094e-04 3.97557932e-01 3.33000000e+02 8.00000000e+00
3.38770214e+03 9.96527270e-01 5.27159874e-04 4.02422032e-01 3.20000000e+02 8.00000000e+00
3.38771059e+03 9.96176859e-01 4.11864172e-04 4.07482407e-01 3.22000000e+02 8.00000000e+00
3.38771889e+03 9.95649721e-01 6.11553832e-04 4.12457908e-01 3.28000000e+02 8.00000000e+00
3.38772576e+03 9.94252841e-01 4.11864172e-04 4.16569849e-01 1.95000000e+02 7.00000000e+00
3.38773291e+03 9.93956752e-01 4.11864172e-04 4.20853538e-01 3.54000000e+02 7.00000000e+00
3.38774197e+03 9.92985600e-01 4.74882899e-04 4.26284173e-01 3.53000000e+02 7.00000000e+00
3.38775110e+03 9.92305681e-01 5.69418102e-04 4.31754326e-01 3.56000000e+02 7.00000000e+00
3.38776022e+03 9.89973001e-01 4.11864172e-04 4.37217579e-01 3.54000000e+02 7.00000000e+00
3.38776945e+03 9.85764184e-01 4.11864172e-04 4.42742554e-01 3.56000000e+02 7.00000000e+00
3.38777844e+03 9.80190766e-01 8.95849233e-04 4.48133546e-01 3.60000000e+02 8.00000000e+00
3.38778754e+03 9.73615542e-01 6.41062102e-04 4.53584554e-01 3.58000000e+02 8.00000000e+00
3.38779668e+03 9.66866052e-01 7.91443916e-04 4.59057654e-01 3.64000000e+02 8.00000000e+00
3.38780577e+03 9.59974154e-01 7.32990974e-04 4.64504167e-01 3.63000000e+02 8.00000000e+00
3.38781490e+03 9.54437452e-01 1.14540507e-03 4.69970193e-01 3.74000000e+02 8.00000000e+00
3.38782403e+03 9.48549814e-01 9.89063976e-04 4.75443411e-01 3.68000000e+02 8.00000000e+00
3.38783312e+03 9.44912535e-01 6.74850616e-04 4.80886406e-01 3.70000000e+02 8.00000000e+00
3.38784221e+03 9.41632863e-01 4.11864172e-04 4.86331976e-01 3.57000000e+02 6.00000000e+00
3.38785134e+03 9.40608166e-01 6.79927623e-04 4.91805309e-01 3.58000000e+02 6.00000000e+00
3.38786046e+03 9.40689459e-01 4.11864172e-04 4.97268175e-01 3.60000000e+02 6.00000000e+00
3.38786962e+03 9.40306616e-01 4.11864172e-04 5.02755979e-01 3.58000000e+02 6.00000000e+00
3.38787871e+03 9.40442525e-01 4.11864172e-04 5.08200409e-01 3.61000000e+02 6.00000000e+00
3.38788785e+03 9.40952998e-01 4.11864172e-04 5.13674293e-01 3.58000000e+02 6.00000000e+00
3.38789692e+03 9.43485408e-01 4.11864172e-04 5.19107510e-01 3.59000000e+02 6.00000000e+00
3.38790607e+03 9.47689008e-01 4.11864172e-04 5.24588313e-01 3.51000000e+02 7.00000000e+00
3.38791528e+03 9.53088476e-01 6.31034739e-04 5.30105485e-01 3.60000000e+02 8.00000000e+00
3.38792428e+03 9.58808129e-01 4.53781902e-04 5.35497564e-01 3.67000000e+02 8.00000000e+00
3.38793336e+03 9.65886146e-01 5.36241484e-04 5.40938363e-01 3.64000000e+02 8.00000000e+00
3.38794251e+03 9.72603433e-01 4.68603194e-04 5.46422522e-01 3.69000000e+02 8.00000000e+00
3.38795160e+03 9.79038014e-01 4.11864172e-04 5.51862692e-01 3.62000000e+02 8.00000000e+00
3.38796075e+03 9.85001883e-01 4.11864172e-04 5.57346067e-01 3.67000000e+02 8.00000000e+00
3.38796981e+03 9.89364603e-01 4.11864172e-04 5.62775411e-01 3.56000000e+02 7.00000000e+00
3.38797895e+03 9.91617924e-01 5.52293440e-04 5.68249473e-01 3.58000000e+02 7.00000000e+00
3.38798804e+03 9.92666041e-01 4.11864172e-04 5.73696766e-01 3.58000000e+02 7.00000000e+00
3.38799723e+03 9.93118905e-01 4.11864172e-04 5.79200903e-01 3.57000000e+02 7.00000000e+00
3.38800434e+03 9.94523944e-01 4.11864172e-04 5.83458065e-01 2.06000000e+02 7.00000000e+00
3.38801114e+03 9.94567891e-01 4.11864172e-04 5.87532255e-01 3.29000000e+02 7.00000000e+00
3.38801948e+03 9.95356159e-01 4.11864172e-04 5.92529445e-01 3.28000000e+02 7.00000000e+00
3.38802772e+03 9.96486064e-01 4.11864172e-04 5.97463667e-01 3.32000000e+02 8.00000000e+00
3.38803600e+03 9.97246671e-01 4.81403509e-04 6.02426542e-01 3.33000000e+02 8.00000000e+00
3.38804445e+03 9.97557660e-01 4.11864172e-04 6.07489955e-01 3.38000000e+02 8.00000000e+00
3.38805286e+03 9.98626899e-01 4.11864172e-04 6.12525561e-01 3.36000000e+02 8.00000000e+00
3.38806120e+03 9.99493658e-01 4.11864172e-04 6.17520762e-01 3.29000000e+02 8.00000000e+00
3.38806949e+03 1.00040481e+00 4.76063859e-04 6.22489346e-01 3.24000000e+02 8.00000000e+00
3.38807770e+03 1.00093739e+00 4.11864172e-04 6.27406237e-01 3.23000000e+02 8.00000000e+00
3.38808616e+03 1.00143228e+00 4.11864172e-04 6.32474570e-01 3.27000000e+02 8.00000000e+00
3.38809461e+03 1.00234413e+00 4.11864172e-04 6.37540523e-01 3.24000000e+02 8.00000000e+00
3.38810288e+03 1.00373769e+00 4.53463084e-04 6.42491153e-01 3.21000000e+02 8.00000000e+00
3.38811121e+03 1.00403016e+00 4.72409509e-04 6.47483216e-01 3.19000000e+02 8.00000000e+00
3.38811957e+03 1.00486785e+00 5.78295507e-04 6.52488873e-01 3.22000000e+02 8.00000000e+00
3.38812797e+03 1.00533135e+00 4.35099979e-04 6.57520585e-01 3.23000000e+02 8.00000000e+00
3.38813631e+03 1.00665717e+00 4.11864172e-04 6.62517942e-01 3.20000000e+02 8.00000000e+00
3.38814460e+03 1.00787460e+00 4.88369492e-04 6.67483230e-01 3.20000000e+02 8.00000000e+00
3.38815293e+03 1.00777078e+00 6.68055438e-04 6.72474291e-01 3.22000000e+02 8.00000000e+00
3.38816130e+03 1.00893304e+00 7.16213928e-04 6.77489534e-01 3.23000000e+02 8.00000000e+00
3.38816966e+03 1.01009253e+00 6.96260348e-04 6.82499233e-01 3.21000000e+02 8.00000000e+00
3.38817811e+03 1.01075855e+00 4.11864172e-04 6.87561933e-01 3.20000000e+02 8.00000000e+00
3.38818635e+03 1.01114175e+00 5.60197626e-04 6.92496539e-01 3.21000000e+02 8.00000000e+00
3.38819466e+03 1.01245172e+00 4.11864172e-04 6.97472275e-01 3.18000000e+02 8.00000000e+00
3.38820298e+03 1.01318572e+00 4.11864172e-04 7.02460018e-01 3.23000000e+02 8.00000000e+00
3.38821137e+03 1.01346821e+00 4.83253653e-04 7.07485028e-01 3.23000000e+02 8.00000000e+00
3.38821982e+03 1.01397353e+00 4.11864172e-04 7.12549358e-01 3.19000000e+02 8.00000000e+00
3.38822813e+03 1.01502505e+00 4.11864172e-04 7.17527103e-01 3.23000000e+02 8.00000000e+00
3.38823640e+03 1.01469587e+00 4.62175914e-04 7.22481390e-01 3.14000000e+02 8.00000000e+00
3.38824473e+03 1.01553153e+00 4.11864172e-04 7.27468888e-01 3.26000000e+02 8.00000000e+00
3.38825309e+03 1.01623939e+00 4.11864172e-04 7.32475814e-01 3.21000000e+02 8.00000000e+00
3.38826154e+03 1.01617673e+00 4.11864172e-04 7.37540581e-01 3.20000000e+02 8.00000000e+00
3.38826980e+03 1.01565273e+00 6.31333551e-04 7.42491642e-01 3.24000000e+02 8.00000000e+00
3.38827817e+03 1.01622491e+00 4.86977867e-04 7.47501931e-01 3.23000000e+02 8.00000000e+00
3.38828656e+03 1.01674632e+00 5.02610546e-04 7.52529329e-01 3.35000000e+02 8.00000000e+00
3.38829488e+03 1.01623123e+00 4.77448510e-04 7.57510910e-01 3.31000000e+02 8.00000000e+00
3.38830324e+03 1.01644768e+00 4.11864172e-04 7.62521872e-01 3.30000000e+02 8.00000000e+00
3.38831153e+03 1.01603292e+00 4.25128269e-04 7.67487937e-01 3.36000000e+02 8.00000000e+00
3.38831988e+03 1.01585478e+00 4.56662193e-04 7.72489052e-01 3.33000000e+02 8.00000000e+00
3.38832825e+03 1.01525574e+00 6.11017614e-04 7.77501621e-01 3.36000000e+02 8.00000000e+00
3.38833661e+03 1.01486637e+00 4.37475106e-04 7.82510444e-01 3.35000000e+02 8.00000000e+00
3.38834505e+03 1.01467256e+00 4.11864172e-04 7.87568598e-01 3.30000000e+02 8.00000000e+00
3.38835337e+03 1.01441650e+00 4.11864172e-04 7.92550220e-01 3.32000000e+02 8.00000000e+00
3.38836157e+03 1.01328627e+00 4.11864172e-04 7.97463016e-01 3.30000000e+02 8.00000000e+00
