# Time Flux Flux_Err Phase N NSector
3.67613498e+03 9.99746925e-01 2.21958520e-04 -1.97419789e-01 4.95000000e+02 2.00000000e+00
3.67614732e+03 9.99920660e-01 2.21958520e-04 -1.92529081e-01 5.13000000e+02 3.00000000e+00
3.67615998e+03 9.99710561e-01 2.21958520e-04 -1.87505394e-01 5.07000000e+02 2.00000000e+00
3.67617249e+03 1.00002897e+00 2.21958520e-04 -1.82545767e-01 5.13000000e+02 3.00000000e+00
3.67618522e+03 9.99849797e-01 2.21958520e-04 -1.77494982e-01 5.13000000e+02 3.00000000e+00
3.67619783e+03 1.00018884e+00 2.21958520e-04 -1.72495010e-01 5.05000000e+02 2.00000000e+00
3.67621044e+03 1.00008082e+00 2.21958520e-04 -1.67492806e-01 5.20000000e+02 3.00000000e+00
3.67622301e+03 1.00025723e+00 3.21120739e-04 -1.62507695e-01 5.04000000e+02 2.00000000e+00
3.67623562e+03 1.00002235e+00 2.21958520e-04 -1.57503695e-01 5.12000000e+02 3.00000000e+00
3.67624836e+03 9.99988556e-01 2.21958520e-04 -1.52454249e-01 5.10000000e+02 3.00000000e+00
3.67626088e+03 1.00021188e+00 6.28758486e-04 -1.47487925e-01 5.03000000e+02 2.00000000e+00
3.67627341e+03 9.99989450e-01 2.89334941e-04 -1.42517446e-01 5.15000000e+02 3.00000000e+00
3.67628606e+03 1.00031178e+00 5.73585155e-04 -1.37498303e-01 5.05000000e+02 2.00000000e+00
3.67629863e+03 9.99800740e-01 4.66781000e-04 -1.32513006e-01 5.12000000e+02 3.00000000e+00
3.67631137e+03 9.99915660e-01 2.21958520e-04 -1.27461716e-01 5.11000000e+02 3.00000000e+00
3.67632388e+03 1.00003754e+00 2.21958520e-04 -1.22501326e-01 5.04000000e+02 2.00000000e+00
3.67633646e+03 9.99858021e-01 2.21958520e-04 -1.17511526e-01 5.08000000e+02 3.00000000e+00
3.67634911e+03 1.00023019e+00 2.21958520e-04 -1.12493967e-01 5.12000000e+02 3.00000000e+00
3.67636161e+03 1.00007185e+00 2.28775535e-04 -1.07535416e-01 5.07000000e+02 3.00000000e+00
3.67637444e+03 1.00001989e+00 2.21958520e-04 -1.02444880e-01 5.13000000e+02 3.00000000e+00
3.67638689e+03 1.00015778e+00 2.21958520e-04 -9.75072743e-02 5.01000000e+02 2.00000000e+00
3.67639946e+03 1.00010359e+00 3.87914219e-04 -9.25211375e-02 5.12000000e+02 3.00000000e+00
3.67641222e+03 1.00017148e+00 2.21958520e-04 -8.74633491e-02 5.11000000e+02 3.00000000e+00
3.67642462e+03 1.00007117e+00 2.45100912e-04 -8.25424908e-02 5.05000000e+02 3.00000000e+00
3.67643712e+03 9.99969482e-01 2.21958520e-04 -7.75848326e-02 4.75000000e+02 3.00000000e+00
3.67644965e+03 1.00013148e+00 2.21958520e-04 -7.26170958e-02 4.08000000e+02 2.00000000e+00
3.67646252e+03 1.00018588e+00 2.21958520e-04 -6.75124993e-02 4.05000000e+02 3.00000000e+00
3.67647525e+03 9.99922693e-01 2.21958520e-04 -6.24618618e-02 3.98000000e+02 3.00000000e+00
3.67648776e+03 9.99961317e-01 2.21958520e-04 -5.75029029e-02 4.02000000e+02 3.00000000e+00
3.67650046e+03 9.99967456e-01 2.21958520e-04 -5.24654296e-02 4.02000000e+02 3.00000000e+00
3.67651299e+03 9.99969677e-01 2.21958520e-04 -4.74926913e-02 3.97000000e+02 2.00000000e+00
3.67652549e+03 1.00006711e+00 2.21958520e-04 -4.25349073e-02 4.01000000e+02 3.00000000e+00
3.67653637e+03 1.00047213e+00 2.21958520e-04 -3.82225421e-02 2.85000000e+02 2.00000000e+00
3.67654400e+03 1.00036437e+00 2.21958520e-04 -3.51933363e-02 2.04000000e+02 3.00000000e+00
3.67655011e+03 1.00034448e+00 2.21958520e-04 -3.27721477e-02 1.90000000e+02 2.00000000e+00
3.67655625e+03 9.99717342e-01 2.21958520e-04 -3.03351005e-02 1.94000000e+02 2.00000000e+00
3.67656252e+03 9.98852616e-01 2.21958520e-04 -2.78496630e-02 2.18000000e+02 3.00000000e+00
3.67656850e+03 9.96829701e-01 5.14135763e-04 -2.54772943e-02 2.21000000e+02 2.00000000e+00
3.67657460e+03 9.93849671e-01 7.30223179e-04 -2.30602149e-02 2.20000000e+02 2.00000000e+00
3.67658081e+03 9.90709030e-01 8.76200734e-04 -2.05970366e-02 2.18000000e+02 2.00000000e+00
3.67658684e+03 9.87935355e-01 8.46050036e-04 -1.82044612e-02 2.21000000e+02 2.00000000e+00
3.67659304e+03 9.84620631e-01 1.16630559e-03 -1.57454328e-02 2.18000000e+02 2.00000000e+00
3.67659910e+03 9.82019406e-01 1.21276846e-03 -1.33420848e-02 2.21000000e+02 2.00000000e+00
3.67660513e+03 9.79444780e-01 1.39088045e-03 -1.09514238e-02 2.16000000e+02 2.00000000e+00
3.67661129e+03 9.77476964e-01 1.33923620e-03 -8.50690909e-03 2.19000000e+02 2.00000000e+00
3.67661739e+03 9.75942988e-01 1.19025198e-03 -6.08601794e-03 2.15000000e+02 2.00000000e+00
3.67662354e+03 9.75957033e-01 3.97116893e-04 -3.64982310e-03 2.10000000e+02 1.00000000e+00
3.67662966e+03 9.75274828e-01 3.80035377e-04 -1.22161911e-03 2.14000000e+02 1.00000000e+00
3.67663580e+03 9.75519466e-01 3.81728249e-04 1.21604687e-03 2.10000000e+02 1.00000000e+00
3.67664196e+03 9.75496733e-01 5.26225180e-04 3.65632784e-03 2.16000000e+02 2.00000000e+00
3.67664802e+03 9.76735464e-01 5.89739208e-04 6.06290016e-03 2.18000000e+02 2.00000000e+00
3.67665419e+03 9.78448292e-01 6.84414701e-04 8.50691194e-03 2.22000000e+02 2.00000000e+00
3.67666041e+03 9.80238386e-01 2.21958520e-04 1.09739514e-02 2.23000000e+02 2.00000000e+00
3.67666645e+03 9.82790924e-01 2.63416566e-04 1.33704046e-02 2.50000000e+02 3.00000000e+00
3.67667248e+03 9.85621442e-01 6.57878288e-04 1.57616165e-02 2.48000000e+02 2.00000000e+00
3.67667865e+03 9.89077017e-01 8.59872384e-04 1.82094955e-02 2.45000000e+02 2.00000000e+00
3.67668476e+03 9.91991673e-01 1.23191507e-03 2.06319154e-02 2.48000000e+02 2.00000000e+00
3.67669077e+03 9.96096400e-01 5.13815126e-04 2.30184944e-02 2.50000000e+02 3.00000000e+00
3.67669701e+03 9.97520929e-01 1.18962747e-03 2.54927872e-02 2.50000000e+02 2.00000000e+00
3.67670309e+03 9.99221040e-01 1.20873666e-03 2.79030911e-02 2.45000000e+02 2.00000000e+00
3.67670923e+03 9.99605657e-01 2.44898260e-04 3.03370584e-02 2.48000000e+02 3.00000000e+00
3.67671530e+03 9.99883242e-01 5.97023825e-04 3.27451968e-02 2.47000000e+02 2.00000000e+00
3.67672145e+03 9.99829906e-01 4.17205563e-04 3.51853270e-02 2.46000000e+02 2.00000000e+00
3.67672916e+03 1.00007272e+00 2.21958520e-04 3.82413989e-02 3.73000000e+02 3.00000000e+00
3.67673984e+03 9.99960096e-01 2.21958520e-04 4.24800733e-02 5.04000000e+02 2.00000000e+00
3.67675245e+03 1.00008057e+00 2.21958520e-04 4.74788784e-02 5.13000000e+02 3.00000000e+00
3.67676507e+03 1.00027312e+00 2.21958520e-04 5.24855193e-02 5.09000000e+02 2.00000000e+00
3.67677758e+03 1.00006558e+00 2.21958520e-04 5.74470466e-02 5.11000000e+02 3.00000000e+00
3.67679036e+03 9.99879180e-01 2.52887494e-04 6.25148711e-02 5.19000000e+02 3.00000000e+00
3.67680293e+03 9.99622853e-01 4.80365883e-04 6.75020456e-02 5.04000000e+02 2.00000000e+00
3.67681550e+03 1.00000000e+00 5.11782919e-04 7.24860893e-02 5.19000000e+02 3.00000000e+00
3.67682821e+03 1.00001711e+00 3.98926207e-04 7.75268255e-02 5.10000000e+02 3.00000000e+00
3.67684073e+03 9.99743314e-01 4.73083994e-04 8.24932505e-02 5.15000000e+02 3.00000000e+00
3.67685349e+03 9.99984235e-01 2.21958520e-04 8.75566178e-02 5.12000000e+02 3.00000000e+00
3.67686599e+03 9.99100723e-01 1.00412430e-03 9.25126129e-02 5.10000000e+02 2.00000000e+00
3.67687849e+03 1.00000000e+00 2.21958520e-04 9.74722833e-02 5.13000000e+02 3.00000000e+00
3.67689122e+03 9.99971867e-01 2.21958520e-04 1.02521603e-01 5.13000000e+02 3.00000000e+00
3.67690372e+03 9.99987662e-01 2.21958520e-04 1.07479400e-01 5.11000000e+02 3.00000000e+00
3.67691646e+03 1.00008446e+00 2.21958520e-04 1.12529073e-01 5.11000000e+02 3.00000000e+00
3.67692896e+03 9.99895748e-01 2.58106273e-04 1.17486797e-01 5.09000000e+02 2.00000000e+00
3.67694146e+03 1.00010142e+00 2.21958520e-04 1.22446834e-01 5.14000000e+02 3.00000000e+00
3.67695424e+03 1.00023019e+00 2.21958520e-04 1.27515229e-01 5.17000000e+02 3.00000000e+00
3.67696646e+03 1.00000647e+00 2.39303031e-04 1.32360079e-01 4.76000000e+02 3.00000000e+00
3.67697947e+03 9.99849916e-01 2.21958520e-04 1.37522345e-01 4.63000000e+02 3.00000000e+00
3.67699205e+03 9.99721459e-01 2.21958520e-04 1.42509877e-01 4.52000000e+02 2.00000000e+00
3.67700452e+03 9.99791803e-01 2.21958520e-04 1.47458616e-01 4.63000000e+02 3.00000000e+00
3.67701737e+03 1.00011376e+00 2.21958520e-04 1.52553401e-01 4.57000000e+02 3.00000000e+00
3.67702978e+03 1.00007844e+00 2.21958520e-04 1.57474719e-01 4.58000000e+02 3.00000000e+00
3.67704253e+03 1.00011682e+00 2.21958520e-04 1.62533160e-01 4.59000000e+02 3.00000000e+00
3.67705503e+03 9.99976549e-01 2.21958520e-04 1.67490843e-01 4.51000000e+02 2.00000000e+00
3.67706749e+03 1.00008166e+00 2.21958520e-04 1.72430593e-01 4.63000000e+02 3.00000000e+00
3.67708014e+03 9.99999076e-01 2.21958520e-04 1.77451486e-01 4.48000000e+02 3.00000000e+00
3.67709284e+03 9.99868261e-01 4.20990062e-04 1.82488528e-01 4.01000000e+02 2.00000000e+00
3.67710556e+03 9.99948144e-01 2.21958520e-04 1.87532099e-01 4.05000000e+02 3.00000000e+00
3.67711808e+03 1.00003260e+00 2.21958520e-04 1.92495854e-01 4.00000000e+02 2.00000000e+00
3.67713058e+03 1.00005633e+00 2.21958520e-04 1.97454222e-01 4.05000000e+02 3.00000000e+00
3.67714346e+03 1.00007385e+00 2.21958520e-04 2.02561859e-01 4.07000000e+02 3.00000000e+00
3.67715594e+03 1.00065646e+00 2.96028666e-04 2.07513443e-01 3.97000000e+02 2.00000000e+00
3.67716854e+03 1.00019967e+00 2.26579684e-04 2.12509776e-01 4.11000000e+02 3.00000000e+00
3.67718114e+03 1.00028140e+00 2.45267222e-04 2.17508679e-01 3.96000000e+02 2.00000000e+00
3.67719361e+03 1.00002769e+00 2.21958520e-04 2.22455724e-01 4.08000000e+02 3.00000000e+00
3.67720651e+03 9.99797107e-01 2.21958520e-04 2.27572395e-01 4.05000000e+02 3.00000000e+00
3.67721895e+03 9.99700718e-01 4.39477155e-04 2.32504812e-01 3.96000000e+02 2.00000000e+00
3.67723150e+03 1.00000870e+00 2.21958520e-04 2.37482907e-01 4.10000000e+02 3.00000000e+00
3.67724418e+03 9.99775902e-01 2.21958520e-04 2.42510314e-01 3.95000000e+02 2.00000000e+00
3.67725671e+03 1.00012263e+00 2.21958520e-04 2.47482728e-01 4.05000000e+02 3.00000000e+00
3.67726948e+03 1.00038743e+00 2.30607987e-04 2.52544788e-01 4.07000000e+02 3.00000000e+00
3.67728197e+03 1.00058529e+00 6.66771882e-04 2.57498633e-01 3.99000000e+02 2.00000000e+00
3.67729473e+03 9.99980629e-01 2.21958520e-04 2.62558728e-01 4.22000000e+02 3.00000000e+00
3.67730721e+03 1.00017130e+00 2.21958520e-04 2.67509860e-01 4.59000000e+02 3.00000000e+00
3.67731970e+03 1.00010845e+00 2.21958520e-04 2.72463829e-01 4.57000000e+02 3.00000000e+00
3.67733257e+03 1.00036543e+00 3.29179664e-04 2.77569759e-01 4.59000000e+02 3.00000000e+00
3.67734503e+03 1.00087454e+00 6.29195491e-04 2.82510388e-01 4.46000000e+02 2.00000000e+00
3.67735750e+03 1.00019324e+00 2.21958520e-04 2.87456163e-01 4.58000000e+02 3.00000000e+00
3.67737034e+03 1.00020707e+00 2.21958520e-04 2.92547490e-01 4.56000000e+02 3.00000000e+00
3.67738269e+03 1.00036978e+00 2.21958520e-04 2.97446409e-01 4.54000000e+02 3.00000000e+00
3.67739557e+03 1.00004613e+00 2.37958386e-04 3.02554601e-01 4.62000000e+02 3.00000000e+00
3.67740801e+03 1.00059531e+00 4.91221033e-04 3.07490201e-01 4.48000000e+02 2.00000000e+00
3.67742049e+03 1.00024515e+00 2.76018751e-04 3.12438884e-01 4.63000000e+02 3.00000000e+00
3.67743335e+03 1.00030366e+00 4.77939559e-04 3.17539896e-01 4.57000000e+02 3.00000000e+00
3.67744584e+03 1.00018334e+00 3.48950713e-04 3.22493655e-01 4.58000000e+02 3.00000000e+00
3.67745858e+03 1.00001389e+00 2.21958520e-04 3.27547130e-01 4.57000000e+02 3.00000000e+00
3.67747109e+03 1.00027143e+00 4.41928856e-04 3.32508228e-01 4.53000000e+02 2.00000000e+00
3.67748358e+03 1.00010192e+00 3.49999852e-04 3.37464288e-01 4.60000000e+02 3.00000000e+00
3.67749636e+03 9.99719562e-01 2.21958520e-04 3.42530403e-01 4.59000000e+02 3.00000000e+00
3.67750883e+03 9.99575614e-01 2.21958520e-04 3.47477120e-01 4.55000000e+02 3.00000000e+00
3.67752156e+03 9.99580206e-01 2.21958520e-04 3.52526136e-01 4.57000000e+02 3.00000000e+00
3.67753406e+03 1.00024087e+00 5.93200527e-04 3.57484483e-01 4.53000000e+02 2.00000000e+00
3.67754656e+03 9.99896020e-01 3.16908933e-04 3.62441638e-01 4.59000000e+02 3.00000000e+00
3.67755940e+03 9.99837489e-01 2.21958520e-04 3.67533301e-01 4.58000000e+02 3.00000000e+00
3.67757185e+03 1.00018890e+00 5.20686213e-04 3.72470837e-01 4.52000000e+02 2.00000000e+00
3.67758452e+03 9.99959588e-01 2.21958520e-04 3.77497063e-01 4.62000000e+02 3.00000000e+00
3.67759713e+03 1.00020999e+00 2.28896304e-04 3.82498135e-01 4.48000000e+02 2.00000000e+00
3.67760955e+03 1.00029478e+00 2.21958520e-04 3.87424663e-01 4.63000000e+02 3.00000000e+00
3.67762248e+03 1.00011861e+00 2.21958520e-04 3.92554000e-01 4.58000000e+02 3.00000000e+00
3.67763497e+03 1.00022426e+00 5.61624207e-04 3.97508169e-01 4.54000000e+02 2.00000000e+00
3.67764751e+03 1.00024593e+00 3.08748244e-04 4.02481222e-01 4.57000000e+02 3.00000000e+00
3.67766019e+03 1.00068818e+00 4.95876308e-04 4.07508412e-01 4.52000000e+02 2.00000000e+00
3.67767271e+03 1.00022101e+00 2.21958520e-04 4.12475600e-01 4.59000000e+02 3.00000000e+00
3.67768545e+03 1.00033051e+00 2.21958520e-04 4.17527752e-01 4.57000000e+02 3.00000000e+00
3.67769797e+03 1.00029359e+00 2.21958520e-04 4.22495428e-01 4.53000000e+02 2.00000000e+00
3.67771058e+03 1.00036273e+00 2.21958520e-04 4.27493729e-01 4.61000000e+02 3.00000000e+00
3.67772318e+03 1.00062452e+00 2.21958520e-04 4.32493784e-01 4.52000000e+02 2.00000000e+00
3.67773568e+03 1.00051176e+00 2.21958520e-04 4.37450558e-01 4.57000000e+02 3.00000000e+00
3.67774851e+03 1.00050866e+00 2.21958520e-04 4.42541082e-01 4.62000000e+02 3.00000000e+00
3.67776101e+03 1.00074645e+00 2.21958520e-04 4.47498756e-01 4.48000000e+02 2.00000000e+00
3.67777360e+03 1.00079736e+00 2.21958520e-04 4.52491777e-01 4.64000000e+02 3.00000000e+00
3.67778630e+03 1.00087773e+00 2.87294236e-04 4.57527054e-01 4.51000000e+02 2.00000000e+00
3.67779883e+03 1.00046910e+00 3.45166373e-04 4.62496480e-01 4.59000000e+02 3.00000000e+00
3.67781159e+03 1.00056260e+00 2.21958520e-04 4.67556474e-01 4.55000000e+02 3.00000000e+00
3.67781832e+03 1.00059478e+00 2.21958520e-04 4.70225742e-01 4.40000000e+01 2.00000000e+00
3.67782109e+03 1.00035501e+00 2.21958520e-04 4.71327469e-01 1.56000000e+02 2.00000000e+00
3.67782550e+03 1.00049112e+00 2.21958520e-04 4.73073489e-01 1.60000000e+02 2.00000000e+00
3.67782994e+03 1.00023768e+00 2.61844917e-04 4.74837278e-01 1.56000000e+02 2.00000000e+00
3.67783427e+03 9.99830485e-01 2.21958520e-04 4.76553788e-01 1.63000000e+02 3.00000000e+00
3.67783867e+03 9.99489646e-01 2.34937753e-04 4.78298165e-01 1.59000000e+02 2.00000000e+00
3.67784307e+03 9.99116160e-01 2.34921351e-04 4.80045508e-01 1.56000000e+02 2.00000000e+00
3.67784744e+03 9.99286715e-01 2.21958520e-04 4.81776088e-01 1.57000000e+02 2.00000000e+00
3.67785185e+03 9.98583367e-01 3.67778151e-04 4.83525865e-01 1.56000000e+02 2.00000000e+00
3.67785606e+03 9.98609427e-01 2.21958520e-04 4.85196777e-01 1.54000000e+02 2.00000000e+00
3.67786045e+03 9.98382013e-01 2.73064575e-04 4.86936856e-01 1.60000000e+02 2.00000000e+00
3.67786486e+03 9.97726342e-01 5.69552141e-04 4.88685535e-01 1.56000000e+02 2.00000000e+00
3.67786921e+03 9.97643305e-01 2.80065870e-04 4.90411501e-01 1.56000000e+02 2.00000000e+00
3.67787364e+03 9.97718031e-01 5.37343502e-04 4.92168463e-01 1.60000000e+02 2.00000000e+00
3.67787804e+03 9.97520741e-01 5.31567036e-04 4.93913798e-01 1.55000000e+02 2.00000000e+00
3.67788240e+03 9.97886504e-01 3.00969586e-04 4.95644583e-01 1.58000000e+02 2.00000000e+00
3.67788682e+03 9.97421706e-01 4.71867389e-04 4.97397623e-01 1.54000000e+02 2.00000000e+00
3.67789102e+03 9.97768368e-01 5.50498182e-04 4.99063516e-01 1.55000000e+02 2.00000000e+00
3.67789540e+03 9.97720478e-01 5.65508073e-04 5.00800886e-01 1.59000000e+02 2.00000000e+00
3.67789982e+03 9.97641787e-01 5.10340160e-04 5.02552229e-01 1.57000000e+02 2.00000000e+00
3.67790416e+03 9.97797301e-01 7.00390766e-04 5.04274579e-01 1.56000000e+02 2.00000000e+00
3.67790859e+03 9.97721583e-01 5.66499972e-04 5.06031855e-01 1.60000000e+02 2.00000000e+00
3.67791300e+03 9.97746588e-01 5.79779057e-04 5.07778492e-01 1.55000000e+02 2.00000000e+00
3.67791735e+03 9.98386858e-01 3.24357764e-04 5.09505551e-01 1.58000000e+02 2.00000000e+00
3.67792177e+03 9.98328321e-01 7.85988024e-04 5.11257703e-01 1.59000000e+02 2.00000000e+00
3.67792606e+03 9.98787057e-01 5.91547662e-04 5.12958410e-01 1.52000000e+02 2.00000000e+00
3.67793037e+03 9.99406516e-01 5.15822615e-04 5.14670916e-01 1.73000000e+02 2.00000000e+00
3.67793477e+03 9.99413926e-01 8.27412375e-04 5.16415273e-01 1.75000000e+02 2.00000000e+00
3.67793915e+03 9.99430723e-01 2.21958520e-04 5.18150845e-01 1.84000000e+02 3.00000000e+00
3.67794355e+03 1.00020749e+00 3.50680868e-04 5.19896063e-01 1.79000000e+02 2.00000000e+00
3.67794795e+03 9.99782023e-01 8.91350557e-04 5.21641174e-01 1.74000000e+02 2.00000000e+00
3.67795325e+03 1.00043321e+00 6.62237662e-04 5.23744100e-01 2.54000000e+02 2.00000000e+00
3.67796261e+03 1.00039869e+00 2.21958520e-04 5.27454764e-01 5.15000000e+02 3.00000000e+00
3.67797547e+03 1.00032139e+00 5.55510663e-04 5.32557452e-01 5.11000000e+02 3.00000000e+00
3.67798791e+03 1.00086724e+00 5.14418478e-04 5.37492057e-01 5.10000000e+02 2.00000000e+00
3.67800064e+03 1.00070202e+00 3.88259111e-04 5.42541510e-01 5.16000000e+02 3.00000000e+00
3.67801317e+03 1.00067413e+00 4.77029147e-04 5.47510329e-01 5.04000000e+02 2.00000000e+00
3.67802562e+03 1.00060093e+00 2.54182471e-04 5.52445643e-01 5.17000000e+02 3.00000000e+00
3.67803844e+03 1.00043833e+00 2.21958520e-04 5.57533923e-01 5.12000000e+02 3.00000000e+00
3.67805094e+03 1.00069629e+00 2.82897160e-04 5.62491718e-01 5.08000000e+02 2.00000000e+00
3.67806363e+03 1.00043580e+00 2.21958520e-04 5.67524144e-01 5.15000000e+02 3.00000000e+00
3.67807618e+03 1.00069964e+00 3.00243150e-04 5.72502098e-01 5.09000000e+02 2.00000000e+00
3.67808869e+03 1.00050744e+00 2.21958520e-04 5.77460994e-01 5.13000000e+02 3.00000000e+00
3.67810144e+03 1.00037032e+00 3.04947323e-04 5.82518068e-01 5.16000000e+02 3.00000000e+00
3.67811402e+03 1.00062813e+00 6.15570678e-04 5.87507118e-01 5.07000000e+02 2.00000000e+00
3.67812663e+03 1.00031876e+00 3.48798516e-04 5.92510968e-01 5.19000000e+02 3.00000000e+00
3.67813917e+03 1.00085140e+00 6.09879815e-04 5.97481927e-01 5.05000000e+02 2.00000000e+00
3.67815169e+03 1.00037989e+00 2.21958520e-04 6.02450984e-01 5.14000000e+02 3.00000000e+00
3.67816448e+03 1.00012290e+00 2.21958520e-04 6.07522650e-01 5.14000000e+02 3.00000000e+00
3.67817707e+03 1.00092051e+00 8.57011870e-04 6.12516688e-01 5.06000000e+02 2.00000000e+00
3.67818961e+03 1.00004587e+00 2.21958520e-04 6.17489452e-01 5.19000000e+02 3.00000000e+00
3.67820229e+03 1.00047029e+00 8.70640613e-04 6.22517127e-01 5.04000000e+02 2.00000000e+00
3.67821480e+03 9.99788763e-01 2.21958520e-04 6.27481448e-01 5.16000000e+02 3.00000000e+00
3.67822755e+03 1.00000322e+00 2.37343991e-04 6.32539141e-01 5.12000000e+02 3.00000000e+00
3.67824006e+03 1.00033745e+00 2.52728965e-04 6.37498418e-01 5.07000000e+02 2.00000000e+00
3.67825262e+03 1.00007328e+00 2.21958520e-04 6.42479441e-01 5.14000000e+02 3.00000000e+00
3.67826530e+03 9.99755513e-01 2.21958520e-04 6.47511622e-01 5.11000000e+02 2.00000000e+00
3.67827781e+03 9.99976695e-01 3.06426884e-04 6.52470884e-01 5.08000000e+02 3.00000000e+00
3.67829054e+03 9.99855338e-01 2.21958520e-04 6.57521538e-01 5.15000000e+02 3.00000000e+00
3.67830305e+03 9.99537702e-01 4.37413611e-04 6.62480712e-01 5.06000000e+02 2.00000000e+00
3.67831566e+03 9.99710204e-01 2.21958520e-04 6.67482167e-01 5.17000000e+02 3.00000000e+00
3.67832836e+03 9.99883175e-01 2.21958520e-04 6.72522003e-01 5.10000000e+02 3.00000000e+00
3.67834081e+03 1.00009942e+00 3.42039009e-04 6.77458431e-01 5.10000000e+02 3.00000000e+00
3.67835362e+03 1.00002825e+00 2.21958520e-04 6.82538821e-01 5.17000000e+02 3.00000000e+00
3.67836614e+03 9.99951165e-01 2.91270240e-04 6.87506668e-01 5.02000000e+02 2.00000000e+00
3.67837867e+03 1.00003746e+00 2.21958520e-04 6.92474600e-01 5.18000000e+02 3.00000000e+00
3.67839144e+03 9.99671133e-01 2.21958520e-04 6.97538507e-01 5.09000000e+02 3.00000000e+00
3.67840393e+03 1.00010833e+00 3.78437896e-04 7.02491737e-01 5.14000000e+02 3.00000000e+00
3.67841669e+03 9.99866723e-01 2.21958520e-04 7.07553060e-01 5.08000000e+02 3.00000000e+00
3.67842919e+03 9.99596570e-01 2.21958520e-04 7.12510830e-01 5.08000000e+02 2.00000000e+00
3.67844146e+03 9.99639930e-01 2.21958520e-04 7.17379489e-01 4.69000000e+02 3.00000000e+00
3.67845443e+03 9.99840141e-01 2.21958520e-04 7.22520988e-01 4.60000000e+02 3.00000000e+00
3.67846693e+03 9.99234077e-01 2.21958520e-04 7.27478915e-01 4.55000000e+02 3.00000000e+00
3.67847964e+03 1.00008303e+00 2.56635412e-04 7.32520339e-01 4.60000000e+02 3.00000000e+00
3.67849216e+03 9.99648097e-01 4.68648458e-04 7.37487403e-01 4.54000000e+02 2.00000000e+00
3.67850466e+03 9.99997348e-01 2.21958520e-04 7.42445181e-01 4.58000000e+02 3.00000000e+00
3.67851755e+03 9.99956489e-01 2.21958520e-04 7.47559205e-01 4.59000000e+02 3.00000000e+00
3.67852995e+03 9.99962982e-01 2.21958520e-04 7.52475633e-01 4.54000000e+02 2.00000000e+00
3.67854263e+03 9.99876409e-01 2.21958520e-04 7.57503369e-01 4.62000000e+02 3.00000000e+00
3.67855526e+03 9.99841109e-01 4.34332564e-04 7.62513920e-01 4.50000000e+02 2.00000000e+00
3.67856774e+03 9.99671520e-01 4.02395675e-04 7.67463393e-01 4.63000000e+02 3.00000000e+00
3.67858058e+03 1.00021875e+00 2.21958520e-04 7.72554925e-01 4.56000000e+02 3.00000000e+00
3.67859308e+03 9.99678177e-01 3.61973722e-04 7.77512694e-01 4.57000000e+02 2.00000000e+00
3.67860574e+03 9.99809204e-01 3.84336709e-04 7.82537515e-01 4.55000000e+02 3.00000000e+00
3.67861826e+03 9.99762526e-01 3.82304008e-04 7.87503228e-01 4.50000000e+02 2.00000000e+00
3.67863074e+03 1.00007737e+00 2.21958520e-04 7.92450198e-01 4.58000000e+02 3.00000000e+00
3.67864355e+03 1.00021875e+00 2.21958520e-04 7.97530100e-01 4.56000000e+02 3.00000000e+00
