# Time Flux Flux_Err Phase N NSector
3.38079781e+03 1.00124405e+00 6.08123870e-04 -1.97503407e-01 6.27000000e+02 7.00000000e+00
3.38085240e+03 1.00205613e+00 5.01923941e-04 -1.92503279e-01 6.30000000e+02 7.00000000e+00
3.38090665e+03 1.00260556e+00 5.01923941e-04 -1.87534796e-01 5.99000000e+02 7.00000000e+00
3.38096163e+03 1.00250416e+00 6.10345488e-04 -1.82499746e-01 5.89000000e+02 7.00000000e+00
3.38101629e+03 1.00228324e+00 5.01923941e-04 -1.77493183e-01 5.90000000e+02 7.00000000e+00
3.38107054e+03 1.00279797e+00 5.61866242e-04 -1.72524438e-01 5.57000000e+02 7.00000000e+00
3.38112560e+03 1.00337190e+00 7.52276650e-04 -1.67481807e-01 5.86000000e+02 7.00000000e+00
3.38118002e+03 1.00198906e+00 5.01923941e-04 -1.62497913e-01 5.89000000e+02 7.00000000e+00
3.38123457e+03 1.00440144e+00 1.28000600e-03 -1.57501444e-01 5.89000000e+02 7.00000000e+00
3.38128842e+03 1.00375397e+00 6.61416968e-04 -1.52569290e-01 5.67000000e+02 7.00000000e+00
3.38134378e+03 1.00366410e+00 8.16933409e-04 -1.47499025e-01 5.50000000e+02 7.00000000e+00
3.38139795e+03 1.00390071e+00 7.37111257e-04 -1.42538123e-01 5.20000000e+02 7.00000000e+00
3.38145296e+03 1.00394264e+00 5.01923941e-04 -1.37500302e-01 5.09000000e+02 7.00000000e+00
3.38150805e+03 1.00349481e+00 5.01923941e-04 -1.32454425e-01 5.35000000e+02 7.00000000e+00
3.38156203e+03 1.00421533e+00 5.59356171e-04 -1.27510504e-01 5.51000000e+02 7.00000000e+00
3.38161701e+03 1.00261137e+00 8.38406821e-04 -1.22475463e-01 5.84000000e+02 7.00000000e+00
3.38167138e+03 1.00281805e+00 8.11697624e-04 -1.17495018e-01 5.90000000e+02 7.00000000e+00
3.38172592e+03 1.00321593e+00 7.64211336e-04 -1.12500674e-01 5.87000000e+02 7.00000000e+00
3.38178046e+03 1.00255714e+00 6.15474389e-04 -1.07505083e-01 5.90000000e+02 7.00000000e+00
3.38183515e+03 1.00319903e+00 5.01923941e-04 -1.02496620e-01 5.90000000e+02 7.00000000e+00
3.38188974e+03 1.00324742e+00 5.01923941e-04 -9.74961726e-02 5.89000000e+02 7.00000000e+00
3.38194424e+03 1.00256819e+00 5.01923941e-04 -9.25053618e-02 5.89000000e+02 7.00000000e+00
3.38199894e+03 1.00256915e+00 5.69465976e-04 -8.74948747e-02 5.90000000e+02 7.00000000e+00
3.38205348e+03 1.00106344e+00 5.01923941e-04 -8.24998400e-02 5.89000000e+02 7.00000000e+00
3.38210892e+03 1.00136697e+00 7.78620148e-04 -7.74220840e-02 6.08000000e+02 7.00000000e+00
3.38216266e+03 1.00077794e+00 6.67361222e-04 -7.25002097e-02 6.27000000e+02 7.00000000e+00
3.38221701e+03 1.00022631e+00 5.01923941e-04 -6.75232818e-02 6.27000000e+02 7.00000000e+00
3.38227174e+03 9.99256762e-01 5.01923941e-04 -6.25103162e-02 6.27000000e+02 7.00000000e+00
3.38230728e+03 9.98464529e-01 7.35638451e-04 -5.92550595e-02 1.87000000e+02 7.00000000e+00
3.38233720e+03 9.98149440e-01 6.68409534e-04 -5.65154514e-02 4.83000000e+02 7.00000000e+00
3.38237934e+03 9.97891101e-01 5.01923941e-04 -5.26556080e-02 4.83000000e+02 7.00000000e+00
3.38242213e+03 9.97232471e-01 5.01923941e-04 -4.87361367e-02 4.86000000e+02 7.00000000e+00
3.38246446e+03 9.96815342e-01 5.01923941e-04 -4.48596543e-02 4.83000000e+02 7.00000000e+00
3.38250719e+03 9.96223055e-01 5.01923941e-04 -4.09464722e-02 4.88000000e+02 7.00000000e+00
3.38254978e+03 9.95753337e-01 5.01923941e-04 -3.70454387e-02 4.89000000e+02 7.00000000e+00
3.38259232e+03 9.95637804e-01 5.01923941e-04 -3.31490047e-02 4.86000000e+02 7.00000000e+00
3.38263489e+03 9.95155717e-01 5.01923941e-04 -2.92507501e-02 4.89000000e+02 7.00000000e+00
3.38267738e+03 9.94655738e-01 5.01923941e-04 -2.53591602e-02 4.84000000e+02 7.00000000e+00
3.38271961e+03 9.94137710e-01 5.01923941e-04 -2.14913438e-02 4.79000000e+02 7.00000000e+00
3.38276267e+03 9.93758863e-01 5.01923941e-04 -1.75476572e-02 4.59000000e+02 7.00000000e+00
3.38280524e+03 9.90467324e-01 7.23991671e-04 -1.36483746e-02 4.57000000e+02 7.00000000e+00
3.38284764e+03 9.79259785e-01 5.01923941e-04 -9.76541493e-03 4.58000000e+02 7.00000000e+00
3.38289081e+03 9.69171057e-01 6.23220110e-04 -5.81185189e-03 4.70000000e+02 7.00000000e+00
3.38293307e+03 9.63262832e-01 5.01923941e-04 -1.94078621e-03 4.87000000e+02 7.00000000e+00
3.38297553e+03 9.63572456e-01 5.01923941e-04 1.94746159e-03 4.88000000e+02 7.00000000e+00
3.38301822e+03 9.69164086e-01 5.01923941e-04 5.85793507e-03 4.89000000e+02 7.00000000e+00
3.38306070e+03 9.79738356e-01 5.01923941e-04 9.74856627e-03 4.88000000e+02 7.00000000e+00
3.38310330e+03 9.91235946e-01 5.01923941e-04 1.36500338e-02 4.90000000e+02 7.00000000e+00
3.38314589e+03 9.94655721e-01 8.54097654e-04 1.75508263e-02 4.90000000e+02 7.00000000e+00
3.38318848e+03 9.96212137e-01 5.01923941e-04 2.14511388e-02 4.88000000e+02 7.00000000e+00
3.38323105e+03 9.95751075e-01 5.01923941e-04 2.53502122e-02 4.87000000e+02 7.00000000e+00
3.38327357e+03 9.95892625e-01 5.01923941e-04 2.92441776e-02 4.87000000e+02 7.00000000e+00
3.38331614e+03 9.96802495e-01 5.01923941e-04 3.31432092e-02 4.87000000e+02 7.00000000e+00
3.38335883e+03 9.96435030e-01 7.19667467e-04 3.70529135e-02 4.59000000e+02 7.00000000e+00
3.38340135e+03 9.97071774e-01 5.21792776e-04 4.09470179e-02 4.59000000e+02 7.00000000e+00
3.38344394e+03 9.97799833e-01 5.96832301e-04 4.48480526e-02 4.61000000e+02 7.00000000e+00
3.38348665e+03 9.98370292e-01 5.01923941e-04 4.87599005e-02 4.59000000e+02 7.00000000e+00
3.38352923e+03 9.98995009e-01 5.01923941e-04 5.26592457e-02 4.60000000e+02 7.00000000e+00
3.38357171e+03 9.99735823e-01 5.01923941e-04 5.65497514e-02 4.90000000e+02 7.00000000e+00
3.38360115e+03 1.00022617e+00 5.01923941e-04 5.92458420e-02 1.88000000e+02 7.00000000e+00
3.38363661e+03 1.00085710e+00 5.01923941e-04 6.24935717e-02 6.27000000e+02 7.00000000e+00
3.38369125e+03 1.00142223e+00 6.56561367e-04 6.74982039e-02 6.30000000e+02 7.00000000e+00
3.38374600e+03 1.00022327e+00 1.07270798e-03 7.25124526e-02 6.29000000e+02 7.00000000e+00
3.38380049e+03 1.00034999e+00 5.01923941e-04 7.75035618e-02 6.29000000e+02 7.00000000e+00
3.38385433e+03 1.00337114e+00 6.97346860e-04 8.24343706e-02 6.09000000e+02 7.00000000e+00
3.38390965e+03 1.00103596e+00 5.78570459e-04 8.75009999e-02 5.88000000e+02 7.00000000e+00
3.38396413e+03 1.00241411e+00 6.86359977e-04 9.24901255e-02 5.90000000e+02 7.00000000e+00
3.38401885e+03 1.00304403e+00 5.78578279e-04 9.75018605e-02 5.90000000e+02 7.00000000e+00
3.38407344e+03 1.00198301e+00 7.11080747e-04 1.02501891e-01 5.88000000e+02 7.00000000e+00
3.38412801e+03 1.00249306e+00 5.01923941e-04 1.07500196e-01 5.88000000e+02 7.00000000e+00
3.38418257e+03 1.00260341e+00 5.01923941e-04 1.12496689e-01 5.89000000e+02 7.00000000e+00
3.38423725e+03 1.00166718e+00 6.09055156e-04 1.17504798e-01 5.89000000e+02 7.00000000e+00
3.38429183e+03 1.00332045e+00 5.82457591e-04 1.22503467e-01 5.88000000e+02 7.00000000e+00
3.38434626e+03 1.00311191e+00 5.82932454e-04 1.27488222e-01 5.90000000e+02 7.00000000e+00
3.38440171e+03 1.00342665e+00 8.00507033e-04 1.32567495e-01 5.67000000e+02 7.00000000e+00
3.38445479e+03 1.00405753e+00 8.47845662e-04 1.37428961e-01 5.59000000e+02 7.00000000e+00
3.38451044e+03 1.00465055e+00 7.81451475e-04 1.42525353e-01 5.43000000e+02 7.00000000e+00
3.38456560e+03 1.00275554e+00 5.01923941e-04 1.47577466e-01 5.71000000e+02 7.00000000e+00
3.38461951e+03 1.00317650e+00 9.75452647e-04 1.52514472e-01 5.88000000e+02 7.00000000e+00
3.38467358e+03 1.00246808e+00 1.09819558e-03 1.57466680e-01 5.97000000e+02 7.00000000e+00
3.38472845e+03 1.00244849e+00 8.55878981e-04 1.62492454e-01 5.88000000e+02 7.00000000e+00
3.38478349e+03 1.00256864e+00 7.24653814e-04 1.67533225e-01 6.21000000e+02 7.00000000e+00
3.38483766e+03 1.00276083e+00 5.82020075e-04 1.72494454e-01 6.28000000e+02 7.00000000e+00
3.38489300e+03 1.00312320e+00 7.78621075e-04 1.77562539e-01 6.52000000e+02 7.00000000e+00
3.38494699e+03 1.00288947e+00 5.36522185e-04 1.82507967e-01 6.67000000e+02 7.00000000e+00
3.38500016e+03 1.00246445e+00 6.56386221e-04 1.87376908e-01 6.31000000e+02 7.00000000e+00
3.38505605e+03 1.00365490e+00 5.01923941e-04 1.92496386e-01 5.90000000e+02 7.00000000e+00
3.38511085e+03 1.00210873e+00 8.04915260e-04 1.97514882e-01 6.23000000e+02 7.00000000e+00
3.38516531e+03 1.00184436e+00 5.01923941e-04 2.02503017e-01 6.30000000e+02 7.00000000e+00
3.38522052e+03 1.00235323e+00 5.01923941e-04 2.07559692e-01 6.52000000e+02 7.00000000e+00
3.38527433e+03 1.00170552e+00 5.01923941e-04 2.12487849e-01 6.67000000e+02 7.00000000e+00
3.38532911e+03 1.00141097e+00 5.01923941e-04 2.17505077e-01 6.68000000e+02 7.00000000e+00
3.38538337e+03 1.00179573e+00 5.01923941e-04 2.22474355e-01 6.14000000e+02 7.00000000e+00
3.38543822e+03 1.00154196e+00 5.01923941e-04 2.27497977e-01 6.27000000e+02 7.00000000e+00
3.38549281e+03 1.00096066e+00 5.01923941e-04 2.32497656e-01 6.28000000e+02 7.00000000e+00
3.38554742e+03 1.00111827e+00 5.01923941e-04 2.37499479e-01 6.28000000e+02 7.00000000e+00
3.38560107e+03 1.00135226e+00 5.81401267e-04 2.42413006e-01 5.72000000e+02 7.00000000e+00
3.38565670e+03 9.99927373e-01 6.94125149e-04 2.47507720e-01 5.52000000e+02 7.00000000e+00
3.38571127e+03 1.00102912e+00 5.01923941e-04 2.52505427e-01 5.48000000e+02 7.00000000e+00
3.38576568e+03 1.00062356e+00 5.01923941e-04 2.57488580e-01 5.48000000e+02 7.00000000e+00
3.38582115e+03 1.00049177e+00 5.01923941e-04 2.62569037e-01 5.69000000e+02 7.00000000e+00
3.38587511e+03 9.99960952e-01 5.51794776e-04 2.67511562e-01 5.91000000e+02 7.00000000e+00
3.38592964e+03 9.99780097e-01 5.01923941e-04 2.72505944e-01 5.89000000e+02 7.00000000e+00
3.38598381e+03 9.99194279e-01 5.01923941e-04 2.77466778e-01 5.81000000e+02 7.00000000e+00
3.38603967e+03 9.98800912e-01 6.35128901e-04 2.82582738e-01 5.70000000e+02 7.00000000e+00
3.38609252e+03 9.99045500e-01 5.53364735e-04 2.87423454e-01 5.72000000e+02 7.00000000e+00
3.38614794e+03 9.98967851e-01 6.24694799e-04 2.92499430e-01 5.49000000e+02 7.00000000e+00
3.38620260e+03 9.98655399e-01 5.03734295e-04 2.97505519e-01 5.50000000e+02 7.00000000e+00
3.38625710e+03 9.99274289e-01 5.01923941e-04 3.02497077e-01 5.49000000e+02 7.00000000e+00
3.38631263e+03 1.00025743e+00 5.01923941e-04 3.07582751e-01 5.70000000e+02 7.00000000e+00
3.38636634e+03 1.00044414e+00 5.39781857e-04 3.12501243e-01 5.92000000e+02 7.00000000e+00
3.38642098e+03 1.00037325e+00 5.01923941e-04 3.17506348e-01 5.88000000e+02 7.00000000e+00
3.38647546e+03 9.99335790e-01 9.47684209e-04 3.22495896e-01 5.89000000e+02 7.00000000e+00
3.38653002e+03 1.00008367e+00 1.18618164e-03 3.27492398e-01 5.90000000e+02 7.00000000e+00
3.38658485e+03 9.99692817e-01 8.78884004e-04 3.32514315e-01 5.91000000e+02 7.00000000e+00
3.38663379e+03 9.98943315e-01 6.00483518e-04 3.36996804e-01 4.69000000e+02 7.00000000e+00
3.38674605e+03 9.99559594e-01 5.01923941e-04 3.47277767e-01 1.93000000e+03 7.00000000e+00
3.38692455e+03 9.98588765e-01 5.01923941e-04 3.63626271e-01 1.92400000e+03 7.00000000e+00
3.38710521e+03 9.98332204e-01 5.01923941e-04 3.80172648e-01 1.94200000e+03 7.00000000e+00
3.38728447e+03 9.98918036e-01 7.40287841e-04 3.96590684e-01 1.93000000e+03 7.00000000e+00
3.38746465e+03 9.97365703e-01 5.04660374e-04 4.13092856e-01 1.94200000e+03 7.00000000e+00
3.38764460e+03 9.99272576e-01 5.01923941e-04 4.29573177e-01 1.94100000e+03 7.00000000e+00
3.38781990e+03 9.97415140e-01 5.01923941e-04 4.45628557e-01 1.79400000e+03 7.00000000e+00
3.38800608e+03 9.99074610e-01 6.61453235e-04 4.62680091e-01 1.69200000e+03 7.00000000e+00
3.38818163e+03 9.98443906e-01 1.11255460e-03 4.78758277e-01 1.72200000e+03 7.00000000e+00
3.38835996e+03 9.99113221e-01 5.50009902e-04 4.95090940e-01 1.61200000e+03 7.00000000e+00
3.38854323e+03 9.98962919e-01 5.01923941e-04 5.11875987e-01 1.54500000e+03 7.00000000e+00
3.38872436e+03 9.99555555e-01 7.40216227e-04 5.28465610e-01 1.56600000e+03 7.00000000e+00
3.38890309e+03 9.99548783e-01 5.01923941e-04 5.44835054e-01 1.68300000e+03 7.00000000e+00
3.38908289e+03 9.99023682e-01 7.17562898e-04 5.61302605e-01 1.68100000e+03 7.00000000e+00
3.38926275e+03 9.97776928e-01 5.01923941e-04 5.77775343e-01 1.68200000e+03 7.00000000e+00
3.38944565e+03 9.98133796e-01 5.01923941e-04 5.94526449e-01 1.74100000e+03 7.00000000e+00
3.38962241e+03 9.98794721e-01 5.01923941e-04 6.10715611e-01 1.93300000e+03 7.00000000e+00
3.38980186e+03 9.98929880e-01 5.44184385e-04 6.27150796e-01 1.93700000e+03 7.00000000e+00
3.38998184e+03 9.99221981e-01 5.01923941e-04 6.43634562e-01 1.94200000e+03 7.00000000e+00
3.39015915e+03 9.98356224e-01 5.07402053e-04 6.59873181e-01 1.98800000e+03 7.00000000e+00
3.39034413e+03 9.99755760e-01 6.82202577e-04 6.76815510e-01 2.00600000e+03 7.00000000e+00
3.39052342e+03 1.00111449e+00 5.01923941e-04 6.93236397e-01 2.14200000e+03 7.00000000e+00
3.39070105e+03 9.99319826e-01 1.40858603e-03 7.09504946e-01 2.19700000e+03 7.00000000e+00
3.39088071e+03 1.00021724e+00 5.01923941e-04 7.25958799e-01 2.07000000e+03 7.00000000e+00
3.39106070e+03 1.00101077e+00 5.01923941e-04 7.42443706e-01 2.07000000e+03 7.00000000e+00
3.39124043e+03 9.99639584e-01 5.62053183e-04 7.58904704e-01 2.06600000e+03 7.00000000e+00
3.39141682e+03 1.00164773e+00 6.61933456e-04 7.75059643e-01 1.87600000e+03 7.00000000e+00
