# Time	Flux	Flux_Err
1.491661e+03	4.105031e+04	5.608035e+00
1.491681e+03	4.115812e+04	5.611294e+00
1.491702e+03	4.128381e+04	5.616438e+00
1.491723e+03	4.141736e+04	5.620810e+00
1.491744e+03	4.148357e+04	5.622056e+00
1.491765e+03	4.157145e+04	5.624668e+00
1.491786e+03	4.161104e+04	5.624236e+00
1.491806e+03	4.163560e+04	5.623138e+00
1.491827e+03	4.161668e+04	5.619467e+00
1.491848e+03	4.159748e+04	5.616544e+00
1.491869e+03	4.154447e+04	5.610502e+00
1.491890e+03	4.149141e+04	5.605370e+00
1.491911e+03	4.142563e+04	5.599584e+00
1.491931e+03	4.137039e+04	5.594566e+00
1.491952e+03	4.130507e+04	5.589838e+00
1.491973e+03	4.125902e+04	5.586235e+00
1.491994e+03	4.124533e+04	5.585065e+00
1.492015e+03	4.117287e+04	5.580226e+00
1.492036e+03	4.107687e+04	5.573621e+00
1.492056e+03	4.109378e+04	5.574723e+00
1.492077e+03	4.118089e+04	5.580870e+00
1.492098e+03	4.121473e+04	5.582934e+00
1.492119e+03	4.125946e+04	5.585763e+00
1.492140e+03	4.131741e+04	5.589602e+00
1.492161e+03	4.136050e+04	5.593183e+00
1.492181e+03	4.141229e+04	5.596466e+00
1.492202e+03	4.147091e+04	5.600070e+00
1.492223e+03	4.153520e+04	5.604096e+00
1.492244e+03	4.158542e+04	5.607858e+00
1.492265e+03	4.162711e+04	5.610022e+00
1.492286e+03	4.160860e+04	5.608972e+00
1.492306e+03	4.157678e+04	5.607518e+00
1.492327e+03	4.151263e+04	5.603135e+00
1.492348e+03	4.143726e+04	5.597858e+00
1.492369e+03	4.133505e+04	5.590376e+00
1.492390e+03	4.120056e+04	5.582319e+00
1.492411e+03	4.107931e+04	5.574149e+00
1.492431e+03	4.094429e+04	5.564617e+00
1.492452e+03	4.079314e+04	5.555271e+00
1.492473e+03	4.069097e+04	5.548941e+00
1.492494e+03	4.063395e+04	5.544388e+00
1.492515e+03	4.055293e+04	5.539974e+00
1.492536e+03	4.037402e+04	5.527143e+00
1.492556e+03	4.033510e+04	5.524587e+00
1.492577e+03	4.048747e+04	5.534402e+00
1.492598e+03	4.058813e+04	5.541884e+00
1.492619e+03	4.066867e+04	5.546566e+00
1.492640e+03	4.076644e+04	5.553220e+00
1.492661e+03	4.088465e+04	5.560756e+00
1.492681e+03	4.102148e+04	5.570399e+00
1.492702e+03	4.113842e+04	5.577964e+00
1.492723e+03	4.127455e+04	5.587560e+00
1.492744e+03	4.138252e+04	5.595194e+00
1.492765e+03	4.148132e+04	5.600822e+00
1.492786e+03	4.154348e+04	5.605494e+00
1.492806e+03	4.158383e+04	5.607370e+00
1.492827e+03	4.158828e+04	5.608450e+00
1.492848e+03	4.160185e+04	5.609415e+00
1.492869e+03	4.154494e+04	5.605109e+00
1.492890e+03	4.150124e+04	5.602427e+00
1.492911e+03	4.145731e+04	5.599319e+00
1.492931e+03	4.140170e+04	5.595771e+00
1.492952e+03	4.133911e+04	5.591709e+00
1.492973e+03	4.128786e+04	5.587980e+00
1.492994e+03	4.125745e+04	5.586215e+00
1.493015e+03	4.123550e+04	5.584619e+00
1.493036e+03	4.115023e+04	5.579344e+00
1.493056e+03	4.108556e+04	5.574497e+00
1.493077e+03	4.115499e+04	5.579585e+00
1.493098e+03	4.122100e+04	5.583406e+00
1.493119e+03	4.128321e+04	5.587583e+00
1.493140e+03	4.129974e+04	5.588760e+00
1.493161e+03	4.136915e+04	5.593973e+00
1.493181e+03	4.143011e+04	5.597836e+00
1.493202e+03	4.148186e+04	5.600976e+00
1.493223e+03	4.154779e+04	5.605772e+00
1.493244e+03	4.159517e+04	5.608184e+00
1.493265e+03	4.162943e+04	5.611516e+00
1.493286e+03	4.163969e+04	5.611630e+00
1.493306e+03	4.164006e+04	5.611451e+00
1.493327e+03	4.158064e+04	5.607512e+00
1.493348e+03	4.152529e+04	5.604787e+00
1.493369e+03	4.142403e+04	5.598007e+00
1.493390e+03	4.129426e+04	5.589383e+00
1.493411e+03	4.117369e+04	5.580972e+00
1.493431e+03	4.105690e+04	5.572736e+00
1.493452e+03	4.092059e+04	5.564039e+00
1.493473e+03	4.082207e+04	5.557420e+00
1.493494e+03	4.072130e+04	5.550483e+00
1.493515e+03	4.065535e+04	5.546265e+00
1.493536e+03	4.053883e+04	5.539113e+00
1.493556e+03	4.038697e+04	5.528211e+00
1.493577e+03	4.041953e+04	5.531498e+00
1.493598e+03	4.058466e+04	5.542094e+00
1.493619e+03	4.066335e+04	5.547973e+00
1.493640e+03	4.076748e+04	5.554131e+00
1.493661e+03	4.084687e+04	5.559848e+00
1.493681e+03	4.097833e+04	5.568162e+00
1.493702e+03	4.111156e+04	5.577008e+00
1.493723e+03	4.124469e+04	5.585718e+00
1.493744e+03	4.135492e+04	5.593356e+00
1.493765e+03	4.146306e+04	5.600973e+00
1.493786e+03	4.155259e+04	5.606628e+00
1.493806e+03	4.160551e+04	5.610313e+00
1.493827e+03	4.160752e+04	5.610953e+00
1.493848e+03	4.162966e+04	5.611816e+00
1.493869e+03	4.158821e+04	5.608970e+00
1.493890e+03	4.154644e+04	5.606199e+00
1.493911e+03	4.149283e+04	5.602907e+00
1.493931e+03	4.142245e+04	5.598828e+00
1.493952e+03	4.135705e+04	5.593915e+00
1.493973e+03	4.128847e+04	5.589223e+00
1.493994e+03	4.123865e+04	5.585600e+00
1.494015e+03	4.118674e+04	5.582577e+00
1.494036e+03	4.116426e+04	5.580204e+00
1.494056e+03	4.105160e+04	5.573109e+00
1.494077e+03	4.105525e+04	5.573014e+00
1.494098e+03	4.114266e+04	5.579304e+00
1.494119e+03	4.118641e+04	5.581962e+00
1.494140e+03	4.123443e+04	5.585315e+00
1.494161e+03	4.127295e+04	5.587490e+00
1.494181e+03	4.131783e+04	5.590734e+00
1.494202e+03	4.137450e+04	5.594247e+00
1.494223e+03	4.144490e+04	5.599224e+00
1.494244e+03	4.149533e+04	5.602757e+00
1.494265e+03	4.153003e+04	5.604485e+00
1.494286e+03	4.156360e+04	5.606819e+00
1.494306e+03	4.157219e+04	5.607046e+00
1.494327e+03	4.153514e+04	5.604526e+00
1.494348e+03	4.146703e+04	5.600513e+00
1.494369e+03	4.141622e+04	5.596694e+00
1.494390e+03	4.131069e+04	5.589869e+00
1.494411e+03	4.118484e+04	5.581074e+00
1.494431e+03	4.105372e+04	5.572438e+00
1.494452e+03	4.091598e+04	5.563600e+00
1.494473e+03	4.081433e+04	5.556752e+00
1.494494e+03	4.068964e+04	5.548388e+00
1.494515e+03	4.061332e+04	5.543201e+00
1.494536e+03	4.053747e+04	5.538048e+00
1.494556e+03	4.040585e+04	5.529331e+00
1.494577e+03	4.031433e+04	5.522662e+00
1.494598e+03	4.045776e+04	5.532424e+00
1.494619e+03	4.058753e+04	5.540734e+00
1.494640e+03	4.066870e+04	5.546562e+00
1.494661e+03	4.075957e+04	5.553264e+00
1.494681e+03	4.088377e+04	5.560809e+00
1.494702e+03	4.100180e+04	5.568941e+00
1.494723e+03	4.113021e+04	5.577550e+00
1.494744e+03	4.127398e+04	5.587751e+00
1.494765e+03	4.139019e+04	5.594688e+00
1.494786e+03	4.148906e+04	5.601581e+00
1.494827e+03	4.160630e+04	5.608124e+00
1.494848e+03	4.162977e+04	5.609970e+00
1.494869e+03	4.162971e+04	5.609884e+00
1.494890e+03	4.160015e+04	5.607834e+00
1.494911e+03	4.154572e+04	5.604651e+00
1.494931e+03	4.148672e+04	5.600828e+00
1.494952e+03	4.143738e+04	5.597282e+00
1.494973e+03	4.136626e+04	5.592809e+00
1.494994e+03	4.132126e+04	5.589117e+00
1.495015e+03	4.129312e+04	5.587484e+00
1.495036e+03	4.124362e+04	5.584512e+00
1.495056e+03	4.116197e+04	5.579010e+00
1.495077e+03	4.107538e+04	5.573433e+00
1.495098e+03	4.115242e+04	5.577727e+00
1.495119e+03	4.121148e+04	5.581698e+00
1.495140e+03	4.125237e+04	5.585055e+00
1.495161e+03	4.127635e+04	5.586218e+00
1.495181e+03	4.132267e+04	5.589587e+00
1.495202e+03	4.139376e+04	5.594762e+00
1.495223e+03	4.146451e+04	5.599532e+00
1.495244e+03	4.151029e+04	5.602190e+00
1.495265e+03	4.156971e+04	5.605802e+00
1.495286e+03	4.159385e+04	5.607534e+00
1.495306e+03	4.161526e+04	5.609092e+00
1.495327e+03	4.161704e+04	5.608213e+00
1.495348e+03	4.155614e+04	5.605676e+00
1.495369e+03	4.150442e+04	5.601247e+00
1.495390e+03	4.141599e+04	5.594790e+00
1.495411e+03	4.129930e+04	5.587834e+00
1.495431e+03	4.117369e+04	5.579329e+00
1.495452e+03	4.103707e+04	5.570679e+00
1.495473e+03	4.093973e+04	5.563756e+00
1.495494e+03	4.080850e+04	5.554953e+00
1.495515e+03	4.073261e+04	5.549670e+00
1.495536e+03	4.065760e+04	5.544625e+00
1.495556e+03	4.057947e+04	5.538823e+00
1.495577e+03	4.043174e+04	5.529241e+00
1.495598e+03	4.042553e+04	5.528756e+00
1.495619e+03	4.059930e+04	5.540643e+00
1.495640e+03	4.069812e+04	5.547432e+00
1.495661e+03	4.076733e+04	5.552485e+00
1.495681e+03	4.088384e+04	5.559588e+00
1.495702e+03	4.101181e+04	5.567911e+00
1.495723e+03	4.113592e+04	5.576321e+00
1.495744e+03	4.128455e+04	5.586587e+00
1.495765e+03	4.140424e+04	5.594373e+00
1.495786e+03	4.152771e+04	5.602837e+00
1.495806e+03	4.163429e+04	5.609912e+00
1.495827e+03	4.168563e+04	5.612740e+00
1.495848e+03	4.170749e+04	5.614629e+00
1.495869e+03	4.173482e+04	5.616559e+00
1.495890e+03	4.169801e+04	5.613778e+00
1.495911e+03	4.166606e+04	5.611668e+00
1.495931e+03	4.161031e+04	5.607469e+00
1.495952e+03	4.154080e+04	5.603174e+00
1.495973e+03	4.146221e+04	5.598495e+00
1.495994e+03	4.140588e+04	5.595026e+00
1.496015e+03	4.134897e+04	5.590482e+00
1.496036e+03	4.132312e+04	5.589005e+00
1.496056e+03	4.125598e+04	5.584449e+00
1.496077e+03	4.114115e+04	5.577147e+00
1.496098e+03	4.111795e+04	5.574942e+00
1.496119e+03	4.120812e+04	5.581288e+00
1.496140e+03	4.126896e+04	5.584879e+00
1.496161e+03	4.127888e+04	5.586360e+00
1.496181e+03	4.132761e+04	5.589025e+00
1.496202e+03	4.137188e+04	5.592190e+00
1.496223e+03	4.141490e+04	5.595340e+00
1.496244e+03	4.148784e+04	5.599658e+00
1.496265e+03	4.152225e+04	5.602415e+00
1.496286e+03	4.156437e+04	5.605503e+00
1.496306e+03	4.160262e+04	5.607553e+00
1.496327e+03	4.157630e+04	5.606204e+00
1.496348e+03	4.155191e+04	5.603965e+00
1.496369e+03	4.150090e+04	5.601024e+00
1.496390e+03	4.142653e+04	5.596409e+00
1.496411e+03	4.131922e+04	5.588783e+00
1.496431e+03	4.119282e+04	5.580312e+00
1.496452e+03	4.107504e+04	5.572406e+00
1.496473e+03	4.093099e+04	5.562915e+00
1.496494e+03	4.081423e+04	5.555254e+00
1.496515e+03	4.072642e+04	5.549061e+00
1.496536e+03	4.062715e+04	5.542736e+00
1.496556e+03	4.056648e+04	5.538679e+00
1.496577e+03	4.042183e+04	5.529235e+00
1.496598e+03	4.030589e+04	5.521270e+00
1.496619e+03	4.042282e+04	5.529445e+00
1.496640e+03	4.055801e+04	5.537999e+00
1.496661e+03	4.063284e+04	5.543228e+00
1.496681e+03	4.073586e+04	5.549909e+00
1.496702e+03	4.083999e+04	5.556798e+00
1.496723e+03	4.097472e+04	5.566060e+00
1.496744e+03	4.110581e+04	5.575018e+00
1.496765e+03	4.122666e+04	5.583161e+00
1.496786e+03	4.135885e+04	5.591759e+00
1.496806e+03	4.147058e+04	5.599288e+00
1.496827e+03	4.154976e+04	5.604323e+00
1.496848e+03	4.160490e+04	5.608269e+00
1.496869e+03	4.162247e+04	5.609287e+00
1.496890e+03	4.161793e+04	5.609055e+00
1.496911e+03	4.160353e+04	5.607736e+00
1.496931e+03	4.153877e+04	5.603669e+00
1.496952e+03	4.149878e+04	5.601389e+00
1.496973e+03	4.145353e+04	5.597481e+00
1.496994e+03	4.137767e+04	5.592861e+00
1.497015e+03	4.132084e+04	5.589417e+00
1.497036e+03	4.128865e+04	5.586952e+00
1.497056e+03	4.126865e+04	5.585275e+00
1.497077e+03	4.119396e+04	5.581030e+00
1.497098e+03	4.110812e+04	5.574863e+00
1.497119e+03	4.113852e+04	5.577569e+00
1.497140e+03	4.125088e+04	5.585201e+00
1.497161e+03	4.127091e+04	5.585953e+00
1.497181e+03	4.132271e+04	5.589540e+00
1.497202e+03	4.136587e+04	5.592391e+00
1.497223e+03	4.142128e+04	5.596200e+00
1.497244e+03	4.147555e+04	5.599033e+00
1.497265e+03	4.153791e+04	5.603684e+00
1.497286e+03	4.157295e+04	5.605737e+00
1.497306e+03	4.160534e+04	5.608218e+00
1.497327e+03	4.163676e+04	5.609778e+00
1.497348e+03	4.161981e+04	5.609277e+00
1.497369e+03	4.157123e+04	5.606272e+00
1.497390e+03	4.151102e+04	5.601854e+00
1.497411e+03	4.141275e+04	5.595686e+00
1.497431e+03	4.129388e+04	5.587772e+00
1.497452e+03	4.116898e+04	5.579101e+00
1.497473e+03	4.104422e+04	5.570105e+00
1.497494e+03	4.090232e+04	5.561515e+00
1.497515e+03	4.078641e+04	5.552863e+00
1.497536e+03	4.068500e+04	5.546143e+00
1.497556e+03	4.060139e+04	5.540944e+00
1.497577e+03	4.051776e+04	5.535592e+00
1.497598e+03	4.036869e+04	5.524925e+00
1.497619e+03	4.035986e+04	5.523977e+00
1.497640e+03	4.051831e+04	5.534826e+00
1.497661e+03	4.062385e+04	5.542019e+00
1.497681e+03	4.071025e+04	5.547602e+00
1.497702e+03	4.080445e+04	5.554207e+00
1.497723e+03	4.092527e+04	5.562482e+00
1.497744e+03	4.105992e+04	5.571056e+00
1.497765e+03	4.119858e+04	5.580444e+00
1.497786e+03	4.133956e+04	5.589753e+00
1.497806e+03	4.145889e+04	5.597676e+00
1.497827e+03	4.157703e+04	5.606209e+00
1.497848e+03	4.164624e+04	5.609837e+00
1.497869e+03	4.168104e+04	5.612587e+00
1.497890e+03	4.169507e+04	5.613353e+00
1.497911e+03	4.169750e+04	5.613386e+00
1.497952e+03	4.159502e+04	5.606627e+00
1.497973e+03	4.153030e+04	5.602111e+00
1.497994e+03	4.148348e+04	5.598775e+00
1.498015e+03	4.141916e+04	5.594399e+00
1.498036e+03	4.136722e+04	5.591681e+00
1.498056e+03	4.132416e+04	5.588225e+00
1.498077e+03	4.128347e+04	5.585431e+00
1.498098e+03	4.120490e+04	5.580710e+00
1.498119e+03	4.114378e+04	5.576528e+00
1.498140e+03	4.122559e+04	5.581647e+00
1.498161e+03	4.128891e+04	5.586432e+00
1.498181e+03	4.134366e+04	5.589724e+00
1.498202e+03	4.138402e+04	5.592394e+00
1.498223e+03	4.142715e+04	5.595347e+00
1.498244e+03	4.148869e+04	5.599069e+00
1.498265e+03	4.154030e+04	5.602072e+00
1.498286e+03	4.159229e+04	5.606228e+00
1.498306e+03	4.164940e+04	5.609647e+00
1.498327e+03	4.166576e+04	5.611103e+00
1.498348e+03	4.166078e+04	5.610490e+00
1.498369e+03	4.162816e+04	5.609079e+00
1.498390e+03	4.157860e+04	5.605556e+00
1.498411e+03	4.150548e+04	5.600611e+00
1.498431e+03	4.139947e+04	5.593468e+00
1.498452e+03	4.125892e+04	5.584133e+00
1.498473e+03	4.112532e+04	5.575522e+00
1.498494e+03	4.099943e+04	5.567095e+00
1.498515e+03	4.089039e+04	5.559622e+00
1.498536e+03	4.077486e+04	5.551484e+00
1.498556e+03	4.067006e+04	5.545270e+00
1.498577e+03	4.059287e+04	5.540191e+00
1.498598e+03	4.047376e+04	5.531767e+00
1.498619e+03	4.034176e+04	5.523015e+00
1.498640e+03	4.040755e+04	5.527212e+00
1.498661e+03	4.056314e+04	5.537778e+00
1.498681e+03	4.061042e+04	5.540927e+00
1.498702e+03	4.071137e+04	5.548150e+00
1.498723e+03	4.080677e+04	5.554352e+00
1.498744e+03	4.094614e+04	5.563580e+00
1.498765e+03	4.107424e+04	5.572222e+00
1.498786e+03	4.121127e+04	5.581188e+00
1.498806e+03	4.134345e+04	5.589953e+00
1.498827e+03	4.144490e+04	5.596263e+00
1.498848e+03	4.152449e+04	5.602629e+00
1.498869e+03	4.156705e+04	5.605338e+00
1.498890e+03	4.159792e+04	5.607085e+00
1.498911e+03	4.160078e+04	5.607775e+00
1.498931e+03	4.157279e+04	5.605466e+00
1.498952e+03	4.152485e+04	5.602415e+00
1.498973e+03	4.146126e+04	5.598493e+00
1.498994e+03	4.141749e+04	5.595233e+00
1.499015e+03	4.134238e+04	5.590203e+00
1.499036e+03	4.129863e+04	5.587318e+00
1.499056e+03	4.125129e+04	5.584809e+00
1.499077e+03	4.123150e+04	5.582538e+00
1.499098e+03	4.117807e+04	5.579365e+00
1.499119e+03	4.109985e+04	5.573740e+00
1.499140e+03	4.111628e+04	5.575786e+00
1.499161e+03	4.120569e+04	5.581250e+00
1.499181e+03	4.123935e+04	5.583575e+00
1.499202e+03	4.128103e+04	5.586421e+00
1.499223e+03	4.132729e+04	5.589328e+00
1.499244e+03	4.138454e+04	5.593492e+00
1.499265e+03	4.143967e+04	5.596876e+00
1.499286e+03	4.147035e+04	5.599559e+00
1.499306e+03	4.153788e+04	5.603094e+00
1.499327e+03	4.157134e+04	5.606130e+00
1.499348e+03	4.159205e+04	5.607147e+00
1.499369e+03	4.159501e+04	5.607219e+00
1.499390e+03	4.156230e+04	5.605197e+00
1.499411e+03	4.151138e+04	5.602161e+00
1.499431e+03	4.142262e+04	5.596546e+00
1.499452e+03	4.130802e+04	5.588007e+00
1.499473e+03	4.118458e+04	5.580431e+00
1.499494e+03	4.105906e+04	5.571831e+00
1.499515e+03	4.094361e+04	5.563905e+00
1.499536e+03	4.081822e+04	5.555562e+00
1.499556e+03	4.073231e+04	5.549385e+00
1.499577e+03	4.062172e+04	5.542097e+00
1.499598e+03	4.053845e+04	5.537391e+00
1.499619e+03	4.038889e+04	5.526511e+00
1.499640e+03	4.033914e+04	5.523308e+00
1.499661e+03	4.047161e+04	5.532628e+00
1.499681e+03	4.059346e+04	5.539994e+00
1.499702e+03	4.068671e+04	5.546375e+00
1.499723e+03	4.076522e+04	5.552310e+00
1.499744e+03	4.089189e+04	5.559862e+00
1.499765e+03	4.101385e+04	5.568350e+00
1.499786e+03	4.115499e+04	5.578087e+00
1.499806e+03	4.127270e+04	5.585946e+00
1.499827e+03	4.138661e+04	5.592979e+00
1.499848e+03	4.147827e+04	5.599761e+00
1.499869e+03	4.154793e+04	5.604307e+00
1.499890e+03	4.159137e+04	5.607129e+00
1.499911e+03	4.159256e+04	5.607206e+00
1.499931e+03	4.160555e+04	5.608050e+00
1.499952e+03	4.156481e+04	5.605160e+00
1.499973e+03	4.152006e+04	5.602738e+00
1.499994e+03	4.145442e+04	5.598563e+00
1.500015e+03	4.139978e+04	5.594844e+00
1.500036e+03	4.135400e+04	5.591736e+00
1.500056e+03	4.130913e+04	5.588652e+00
1.500077e+03	4.126187e+04	5.585404e+00
1.500098e+03	4.122179e+04	5.583165e+00
1.500119e+03	4.116617e+04	5.579071e+00
1.500140e+03	4.111638e+04	5.575758e+00
1.500161e+03	4.118650e+04	5.580374e+00
1.500181e+03	4.124847e+04	5.584342e+00
1.500202e+03	4.130238e+04	5.587725e+00
1.500223e+03	4.134421e+04	5.590773e+00
1.500244e+03	4.140023e+04	5.594853e+00
1.500265e+03	4.143845e+04	5.596790e+00
1.500286e+03	4.150033e+04	5.601480e+00
1.500306e+03	4.157004e+04	5.606100e+00
1.500327e+03	4.162626e+04	5.609040e+00
1.500348e+03	4.162953e+04	5.609792e+00
1.500369e+03	4.166517e+04	5.611930e+00
1.500390e+03	4.166035e+04	5.611684e+00
1.500411e+03	4.160381e+04	5.607852e+00
1.500431e+03	4.154007e+04	5.604044e+00
1.500452e+03	4.144659e+04	5.597143e+00
1.500473e+03	4.132757e+04	5.589430e+00
1.500494e+03	4.120025e+04	5.581061e+00
1.500515e+03	4.107699e+04	5.572368e+00
1.500536e+03	4.095008e+04	5.564019e+00
1.500556e+03	4.086325e+04	5.557960e+00
1.500577e+03	4.076188e+04	5.551612e+00
1.500598e+03	4.067119e+04	5.545705e+00
1.500619e+03	4.056714e+04	5.538583e+00
1.500640e+03	4.041802e+04	5.528072e+00
1.500661e+03	4.044952e+04	5.530277e+00
1.500681e+03	4.063088e+04	5.542337e+00
1.500702e+03	4.069520e+04	5.546634e+00
1.500723e+03	4.075154e+04	5.550811e+00
1.500744e+03	4.085727e+04	5.557706e+00
1.500765e+03	4.099597e+04	5.566784e+00
1.500786e+03	4.109910e+04	5.573908e+00
1.500806e+03	4.125244e+04	5.583497e+00
1.500827e+03	4.137578e+04	5.591818e+00
1.500848e+03	4.149935e+04	5.600228e+00
1.500869e+03	4.157017e+04	5.605286e+00
1.500890e+03	4.162338e+04	5.608114e+00
1.500911e+03	4.165359e+04	5.611105e+00
1.500931e+03	4.164641e+04	5.610529e+00
1.500952e+03	4.161299e+04	5.607745e+00
1.500973e+03	4.157681e+04	5.605845e+00
1.500994e+03	4.151636e+04	5.600749e+00
1.501015e+03	4.142813e+04	5.595405e+00
1.501036e+03	4.135517e+04	5.591071e+00
1.501077e+03	4.126604e+04	5.584130e+00
1.501098e+03	4.124085e+04	5.583057e+00
1.501119e+03	4.118622e+04	5.579314e+00
1.501140e+03	4.108894e+04	5.573153e+00
1.501161e+03	4.109946e+04	5.573453e+00
1.501181e+03	4.120413e+04	5.580470e+00
1.501202e+03	4.122060e+04	5.582333e+00
1.501223e+03	4.128667e+04	5.585401e+00
1.501244e+03	4.133122e+04	5.588596e+00
1.501265e+03	4.136301e+04	5.591098e+00
1.501286e+03	4.141945e+04	5.595020e+00
1.501306e+03	4.147637e+04	5.598280e+00
1.501327e+03	4.153425e+04	5.602263e+00
1.501348e+03	4.157078e+04	5.604424e+00
1.501369e+03	4.159316e+04	5.606092e+00
1.501390e+03	4.158101e+04	5.605305e+00
1.501411e+03	4.156024e+04	5.604031e+00
1.501431e+03	4.151497e+04	5.601150e+00
1.501452e+03	4.143128e+04	5.595612e+00
1.501473e+03	4.133394e+04	5.589195e+00
1.501494e+03	4.122144e+04	5.581356e+00
1.501515e+03	4.107599e+04	5.571233e+00
1.501536e+03	4.094779e+04	5.563749e+00
1.501556e+03	4.083690e+04	5.556118e+00
1.501577e+03	4.074419e+04	5.549758e+00
1.501598e+03	4.065654e+04	5.543718e+00
1.501619e+03	4.060017e+04	5.539652e+00
1.501640e+03	4.041544e+04	5.528689e+00
1.501661e+03	4.035656e+04	5.522769e+00
1.501681e+03	4.049066e+04	5.532441e+00
1.501702e+03	4.060893e+04	5.540792e+00
1.501723e+03	4.069434e+04	5.546415e+00
1.501744e+03	4.076207e+04	5.550966e+00
1.501765e+03	4.089008e+04	5.559614e+00
1.501786e+03	4.103758e+04	5.569001e+00
1.501806e+03	4.115636e+04	5.577491e+00
1.501827e+03	4.129532e+04	5.586149e+00
1.501848e+03	4.141770e+04	5.594952e+00
1.501869e+03	4.151086e+04	5.601470e+00
1.501890e+03	4.159144e+04	5.606697e+00
1.501911e+03	4.162374e+04	5.608741e+00
1.501931e+03	4.162695e+04	5.608213e+00
1.501952e+03	4.164516e+04	5.609840e+00
1.501973e+03	4.158913e+04	5.606895e+00
1.501994e+03	4.155126e+04	5.603225e+00
1.502015e+03	4.148722e+04	5.599392e+00
1.502036e+03	4.142919e+04	5.595052e+00
1.502056e+03	4.138251e+04	5.592354e+00
1.502077e+03	4.130414e+04	5.587518e+00
1.502098e+03	4.126873e+04	5.584788e+00
1.502119e+03	4.124416e+04	5.583303e+00
1.502140e+03	4.116320e+04	5.577837e+00
1.502161e+03	4.108095e+04	5.573094e+00
1.502181e+03	4.114951e+04	5.577100e+00
1.502202e+03	4.121794e+04	5.581575e+00
1.502223e+03	4.125625e+04	5.583974e+00
1.502244e+03	4.126949e+04	5.585078e+00
1.502265e+03	4.133091e+04	5.588796e+00
1.502286e+03	4.138074e+04	5.592451e+00
1.502306e+03	4.143812e+04	5.596383e+00
1.502327e+03	4.151045e+04	5.600614e+00
1.502348e+03	4.155712e+04	5.604390e+00
1.502369e+03	4.161335e+04	5.607216e+00
1.502390e+03	4.161989e+04	5.608172e+00
1.502411e+03	4.160736e+04	5.607904e+00
1.502431e+03	4.157863e+04	5.605690e+00
1.502452e+03	4.150828e+04	5.601192e+00
1.502473e+03	4.143689e+04	5.596542e+00
1.502494e+03	4.133145e+04	5.589206e+00
1.502515e+03	4.118600e+04	5.579187e+00
1.502536e+03	4.107694e+04	5.572439e+00
1.502556e+03	4.095043e+04	5.564013e+00
1.502577e+03	4.082516e+04	5.555102e+00
1.502598e+03	4.073429e+04	5.549257e+00
1.502619e+03	4.065051e+04	5.543511e+00
1.502640e+03	4.057320e+04	5.538352e+00
1.502661e+03	4.040645e+04	5.527987e+00
1.502681e+03	4.041773e+04	5.528053e+00
1.502702e+03	4.058140e+04	5.539151e+00
1.502723e+03	4.068271e+04	5.546111e+00
1.502744e+03	4.077334e+04	5.552046e+00
1.502765e+03	4.085548e+04	5.558181e+00
1.502786e+03	4.101182e+04	5.567682e+00
1.502806e+03	4.115267e+04	5.577857e+00
1.502827e+03	4.129403e+04	5.586895e+00
1.502848e+03	4.141706e+04	5.594763e+00
1.502869e+03	4.153177e+04	5.602774e+00
1.502890e+03	4.161886e+04	5.608659e+00
1.502911e+03	4.169179e+04	5.612936e+00
1.502931e+03	4.172412e+04	5.614968e+00
1.502952e+03	4.172845e+04	5.615834e+00
1.502973e+03	4.171430e+04	5.614399e+00
1.502994e+03	4.166180e+04	5.611144e+00
1.503015e+03	4.160808e+04	5.607626e+00
1.504723e+03	4.068076e+04	5.606102e+00
1.504744e+03	4.075585e+04	5.605627e+00
1.504765e+03	4.083060e+04	5.604829e+00
1.504786e+03	4.093308e+04	5.608770e+00
1.504806e+03	4.105323e+04	5.614100e+00
1.504827e+03	4.117313e+04	5.617716e+00
1.504848e+03	4.129172e+04	5.621145e+00
1.504869e+03	4.143182e+04	5.625206e+00
1.504890e+03	4.151135e+04	5.625798e+00
1.504911e+03	4.160256e+04	5.628059e+00
1.504931e+03	4.166770e+04	5.628545e+00
1.504952e+03	4.171641e+04	5.628794e+00
1.504973e+03	4.171284e+04	5.627253e+00
1.504994e+03	4.169817e+04	5.623839e+00
1.505015e+03	4.165078e+04	5.618520e+00
1.505036e+03	4.159304e+04	5.613416e+00
1.505056e+03	4.154015e+04	5.608875e+00
1.505077e+03	4.146091e+04	5.603404e+00
1.505098e+03	4.142087e+04	5.600047e+00
1.505119e+03	4.137315e+04	5.596927e+00
1.505140e+03	4.132963e+04	5.593740e+00
1.505161e+03	4.129803e+04	5.591628e+00
1.505181e+03	4.121088e+04	5.584532e+00
1.505202e+03	4.118763e+04	5.582718e+00
1.505223e+03	4.125556e+04	5.587950e+00
1.505244e+03	4.131738e+04	5.591851e+00
1.505265e+03	4.133513e+04	5.593530e+00
1.505286e+03	4.138530e+04	5.595896e+00
1.505306e+03	4.141339e+04	5.598378e+00
1.505327e+03	4.147727e+04	5.601708e+00
1.505348e+03	4.153499e+04	5.605580e+00
1.505369e+03	4.158766e+04	5.609496e+00
1.505390e+03	4.163546e+04	5.611777e+00
1.505411e+03	4.166744e+04	5.614050e+00
1.505431e+03	4.165837e+04	5.613585e+00
1.505452e+03	4.163934e+04	5.612285e+00
1.505473e+03	4.158248e+04	5.608216e+00
1.505494e+03	4.148003e+04	5.601392e+00
1.505515e+03	4.137909e+04	5.595091e+00
1.505536e+03	4.124119e+04	5.585544e+00
1.505556e+03	4.111551e+04	5.577268e+00
1.505577e+03	4.098934e+04	5.569027e+00
1.505598e+03	4.087158e+04	5.560901e+00
1.505619e+03	4.074026e+04	5.551292e+00
1.505640e+03	4.064050e+04	5.545064e+00
1.505661e+03	4.057355e+04	5.540971e+00
1.505681e+03	4.044132e+04	5.531678e+00
1.505702e+03	4.031888e+04	5.523115e+00
1.505723e+03	4.038750e+04	5.528805e+00
1.505744e+03	4.056387e+04	5.539818e+00
1.505765e+03	4.063843e+04	5.544149e+00
1.505786e+03	4.071659e+04	5.550097e+00
1.505806e+03	4.081483e+04	5.556220e+00
1.505827e+03	4.093001e+04	5.564627e+00
1.505848e+03	4.108174e+04	5.573551e+00
1.505869e+03	4.121532e+04	5.582860e+00
1.505890e+03	4.132801e+04	5.590338e+00
1.505911e+03	4.144186e+04	5.598038e+00
1.505931e+03	4.151523e+04	5.603194e+00
1.505952e+03	4.158774e+04	5.607524e+00
1.505973e+03	4.161556e+04	5.610160e+00
1.505994e+03	4.161315e+04	5.609511e+00
1.506015e+03	4.158385e+04	5.607473e+00
1.506036e+03	4.156216e+04	5.606070e+00
1.506056e+03	4.149336e+04	5.601355e+00
1.506077e+03	4.142145e+04	5.596313e+00
1.506098e+03	4.137576e+04	5.593041e+00
1.506119e+03	4.130451e+04	5.588652e+00
1.506140e+03	4.125484e+04	5.585184e+00
1.506161e+03	4.120692e+04	5.582275e+00
1.506181e+03	4.116962e+04	5.580120e+00
1.506202e+03	4.107372e+04	5.573565e+00
1.506223e+03	4.109867e+04	5.575517e+00
1.506244e+03	4.119914e+04	5.581729e+00
1.506265e+03	4.123657e+04	5.584381e+00
1.506286e+03	4.129088e+04	5.587308e+00
1.506306e+03	4.133106e+04	5.590076e+00
1.506327e+03	4.139231e+04	5.593773e+00
1.506348e+03	4.143020e+04	5.596712e+00
1.506369e+03	4.151173e+04	5.602604e+00
1.506390e+03	4.156331e+04	5.605417e+00
1.506411e+03	4.158805e+04	5.606848e+00
1.506431e+03	4.163065e+04	5.609708e+00
1.506452e+03	4.161953e+04	5.609194e+00
1.506473e+03	4.159347e+04	5.607130e+00
1.506494e+03	4.154067e+04	5.603757e+00
1.506515e+03	4.144656e+04	5.597224e+00
1.506536e+03	4.135555e+04	5.591624e+00
1.506556e+03	4.122413e+04	5.582031e+00
1.506577e+03	4.109094e+04	5.573765e+00
1.506598e+03	4.096685e+04	5.565325e+00
1.506619e+03	4.085238e+04	5.557284e+00
1.506640e+03	4.073154e+04	5.549412e+00
1.506661e+03	4.064314e+04	5.543755e+00
1.506681e+03	4.058648e+04	5.539392e+00
1.506702e+03	4.041391e+04	5.528185e+00
1.506723e+03	4.036559e+04	5.525169e+00
1.506744e+03	4.049888e+04	5.533694e+00
1.506765e+03	4.061812e+04	5.541349e+00
1.506786e+03	4.070909e+04	5.547614e+00
1.506806e+03	4.078671e+04	5.553336e+00
1.506827e+03	4.091967e+04	5.561630e+00
1.506848e+03	4.103099e+04	5.569074e+00
1.506869e+03	4.117575e+04	5.578626e+00
1.506890e+03	4.131510e+04	5.588294e+00
1.506911e+03	4.141992e+04	5.595116e+00
1.506931e+03	4.149090e+04	5.600800e+00
1.506952e+03	4.158887e+04	5.606228e+00
1.506973e+03	4.164116e+04	5.609529e+00
1.506994e+03	4.163647e+04	5.609731e+00
1.507015e+03	4.164273e+04	5.610048e+00
1.507036e+03	4.160404e+04	5.608354e+00
1.507056e+03	4.155769e+04	5.604402e+00
1.507077e+03	4.149417e+04	5.600744e+00
1.507098e+03	4.143609e+04	5.596517e+00
1.507119e+03	4.140433e+04	5.594470e+00
1.507140e+03	4.135427e+04	5.591243e+00
1.507161e+03	4.130947e+04	5.588421e+00
1.507181e+03	4.128766e+04	5.587449e+00
1.507202e+03	4.120523e+04	5.580735e+00
1.507223e+03	4.114823e+04	5.578346e+00
1.507244e+03	4.123120e+04	5.582633e+00
1.507265e+03	4.128460e+04	5.587103e+00
1.507286e+03	4.133002e+04	5.589003e+00
1.507306e+03	4.136809e+04	5.592139e+00
1.507327e+03	4.142017e+04	5.595430e+00
1.507348e+03	4.146055e+04	5.597557e+00
1.507369e+03	4.151139e+04	5.600664e+00
1.507390e+03	4.157295e+04	5.604613e+00
1.507411e+03	4.161674e+04	5.608024e+00
1.507431e+03	4.165234e+04	5.610101e+00
1.507452e+03	4.165391e+04	5.610839e+00
1.507473e+03	4.164266e+04	5.609592e+00
1.507494e+03	4.161594e+04	5.608078e+00
1.507515e+03	4.153133e+04	5.602239e+00
1.507536e+03	4.143352e+04	5.596023e+00
1.507556e+03	4.131291e+04	5.587762e+00
1.507577e+03	4.118860e+04	5.579605e+00
1.507598e+03	4.105809e+04	5.570535e+00
1.507619e+03	4.093729e+04	5.562322e+00
1.507640e+03	4.081108e+04	5.554700e+00
1.507661e+03	4.071522e+04	5.548316e+00
1.507681e+03	4.062531e+04	5.541818e+00
1.507702e+03	4.053632e+04	5.535578e+00
1.507723e+03	4.037081e+04	5.524583e+00
1.507744e+03	4.042245e+04	5.528372e+00
1.507765e+03	4.058837e+04	5.539834e+00
1.507786e+03	4.064666e+04	5.543869e+00
1.507806e+03	4.072032e+04	5.549083e+00
1.507827e+03	4.082731e+04	5.555531e+00
1.507848e+03	4.097281e+04	5.564597e+00
1.507890e+03	4.124166e+04	5.583289e+00
1.507911e+03	4.134762e+04	5.590693e+00
1.507931e+03	4.145108e+04	5.597091e+00
1.507952e+03	4.155559e+04	5.604483e+00
1.507973e+03	4.160872e+04	5.608207e+00
1.507994e+03	4.163071e+04	5.609005e+00
1.508015e+03	4.162361e+04	5.609090e+00
1.508036e+03	4.159776e+04	5.607523e+00
1.508056e+03	4.155884e+04	5.604193e+00
1.508077e+03	4.149320e+04	5.600439e+00
1.508098e+03	4.143313e+04	5.596813e+00
1.508119e+03	4.136472e+04	5.592629e+00
1.508140e+03	4.131091e+04	5.588489e+00
1.508161e+03	4.127057e+04	5.585338e+00
1.508181e+03	4.120989e+04	5.582429e+00
1.508202e+03	4.116989e+04	5.578637e+00
1.508223e+03	4.105335e+04	5.571660e+00
1.508244e+03	4.108678e+04	5.573443e+00
1.508265e+03	4.118037e+04	5.579677e+00
1.508286e+03	4.122345e+04	5.582664e+00
1.508306e+03	4.124314e+04	5.583454e+00
1.508327e+03	4.131290e+04	5.588704e+00
1.508348e+03	4.136892e+04	5.592316e+00
1.508369e+03	4.142574e+04	5.595893e+00
1.508390e+03	4.148890e+04	5.599833e+00
1.508411e+03	4.154269e+04	5.603701e+00
1.508431e+03	4.158180e+04	5.606058e+00
1.508452e+03	4.159264e+04	5.606481e+00
1.508473e+03	4.159602e+04	5.607094e+00
1.508494e+03	4.154563e+04	5.603741e+00
1.508515e+03	4.148696e+04	5.599305e+00
1.508536e+03	4.142910e+04	5.596251e+00
1.508556e+03	4.131605e+04	5.588564e+00
1.508577e+03	4.119845e+04	5.580437e+00
1.508598e+03	4.109436e+04	5.574011e+00
1.508619e+03	4.095841e+04	5.564597e+00
1.508640e+03	4.083892e+04	5.556367e+00
1.508661e+03	4.072181e+04	5.549408e+00
1.508681e+03	4.065038e+04	5.544167e+00
1.508702e+03	4.058328e+04	5.539743e+00
1.508723e+03	4.042864e+04	5.529287e+00
1.508744e+03	4.035372e+04	5.525390e+00
1.508765e+03	4.047499e+04	5.532641e+00
1.508786e+03	4.061658e+04	5.542186e+00
1.508806e+03	4.068014e+04	5.546702e+00
1.508827e+03	4.078637e+04	5.553264e+00
1.508848e+03	4.087493e+04	5.559955e+00
1.508869e+03	4.101968e+04	5.569537e+00
1.508890e+03	4.111795e+04	5.576838e+00
1.508911e+03	4.128863e+04	5.586856e+00
1.508931e+03	4.139225e+04	5.594312e+00
1.508952e+03	4.148580e+04	5.600796e+00
1.508973e+03	4.157723e+04	5.606701e+00
1.508994e+03	4.162760e+04	5.609930e+00
1.509015e+03	4.164288e+04	5.611612e+00
1.509036e+03	4.164082e+04	5.610828e+00
1.509056e+03	4.158717e+04	5.607528e+00
1.509077e+03	4.154500e+04	5.604315e+00
1.509098e+03	4.147269e+04	5.599723e+00
1.509119e+03	4.141914e+04	5.595716e+00
1.509140e+03	4.135081e+04	5.591527e+00
1.509161e+03	4.129798e+04	5.588000e+00
1.509181e+03	4.125317e+04	5.585323e+00
1.509202e+03	4.122416e+04	5.583479e+00
1.509223e+03	4.114656e+04	5.578311e+00
1.509244e+03	4.107400e+04	5.573195e+00
1.509265e+03	4.113842e+04	5.577675e+00
1.509285e+03	4.121449e+04	5.582515e+00
1.509306e+03	4.124861e+04	5.584832e+00
1.509327e+03	4.127286e+04	5.586675e+00
1.509348e+03	4.134217e+04	5.590580e+00
1.509369e+03	4.139108e+04	5.594247e+00
1.509390e+03	4.144697e+04	5.598427e+00
1.509410e+03	4.149657e+04	5.601534e+00
1.509431e+03	4.154045e+04	5.604115e+00
1.509452e+03	4.159361e+04	5.608335e+00
1.509473e+03	4.163594e+04	5.610045e+00
1.509494e+03	4.161534e+04	5.609390e+00
1.509515e+03	4.157450e+04	5.605825e+00
1.509535e+03	4.150668e+04	5.601933e+00
1.509556e+03	4.142404e+04	5.595967e+00
1.509577e+03	4.130832e+04	5.588220e+00
1.509598e+03	4.120106e+04	5.581595e+00
1.509619e+03	4.107402e+04	5.572993e+00
1.509640e+03	4.094390e+04	5.563582e+00
1.509660e+03	4.081483e+04	5.555506e+00
1.509681e+03	4.071205e+04	5.549130e+00
1.509702e+03	4.064525e+04	5.544704e+00
1.509723e+03	4.056917e+04	5.538527e+00
1.509744e+03	4.040675e+04	5.527535e+00
1.509765e+03	4.041079e+04	5.528175e+00
1.509785e+03	4.060082e+04	5.540652e+00
1.509806e+03	4.068276e+04	5.546623e+00
1.509827e+03	4.076675e+04	5.551398e+00
1.509848e+03	4.088511e+04	5.559968e+00
1.509869e+03	4.100929e+04	5.568201e+00
1.509890e+03	4.112469e+04	5.576376e+00
1.509910e+03	4.127794e+04	5.585774e+00
1.509931e+03	4.140786e+04	5.594611e+00
1.509952e+03	4.151023e+04	5.600791e+00
1.509973e+03	4.161579e+04	5.608131e+00
1.509994e+03	4.166513e+04	5.610922e+00
1.510015e+03	4.169941e+04	5.613660e+00
1.510035e+03	4.170665e+04	5.613447e+00
1.510056e+03	4.166831e+04	5.612045e+00
1.510077e+03	4.163846e+04	5.608539e+00
1.510098e+03	4.156435e+04	5.604927e+00
1.510119e+03	4.150800e+04	5.600422e+00
1.510140e+03	4.143950e+04	5.595926e+00
1.510160e+03	4.137631e+04	5.591589e+00
1.510181e+03	4.131139e+04	5.587571e+00
1.510202e+03	4.126073e+04	5.583869e+00
1.510223e+03	4.122230e+04	5.581629e+00
1.510244e+03	4.111214e+04	5.574065e+00
1.510265e+03	4.108806e+04	5.572538e+00
1.510285e+03	4.118355e+04	5.578656e+00
1.510306e+03	4.121496e+04	5.581487e+00
1.510327e+03	4.127022e+04	5.584002e+00
1.510348e+03	4.129749e+04	5.586583e+00
1.510369e+03	4.133980e+04	5.589752e+00
1.510390e+03	4.139587e+04	5.593341e+00
1.510410e+03	4.145402e+04	5.596511e+00
1.510431e+03	4.149648e+04	5.599735e+00
1.510452e+03	4.155971e+04	5.603416e+00
1.510473e+03	4.158828e+04	5.605101e+00
1.510494e+03	4.159503e+04	5.605552e+00
1.510515e+03	4.156061e+04	5.603304e+00
1.510535e+03	4.150793e+04	5.600192e+00
1.510556e+03	4.142886e+04	5.594742e+00
1.510577e+03	4.133228e+04	5.588908e+00
1.510598e+03	4.121520e+04	5.580162e+00
1.510619e+03	4.107706e+04	5.571764e+00
1.510640e+03	4.097496e+04	5.563650e+00
1.510660e+03	4.083027e+04	5.554997e+00
1.510681e+03	4.071969e+04	5.547721e+00
1.510702e+03	4.064692e+04	5.542427e+00
1.510723e+03	4.058211e+04	5.538144e+00
1.510744e+03	4.042808e+04	5.528175e+00
1.510765e+03	4.034228e+04	5.521666e+00
1.510785e+03	4.044721e+04	5.529201e+00
1.510806e+03	4.056945e+04	5.537177e+00
1.510827e+03	4.063618e+04	5.542250e+00
1.510848e+03	4.073240e+04	5.548152e+00
1.510869e+03	4.084256e+04	5.556574e+00
1.510890e+03	4.098175e+04	5.564834e+00
1.510910e+03	4.110056e+04	5.574309e+00
1.510931e+03	4.125070e+04	5.582979e+00
1.510952e+03	4.139888e+04	5.592463e+00
1.510973e+03	4.149872e+04	5.599208e+00
1.511015e+03	4.165656e+04	5.610177e+00
1.511035e+03	4.165319e+04	5.610901e+00
1.511056e+03	4.167036e+04	5.611163e+00
1.511077e+03	4.162293e+04	5.607792e+00
1.511098e+03	4.157519e+04	5.604553e+00
1.511119e+03	4.151716e+04	5.601594e+00
1.511140e+03	4.144664e+04	5.596277e+00
1.511160e+03	4.138660e+04	5.592180e+00
1.511181e+03	4.132459e+04	5.587992e+00
1.511202e+03	4.129190e+04	5.585815e+00
1.511223e+03	4.125536e+04	5.583723e+00
1.511244e+03	4.119040e+04	5.578738e+00
1.511265e+03	4.109938e+04	5.572532e+00
1.511285e+03	4.113878e+04	5.576263e+00
1.511306e+03	4.125451e+04	5.583793e+00
1.511327e+03	4.126878e+04	5.584909e+00
1.511348e+03	4.131341e+04	5.587691e+00
1.511369e+03	4.136363e+04	5.590895e+00
1.511390e+03	4.140387e+04	5.593234e+00
1.511410e+03	4.146684e+04	5.597684e+00
1.511431e+03	4.152882e+04	5.601440e+00
1.511452e+03	4.156080e+04	5.603635e+00
1.511473e+03	4.158095e+04	5.605119e+00
1.511494e+03	4.158830e+04	5.605605e+00
1.511515e+03	4.158569e+04	5.605375e+00
1.511535e+03	4.154508e+04	5.602723e+00
1.511556e+03	4.146631e+04	5.597571e+00
1.511577e+03	4.139108e+04	5.592429e+00
1.511598e+03	4.127831e+04	5.585512e+00
1.511619e+03	4.115187e+04	5.576713e+00
1.511640e+03	4.102872e+04	5.568452e+00
1.511660e+03	4.091960e+04	5.560964e+00
1.511681e+03	4.077975e+04	5.551494e+00
1.511702e+03	4.069559e+04	5.545582e+00
1.511723e+03	4.061098e+04	5.539872e+00
1.511744e+03	4.052475e+04	5.534400e+00
1.511765e+03	4.036460e+04	5.523354e+00
1.511785e+03	4.037246e+04	5.523932e+00
1.511806e+03	4.054382e+04	5.536116e+00
1.511827e+03	4.063390e+04	5.541955e+00
1.511848e+03	4.072538e+04	5.548128e+00
1.511869e+03	4.083685e+04	5.555506e+00
1.511890e+03	4.096243e+04	5.564341e+00
1.511910e+03	4.110658e+04	5.573787e+00
1.511931e+03	4.123577e+04	5.582784e+00
1.511952e+03	4.135461e+04	5.590868e+00
1.511973e+03	4.149223e+04	5.599228e+00
1.511994e+03	4.158417e+04	5.605775e+00
1.512015e+03	4.165407e+04	5.610796e+00
1.512035e+03	4.168243e+04	5.612614e+00
1.512056e+03	4.171377e+04	5.614069e+00
1.512077e+03	4.168249e+04	5.613029e+00
1.512098e+03	4.164149e+04	5.610019e+00
1.512119e+03	4.157260e+04	5.605023e+00
1.512140e+03	4.151307e+04	5.601171e+00
1.512160e+03	4.145083e+04	5.597794e+00
1.512181e+03	4.141320e+04	5.594415e+00
1.512202e+03	4.135640e+04	5.590969e+00
1.512223e+03	4.131346e+04	5.588176e+00
1.512244e+03	4.127182e+04	5.585593e+00
1.512265e+03	4.118514e+04	5.579525e+00
1.512285e+03	4.114960e+04	5.577425e+00
1.512306e+03	4.124628e+04	5.583460e+00
1.512327e+03	4.129399e+04	5.586657e+00
1.512348e+03	4.132267e+04	5.588660e+00
1.512369e+03	4.134714e+04	5.590939e+00
1.512390e+03	4.140446e+04	5.593983e+00
1.512410e+03	4.146227e+04	5.597941e+00
1.512431e+03	4.151564e+04	5.601708e+00
1.512452e+03	4.157233e+04	5.605434e+00
1.512473e+03	4.160344e+04	5.607175e+00
1.512494e+03	4.163166e+04	5.608924e+00
1.512515e+03	4.164308e+04	5.609476e+00
1.512535e+03	4.160389e+04	5.607447e+00
1.512556e+03	4.155414e+04	5.604272e+00
1.512577e+03	4.145497e+04	5.597363e+00
1.512598e+03	4.135628e+04	5.591224e+00
1.512619e+03	4.123757e+04	5.583588e+00
1.512640e+03	4.110989e+04	5.573839e+00
1.512660e+03	4.096154e+04	5.564484e+00
1.512681e+03	4.084344e+04	5.556737e+00
1.512702e+03	4.072830e+04	5.549254e+00
1.512723e+03	4.063123e+04	5.542269e+00
1.512744e+03	4.056123e+04	5.537826e+00
1.512765e+03	4.042610e+04	5.528785e+00
1.512785e+03	4.029366e+04	5.520285e+00
1.512806e+03	4.038413e+04	5.525519e+00
1.512827e+03	4.054161e+04	5.536229e+00
1.512848e+03	4.059843e+04	5.540416e+00
1.512869e+03	4.068800e+04	5.546207e+00
1.512890e+03	4.079974e+04	5.553504e+00
1.512910e+03	4.091284e+04	5.561313e+00
1.512931e+03	4.107727e+04	5.571486e+00
1.512952e+03	4.119626e+04	5.580050e+00
1.512973e+03	4.132892e+04	5.588488e+00
1.512994e+03	4.145491e+04	5.597089e+00
1.513015e+03	4.153192e+04	5.601954e+00
1.513035e+03	4.159280e+04	5.605833e+00
1.513056e+03	4.161377e+04	5.607040e+00
1.513077e+03	4.162136e+04	5.608215e+00
1.513098e+03	4.159666e+04	5.606250e+00
1.513119e+03	4.156509e+04	5.603892e+00
1.513140e+03	4.150127e+04	5.599539e+00
1.513160e+03	4.142834e+04	5.595272e+00
1.513181e+03	4.138515e+04	5.592280e+00
1.513202e+03	4.130879e+04	5.587104e+00
1.513223e+03	4.127362e+04	5.584199e+00
1.513244e+03	4.123124e+04	5.581829e+00
1.513265e+03	4.117136e+04	5.577735e+00
1.513285e+03	4.107925e+04	5.572100e+00
1.513306e+03	4.112445e+04	5.574613e+00
1.513327e+03	4.120510e+04	5.579737e+00
1.513348e+03	4.126341e+04	5.583473e+00
1.513369e+03	4.128109e+04	5.584621e+00
1.513390e+03	4.133725e+04	5.588666e+00
1.513410e+03	4.139447e+04	5.592401e+00
1.513431e+03	4.144152e+04	5.595118e+00
1.513452e+03	4.149106e+04	5.599400e+00
1.513473e+03	4.153296e+04	5.602004e+00
1.513494e+03	4.156840e+04	5.604515e+00
1.513515e+03	4.160012e+04	5.606096e+00
1.513535e+03	4.158636e+04	5.605723e+00
1.513556e+03	4.155061e+04	5.602471e+00
1.513577e+03	4.149323e+04	5.598570e+00
1.513598e+03	4.140206e+04	5.592916e+00
1.513619e+03	4.129986e+04	5.586770e+00
1.513640e+03	4.117898e+04	5.578207e+00
1.513660e+03	4.104720e+04	5.569857e+00
1.513681e+03	4.093107e+04	5.561380e+00
1.513702e+03	4.081505e+04	5.553670e+00
1.513723e+03	4.073170e+04	5.547916e+00
1.513744e+03	4.063038e+04	5.541316e+00
1.513765e+03	4.056237e+04	5.537089e+00
1.513785e+03	4.039477e+04	5.526380e+00
1.513806e+03	4.034642e+04	5.522336e+00
1.513827e+03	4.049494e+04	5.532074e+00
1.513848e+03	4.059744e+04	5.539351e+00
1.513869e+03	4.066563e+04	5.544046e+00
1.513890e+03	4.078169e+04	5.551590e+00
1.513910e+03	4.088215e+04	5.558668e+00
1.513931e+03	4.101911e+04	5.567540e+00
1.513952e+03	4.115328e+04	5.576822e+00
1.513973e+03	4.130802e+04	5.586512e+00
1.513994e+03	4.140891e+04	5.593253e+00
1.514015e+03	4.152532e+04	5.601521e+00
1.514035e+03	4.159349e+04	5.606055e+00
1.514056e+03	4.164222e+04	5.609052e+00
1.514077e+03	4.165737e+04	5.609584e+00
1.514098e+03	4.164672e+04	5.609136e+00
1.514140e+03	4.156700e+04	5.603231e+00
1.514160e+03	4.151032e+04	5.600030e+00
1.514181e+03	4.147078e+04	5.596862e+00
1.514202e+03	4.140770e+04	5.592854e+00
1.514223e+03	4.136780e+04	5.590147e+00
1.514244e+03	4.131790e+04	5.587174e+00
1.514265e+03	4.129872e+04	5.585299e+00
1.514285e+03	4.120944e+04	5.579720e+00
1.514306e+03	4.114979e+04	5.575406e+00
1.514327e+03	4.124061e+04	5.581226e+00
1.514348e+03	4.131827e+04	5.586381e+00
1.514369e+03	4.135813e+04	5.589268e+00
1.514390e+03	4.139071e+04	5.591156e+00
1.514410e+03	4.143539e+04	5.595222e+00
1.514431e+03	4.148950e+04	5.598054e+00
1.514452e+03	4.153118e+04	5.600842e+00
1.514473e+03	4.159572e+04	5.604918e+00
1.514494e+03	4.166027e+04	5.609349e+00
1.514515e+03	4.169753e+04	5.611711e+00
1.514535e+03	4.169767e+04	5.611516e+00
1.514556e+03	4.167580e+04	5.609988e+00
1.514577e+03	4.162218e+04	5.606991e+00
1.514598e+03	4.156547e+04	5.602659e+00
1.514619e+03	4.145310e+04	5.595071e+00
1.514640e+03	4.135032e+04	5.588176e+00
1.514660e+03	4.122687e+04	5.580162e+00
1.514681e+03	4.109306e+04	5.571819e+00
1.514702e+03	4.097127e+04	5.563321e+00
1.514723e+03	4.086212e+04	5.555861e+00
1.514744e+03	4.073573e+04	5.547605e+00
1.514765e+03	4.066258e+04	5.542554e+00
1.514785e+03	4.052795e+04	5.533797e+00
1.514806e+03	4.040191e+04	5.524529e+00
1.514827e+03	4.044839e+04	5.527762e+00
1.514848e+03	4.061223e+04	5.538843e+00
1.514869e+03	4.067919e+04	5.543978e+00
1.514890e+03	4.077390e+04	5.550447e+00
1.514910e+03	4.087331e+04	5.557049e+00
1.514931e+03	4.099746e+04	5.564999e+00
1.514952e+03	4.113518e+04	5.574262e+00
1.514973e+03	4.128393e+04	5.583860e+00
1.514994e+03	4.138316e+04	5.591041e+00
1.515015e+03	4.147919e+04	5.596970e+00
1.515035e+03	4.157080e+04	5.603373e+00
1.515056e+03	4.162602e+04	5.606969e+00
1.515077e+03	4.165010e+04	5.608980e+00
1.515098e+03	4.165768e+04	5.609153e+00
1.515119e+03	4.162566e+04	5.607353e+00
1.515140e+03	4.160571e+04	5.605334e+00
1.515160e+03	4.153596e+04	5.601682e+00
1.515181e+03	4.148323e+04	5.596953e+00
1.515202e+03	4.140786e+04	5.592681e+00
1.515223e+03	4.134258e+04	5.588527e+00
1.515244e+03	4.129502e+04	5.584809e+00
1.515265e+03	4.126092e+04	5.582565e+00
1.515285e+03	4.121800e+04	5.579918e+00
1.515306e+03	4.111662e+04	5.572781e+00
1.515327e+03	4.112451e+04	5.573490e+00
1.515348e+03	4.120975e+04	5.578923e+00
1.515369e+03	4.125846e+04	5.582350e+00
1.515390e+03	4.129815e+04	5.584400e+00
1.515410e+03	4.132988e+04	5.587047e+00
1.515431e+03	4.139605e+04	5.591464e+00
1.515452e+03	4.144559e+04	5.595121e+00
1.515473e+03	4.152272e+04	5.599404e+00
1.515494e+03	4.155412e+04	5.602021e+00
1.515515e+03	4.159752e+04	5.604303e+00
1.515535e+03	4.163843e+04	5.607491e+00
1.515556e+03	4.162971e+04	5.606819e+00
1.515577e+03	4.159292e+04	5.604513e+00
1.515598e+03	4.155048e+04	5.601566e+00
1.515619e+03	4.145365e+04	5.595574e+00
1.515640e+03	4.136281e+04	5.588453e+00
1.515660e+03	4.123817e+04	5.580554e+00
1.515681e+03	4.112469e+04	5.572453e+00
1.515702e+03	4.098166e+04	5.563810e+00
1.515723e+03	4.085703e+04	5.554893e+00
1.515744e+03	4.076354e+04	5.548900e+00
1.515765e+03	4.068853e+04	5.543321e+00
1.515785e+03	4.062134e+04	5.538876e+00
1.515806e+03	4.048132e+04	5.529225e+00
1.515827e+03	4.038854e+04	5.523062e+00
1.515848e+03	4.054404e+04	5.533398e+00
1.515869e+03	4.063764e+04	5.540717e+00
1.515890e+03	4.072299e+04	5.545695e+00
1.515910e+03	4.081650e+04	5.552410e+00
1.515931e+03	4.094546e+04	5.561098e+00
1.515952e+03	4.107831e+04	5.569471e+00
1.515973e+03	4.121045e+04	5.578324e+00
1.515994e+03	4.135136e+04	5.588017e+00
1.516015e+03	4.146072e+04	5.595129e+00
1.516035e+03	4.157742e+04	5.602647e+00
1.516056e+03	4.165068e+04	5.607619e+00
1.516077e+03	4.168904e+04	5.610006e+00
