# Time	Flux	Flux_Err	Phase	N
1.49234216e+03	1.00328964e+00	2.15372360e-04	-1.99583333e-01	36
1.49234300e+03	1.00351548e+00	1.87362427e-04	-1.98750000e-01	35
1.49234385e+03	1.00285792e+00	1.99397133e-04	-1.97916667e-01	37
1.49234469e+03	1.00378606e+00	2.99317579e-04	-1.97083333e-01	32
1.49234553e+03	1.00295739e+00	1.63755422e-04	-1.96250000e-01	35
1.49234638e+03	1.00251562e+00	2.44481975e-04	-1.95416667e-01	36
1.49234722e+03	1.00271434e+00	1.56152703e-04	-1.94583333e-01	32
1.49234806e+03	1.00240928e+00	1.37906510e-04	-1.93750000e-01	36
1.49234891e+03	1.00272085e+00	1.37651001e-04	-1.92916667e-01	37
1.49234975e+03	1.00279673e+00	2.61194156e-04	-1.92083333e-01	31
1.49235059e+03	1.00210691e+00	1.82483145e-04	-1.91250000e-01	35
1.49235144e+03	1.00251106e+00	1.57937672e-04	-1.90416667e-01	36
1.49235228e+03	1.00222830e+00	2.58367760e-04	-1.89583333e-01	36
1.49235312e+03	1.00184855e+00	1.81080227e-04	-1.88750000e-01	37
1.49235397e+03	1.00245703e+00	1.87257663e-04	-1.87916667e-01	34
1.49235481e+03	1.00155749e+00	1.89587800e-04	-1.87083333e-01	35
1.49235565e+03	1.00165565e+00	2.44522953e-04	-1.86250000e-01	35
1.49235650e+03	1.00185280e+00	2.35716216e-04	-1.85416667e-01	31
1.49235734e+03	1.00138621e+00	2.17843220e-04	-1.84583333e-01	37
1.49235818e+03	1.00124422e+00	1.41449924e-04	-1.83750000e-01	36
1.49235903e+03	1.00141748e+00	2.92850529e-04	-1.82916667e-01	32
1.49235987e+03	1.00062825e+00	1.44461039e-04	-1.82083333e-01	37
1.49236071e+03	1.00111714e+00	2.05127412e-04	-1.81250000e-01	37
1.49236155e+03	1.00087752e+00	1.61997825e-04	-1.80416667e-01	34
1.49236240e+03	1.00051047e+00	1.95757699e-04	-1.79583333e-01	35
1.49236324e+03	1.00115022e+00	2.05380315e-04	-1.78750000e-01	34
1.49236408e+03	1.00032890e+00	2.05350864e-04	-1.77916667e-01	35
1.49236493e+03	1.00042285e+00	2.01184553e-04	-1.77083333e-01	35
1.49236577e+03	1.00071006e+00	2.01315018e-04	-1.76250000e-01	34
1.49236661e+03	1.00016344e+00	1.05540965e-04	-1.75416667e-01	37
1.49236746e+03	9.99914518e-01	2.31917320e-04	-1.74583333e-01	34
1.49236830e+03	1.00030397e+00	1.64187036e-04	-1.73750000e-01	34
1.49236914e+03	9.99550555e-01	1.64466177e-04	-1.72916667e-01	36
1.49236999e+03	1.00015500e+00	1.65569476e-04	-1.72083333e-01	37
1.49237083e+03	9.99564500e-01	1.67207182e-04	-1.71250000e-01	34
1.49237167e+03	9.99353558e-01	1.95429567e-04	-1.70416667e-01	37
1.49237252e+03	9.99599882e-01	1.89033353e-04	-1.69583333e-01	36
1.49237336e+03	9.98995984e-01	1.51864650e-04	-1.68750000e-01	34
1.49237420e+03	9.98748917e-01	2.14104752e-04	-1.67916667e-01	35
1.49237505e+03	9.99149101e-01	1.91095012e-04	-1.67083333e-01	34
1.49237589e+03	9.98406277e-01	2.65540656e-04	-1.66250000e-01	34
1.49237673e+03	9.99077235e-01	1.13013175e-04	-1.65416667e-01	33
1.49237758e+03	9.99210832e-01	2.57425358e-04	-1.64583333e-01	35
1.49237842e+03	9.98128604e-01	1.74518801e-04	-1.63750000e-01	37
1.49237926e+03	9.98776748e-01	2.46095372e-04	-1.62916667e-01	37
1.49238011e+03	9.97749810e-01	1.87396348e-04	-1.62083333e-01	32
1.49238095e+03	9.97998940e-01	1.65860616e-04	-1.61250000e-01	39
1.49238179e+03	9.98477085e-01	1.35269637e-04	-1.60416667e-01	35
1.49238264e+03	9.97476221e-01	2.13568881e-04	-1.59583333e-01	34
1.49238348e+03	9.97558397e-01	2.00178800e-04	-1.58750000e-01	37
1.49238432e+03	9.97904747e-01	1.16612437e-04	-1.57916667e-01	31
1.49238516e+03	9.97318401e-01	1.49967715e-04	-1.57083333e-01	34
1.49238601e+03	9.97062166e-01	2.50886116e-04	-1.56250000e-01	33
1.49238685e+03	9.97514787e-01	2.55750483e-04	-1.55416667e-01	34
1.49238769e+03	9.96933874e-01	2.00964855e-04	-1.54583333e-01	37
1.49238854e+03	9.97340863e-01	2.48487692e-04	-1.53750000e-01	34
1.49238938e+03	9.96771593e-01	2.04302332e-04	-1.52916667e-01	35
1.49239022e+03	9.96673662e-01	2.76183114e-04	-1.52083333e-01	37
1.49239107e+03	9.96739712e-01	1.74685942e-04	-1.51250000e-01	32
1.49239191e+03	9.96267047e-01	1.66992489e-04	-1.50416667e-01	35
1.49239275e+03	9.96531574e-01	1.72089222e-04	-1.49583333e-01	38
1.49239360e+03	9.96608429e-01	1.81584783e-04	-1.48750000e-01	32
1.49239444e+03	9.96048117e-01	2.09233161e-04	-1.47916667e-01	36
1.49239528e+03	9.95913545e-01	2.79260946e-04	-1.47083333e-01	32
1.49239613e+03	9.96583499e-01	1.70250857e-04	-1.46250000e-01	35
1.49239697e+03	9.95434312e-01	1.68472144e-04	-1.45416667e-01	34
1.49239781e+03	9.95977226e-01	2.94905832e-04	-1.44583333e-01	32
1.49239866e+03	9.95723388e-01	1.65457282e-04	-1.43750000e-01	35
1.49239950e+03	9.95344475e-01	1.62888768e-04	-1.42916667e-01	39
1.49240034e+03	9.95698877e-01	2.08038643e-04	-1.42083333e-01	34
1.49240119e+03	9.94606822e-01	1.43329349e-04	-1.41250000e-01	35
1.49240203e+03	9.94975999e-01	1.67000643e-04	-1.40416667e-01	38
1.49240287e+03	9.94984841e-01	1.59227367e-04	-1.39583333e-01	34
1.49240372e+03	9.94662567e-01	1.82837773e-04	-1.38750000e-01	31
1.49240456e+03	9.94931422e-01	2.21517326e-04	-1.37916667e-01	37
1.49240540e+03	9.94537076e-01	2.38433750e-04	-1.37083333e-01	32
1.49240624e+03	9.94002526e-01	1.42014724e-04	-1.36250000e-01	34
1.49240709e+03	9.94370322e-01	2.50616261e-04	-1.35416667e-01	34
1.49240793e+03	9.93586405e-01	1.55910029e-04	-1.34583333e-01	38
1.49240877e+03	9.93774685e-01	1.90626559e-04	-1.33750000e-01	35
1.49240962e+03	9.94277825e-01	1.21121232e-04	-1.32916667e-01	34
1.49241046e+03	9.93482252e-01	2.24378016e-04	-1.32083333e-01	34
1.49241130e+03	9.93543456e-01	1.75177228e-04	-1.31250000e-01	40
1.49241215e+03	9.93466495e-01	2.48374150e-04	-1.30416667e-01	33
1.49241299e+03	9.93000245e-01	2.04585987e-04	-1.29583333e-01	33
1.49241383e+03	9.93582981e-01	1.91995614e-04	-1.28750000e-01	35
1.49241468e+03	9.93115500e-01	2.65361988e-04	-1.27916667e-01	33
1.49241552e+03	9.92521165e-01	2.14222084e-04	-1.27083333e-01	34
1.49241636e+03	9.93101594e-01	2.31082444e-04	-1.26250000e-01	34
1.49241721e+03	9.92549003e-01	1.77457460e-04	-1.25416667e-01	36
1.49241805e+03	9.91764670e-01	2.08293924e-04	-1.24583333e-01	34
1.49241889e+03	9.93061308e-01	2.11919475e-04	-1.23750000e-01	35
1.49241974e+03	9.92291798e-01	1.88616204e-04	-1.22916667e-01	35
1.49242058e+03	9.92419068e-01	1.63605022e-04	-1.22083333e-01	39
1.49242142e+03	9.91819080e-01	2.55829783e-04	-1.21250000e-01	33
1.49242227e+03	9.91309447e-01	2.05420407e-04	-1.20416667e-01	36
1.49242311e+03	9.92055011e-01	1.84095534e-04	-1.19583333e-01	39
1.49242395e+03	9.91396856e-01	2.37269678e-04	-1.18750000e-01	28
1.49242480e+03	9.90879589e-01	2.51580372e-04	-1.17916667e-01	33
1.49242564e+03	9.91838309e-01	2.49681158e-04	-1.17083333e-01	35
1.49242648e+03	9.90815379e-01	2.61761660e-04	-1.16250000e-01	34
1.49242733e+03	9.91158168e-01	1.76774747e-04	-1.15416667e-01	34
1.49242817e+03	9.91187027e-01	2.13506384e-04	-1.14583333e-01	36
1.49242901e+03	9.90609130e-01	2.23211978e-04	-1.13750000e-01	36
1.49242985e+03	9.90752771e-01	1.70416245e-04	-1.12916667e-01	34
1.49243070e+03	9.91224279e-01	2.03701030e-04	-1.12083333e-01	34
1.49243154e+03	9.90215431e-01	2.23654534e-04	-1.11250000e-01	36
1.49243238e+03	9.90843955e-01	1.80594270e-04	-1.10416667e-01	39
1.49243323e+03	9.90322748e-01	1.95328363e-04	-1.09583333e-01	30
1.49243407e+03	9.89753583e-01	2.22077295e-04	-1.08750000e-01	36
1.49243491e+03	9.90376959e-01	2.15040010e-04	-1.07916667e-01	35
1.49243576e+03	9.89376050e-01	2.17824407e-04	-1.07083333e-01	31
1.49243660e+03	9.89595464e-01	1.75373245e-04	-1.06250000e-01	34
1.49243744e+03	9.90047576e-01	1.44946604e-04	-1.05416667e-01	33
1.49243829e+03	9.89290755e-01	2.37233668e-04	-1.04583333e-01	36
1.49243913e+03	9.89277067e-01	2.00872903e-04	-1.03750000e-01	36
1.49243997e+03	9.89699651e-01	2.29484778e-04	-1.02916667e-01	34
1.49244082e+03	9.89303062e-01	2.54846558e-04	-1.02083333e-01	39
1.49244166e+03	9.89243811e-01	1.93561803e-04	-1.01250000e-01	37
1.49244250e+03	9.88949367e-01	2.09608517e-04	-1.00416667e-01	31
1.49244335e+03	9.88537576e-01	2.42957986e-04	-9.95833333e-02	36
1.49244419e+03	9.88805704e-01	1.52575075e-04	-9.87500000e-02	37
1.49244503e+03	9.88384964e-01	2.73045265e-04	-9.79166667e-02	29
1.49244588e+03	9.88428969e-01	2.51747210e-04	-9.70833333e-02	36
1.49244672e+03	9.88524528e-01	1.31982450e-04	-9.62500000e-02	35
1.49244756e+03	9.87983043e-01	1.72540135e-04	-9.54166667e-02	35
1.49244841e+03	9.88183685e-01	1.95730257e-04	-9.45833333e-02	36
1.49244925e+03	9.88131085e-01	2.03919407e-04	-9.37500000e-02	35
1.49245009e+03	9.87856205e-01	1.88198066e-04	-9.29166667e-02	38
1.49245094e+03	9.87988022e-01	2.12105674e-04	-9.20833333e-02	35
1.49245178e+03	9.87911791e-01	2.83785591e-04	-9.12500000e-02	31
1.49245262e+03	9.87576292e-01	1.85391717e-04	-9.04166667e-02	36
1.49245346e+03	9.88035304e-01	1.92382549e-04	-8.95833333e-02	35
1.49245431e+03	9.87300390e-01	2.22077476e-04	-8.87500000e-02	31
1.49245515e+03	9.87473941e-01	1.45805741e-04	-8.79166667e-02	37
1.49245599e+03	9.87305908e-01	2.36260000e-04	-8.70833333e-02	35
1.49245684e+03	9.86725618e-01	1.91483235e-04	-8.62500000e-02	32
1.49245768e+03	9.86862335e-01	2.34940063e-04	-8.54166667e-02	35
1.49245852e+03	9.87435897e-01	2.04303585e-04	-8.45833333e-02	35
1.49245937e+03	9.86581465e-01	2.45644661e-04	-8.37500000e-02	35
1.49246021e+03	9.87079129e-01	2.21481413e-04	-8.29166667e-02	36
1.49246105e+03	9.86632840e-01	2.05658098e-04	-8.20833333e-02	34
1.49246190e+03	9.86448618e-01	2.34056621e-04	-8.12500000e-02	41
1.49246274e+03	9.86545044e-01	1.82253415e-04	-8.04166667e-02	33
1.49246358e+03	9.85650504e-01	2.06243832e-04	-7.95833333e-02	32
1.49246443e+03	9.86418821e-01	2.28840916e-04	-7.87500000e-02	36
1.49246527e+03	9.86071161e-01	1.85990412e-04	-7.79166667e-02	34
1.49246611e+03	9.85809070e-01	2.17669477e-04	-7.70833333e-02	33
1.49246696e+03	9.85742775e-01	2.03219717e-04	-7.62500000e-02	35
1.49246780e+03	9.85949326e-01	1.78444043e-04	-7.54166667e-02	33
1.49246864e+03	9.85063211e-01	2.43203851e-04	-7.45833333e-02	36
1.49246949e+03	9.85590589e-01	1.51316874e-04	-7.37500000e-02	36
1.49247033e+03	9.85195639e-01	2.15694018e-04	-7.29166667e-02	34
1.49247117e+03	9.85361316e-01	1.77991436e-04	-7.20833333e-02	40
1.49247202e+03	9.85862533e-01	1.12158131e-04	-7.12500000e-02	33
1.49247286e+03	9.84912492e-01	1.88402377e-04	-7.04166667e-02	32
1.49247370e+03	9.85472736e-01	1.71681799e-04	-6.95833333e-02	38
1.49247455e+03	9.85089786e-01	1.55740830e-04	-6.87500000e-02	32
1.49247539e+03	9.84931885e-01	2.51835456e-04	-6.79166667e-02	34
1.49247623e+03	9.84803411e-01	1.55432325e-04	-6.70833333e-02	36
1.49247707e+03	9.85026963e-01	1.89220325e-04	-6.62500000e-02	34
1.49247792e+03	9.84670582e-01	2.53136406e-04	-6.54166667e-02	36
1.49247876e+03	9.84863459e-01	1.73335556e-04	-6.45833333e-02	35
1.49247960e+03	9.84685235e-01	2.26830009e-04	-6.37500000e-02	34
1.49248045e+03	9.84348137e-01	1.88871320e-04	-6.29166667e-02	35
1.49248129e+03	9.84820938e-01	1.82279482e-04	-6.20833333e-02	33
1.49248213e+03	9.84476267e-01	2.31080243e-04	-6.12500000e-02	35
1.49248298e+03	9.84445333e-01	1.82045353e-04	-6.04166667e-02	38
1.49248382e+03	9.84167887e-01	2.63549135e-04	-5.95833333e-02	34
1.49248466e+03	9.83720027e-01	1.99595349e-04	-5.87500000e-02	33
1.49248551e+03	9.84128602e-01	1.93417510e-04	-5.79166667e-02	37
1.49248635e+03	9.84096724e-01	1.83161625e-04	-5.70833333e-02	33
1.49248719e+03	9.83013615e-01	2.60813711e-04	-5.62500000e-02	33
1.49248804e+03	9.83878578e-01	2.15001834e-04	-5.54166667e-02	36
1.49248888e+03	9.83787403e-01	2.14035083e-04	-5.45833333e-02	35
1.49248972e+03	9.83335709e-01	1.62231220e-04	-5.37500000e-02	38
1.49249057e+03	9.83660381e-01	1.48509608e-04	-5.29166667e-02	35
1.49249141e+03	9.83075681e-01	2.26681015e-04	-5.20833333e-02	36
1.49249225e+03	9.83453589e-01	1.57971895e-04	-5.12500000e-02	36
1.49249310e+03	9.83485544e-01	2.01712965e-04	-5.04166667e-02	31
1.49249394e+03	9.83040074e-01	2.19059466e-04	-4.95833333e-02	35
1.49249478e+03	9.83496733e-01	2.14066066e-04	-4.87500000e-02	36
1.49249563e+03	9.83175932e-01	2.03586414e-04	-4.79166667e-02	33
1.49249647e+03	9.82829429e-01	1.38750793e-04	-4.70833333e-02	35
1.49249731e+03	9.83108580e-01	1.61904957e-04	-4.62500000e-02	39
1.49249815e+03	9.82798355e-01	2.38751533e-04	-4.54166667e-02	32
1.49249900e+03	9.82711687e-01	2.38276059e-04	-4.45833333e-02	36
1.49249984e+03	9.83303299e-01	1.89229435e-04	-4.37500000e-02	35
1.49250068e+03	9.82199568e-01	1.63190449e-04	-4.29166667e-02	34
1.49250153e+03	9.82933494e-01	2.03649958e-04	-4.20833333e-02	38
1.49250237e+03	9.82818315e-01	1.66583429e-04	-4.12500000e-02	30
1.49250321e+03	9.82822446e-01	2.84997166e-04	-4.04166667e-02	37
1.49250406e+03	9.82564561e-01	2.03400654e-04	-3.95833333e-02	35
1.49250490e+03	9.82388808e-01	2.44007818e-04	-3.87500000e-02	34
1.49250574e+03	9.82267556e-01	1.92323360e-04	-3.79166667e-02	34
1.49250659e+03	9.82572433e-01	1.61011716e-04	-3.70833333e-02	38
1.49250743e+03	9.82322710e-01	2.30510173e-04	-3.62500000e-02	30
1.49250827e+03	9.81980069e-01	2.35241795e-04	-3.54166667e-02	36
1.49250912e+03	9.82564709e-01	1.72620329e-04	-3.45833333e-02	35
1.49250996e+03	9.82062311e-01	2.29750615e-04	-3.37500000e-02	36
1.49251080e+03	9.82191744e-01	1.94960859e-04	-3.29166667e-02	37
1.49251165e+03	9.82267189e-01	3.02046836e-04	-3.20833333e-02	34
1.49251249e+03	9.81964526e-01	1.60421386e-04	-3.12500000e-02	38
1.49251333e+03	9.81778467e-01	2.12109387e-04	-3.04166667e-02	32
1.49251418e+03	9.81937888e-01	2.22685666e-04	-2.95833333e-02	33
1.49251502e+03	9.81170537e-01	2.90263675e-04	-2.87500000e-02	36
1.49251586e+03	9.81413935e-01	1.94508683e-04	-2.79166667e-02	35
1.49251671e+03	9.81170945e-01	2.94977274e-04	-2.70833333e-02	33
1.49251755e+03	9.80955763e-01	2.15059976e-04	-2.62500000e-02	37
1.49251839e+03	9.80838725e-01	2.02090924e-04	-2.54166667e-02	37
1.49251924e+03	9.80263188e-01	1.90210770e-04	-2.45833333e-02	33
1.49252008e+03	9.80453410e-01	1.98143209e-04	-2.37500000e-02	35
1.49252092e+03	9.80344401e-01	3.02035579e-04	-2.29166667e-02	35
1.49252176e+03	9.79878889e-01	2.78230281e-04	-2.20833333e-02	32
1.49252261e+03	9.79902422e-01	2.00209590e-04	-2.12500000e-02	38
1.49252345e+03	9.79835588e-01	2.68088751e-04	-2.04166667e-02	31
1.49252429e+03	9.79193751e-01	2.51132422e-04	-1.95833333e-02	38
1.49252514e+03	9.79273485e-01	2.16793995e-04	-1.87500000e-02	35
1.49252598e+03	9.78750659e-01	2.62513218e-04	-1.79166667e-02	33
1.49252682e+03	9.78831345e-01	2.66364163e-04	-1.70833333e-02	36
1.49252767e+03	9.78933890e-01	2.00035975e-04	-1.62500000e-02	36
1.49252851e+03	9.78162359e-01	3.26975189e-04	-1.54166667e-02	32
1.49252935e+03	9.78370415e-01	1.78073963e-04	-1.45833333e-02	37
1.49253020e+03	9.78181180e-01	2.16546691e-04	-1.37500000e-02	34
1.49253104e+03	9.77853113e-01	2.38507329e-04	-1.29166667e-02	34
1.49253188e+03	9.77852615e-01	1.82996453e-04	-1.20833333e-02	36
1.49253273e+03	9.77738018e-01	1.93901680e-04	-1.12500000e-02	33
1.49253357e+03	9.77634480e-01	2.51192964e-04	-1.04166667e-02	36
1.49253441e+03	9.77461711e-01	2.31004085e-04	-9.58333333e-03	33
1.49253526e+03	9.76851550e-01	2.99153389e-04	-8.75000000e-03	33
1.49253610e+03	9.77006415e-01	1.93684764e-04	-7.91666667e-03	36
1.49253694e+03	9.77104786e-01	1.78767090e-04	-7.08333333e-03	36
1.49253779e+03	9.76287933e-01	2.17177138e-04	-6.25000000e-03	34
1.49253863e+03	9.77015978e-01	1.88184852e-04	-5.41666667e-03	39
1.49253947e+03	9.76863667e-01	1.91287744e-04	-4.58333333e-03	34
1.49254032e+03	9.76807302e-01	2.73126272e-04	-3.75000000e-03	35
1.49254116e+03	9.76587448e-01	2.22443497e-04	-2.91666667e-03	36
1.49254200e+03	9.76248047e-01	2.40909530e-04	-2.08333333e-03	31
1.49254285e+03	9.76094709e-01	2.61255161e-04	-1.25000000e-03	32
1.49254369e+03	9.76330251e-01	1.75121682e-04	-4.16666667e-04	33
1.49254453e+03	9.76507987e-01	2.74186657e-04	4.16666667e-04	37
1.49254537e+03	9.76370335e-01	1.95681037e-04	1.25000000e-03	38
1.49254622e+03	9.76519868e-01	2.07950391e-04	2.08333333e-03	35
1.49254706e+03	9.76061609e-01	2.47866017e-04	2.91666667e-03	34
1.49254790e+03	9.76845166e-01	1.22342308e-04	3.75000000e-03	37
1.49254875e+03	9.76320385e-01	1.83990033e-04	4.58333333e-03	35
1.49254959e+03	9.76516264e-01	2.08358126e-04	5.41666667e-03	34
1.49255043e+03	9.76643539e-01	1.52293248e-04	6.25000000e-03	38
1.49255128e+03	9.76818809e-01	1.77579192e-04	7.08333333e-03	33
1.49255212e+03	9.76347929e-01	1.81367941e-04	7.91666667e-03	36
1.49255296e+03	9.76873547e-01	2.27364345e-04	8.75000000e-03	34
1.49255381e+03	9.76867563e-01	2.25635595e-04	9.58333333e-03	35
1.49255465e+03	9.76819229e-01	2.18763999e-04	1.04166667e-02	34
1.49255549e+03	9.77348899e-01	1.31274159e-04	1.12500000e-02	33
1.49255634e+03	9.76671551e-01	2.28309803e-04	1.20833333e-02	35
1.49255718e+03	9.77155029e-01	2.12154786e-04	1.29166667e-02	39
1.49255802e+03	9.77544735e-01	1.66350821e-04	1.37500000e-02	34
1.49255887e+03	9.77355829e-01	2.15707366e-04	1.45833333e-02	34
1.49255971e+03	9.77591432e-01	2.29038139e-04	1.54166667e-02	38
1.49256055e+03	9.77423786e-01	2.25452344e-04	1.62500000e-02	31
1.49256140e+03	9.78103951e-01	1.70950045e-04	1.70833333e-02	35
1.49256224e+03	9.78531009e-01	1.34591500e-04	1.79166667e-02	35
1.49256308e+03	9.78009214e-01	1.96510628e-04	1.87500000e-02	32
1.49256393e+03	9.78246098e-01	2.16059722e-04	1.95833333e-02	35
1.49256477e+03	9.78696996e-01	1.96679916e-04	2.04166667e-02	34
1.49256561e+03	9.78489517e-01	1.67081869e-04	2.12500000e-02	37
1.49256646e+03	9.79069336e-01	2.11319204e-04	2.20833333e-02	38
1.49256730e+03	9.79421213e-01	1.61090485e-04	2.29166667e-02	34
1.49256814e+03	9.79250570e-01	2.05844431e-04	2.37500000e-02	36
1.49256898e+03	9.79820392e-01	1.69669697e-04	2.45833333e-02	38
1.49256983e+03	9.79746827e-01	1.71204961e-04	2.54166667e-02	30
1.49257067e+03	9.79806087e-01	2.48706989e-04	2.62500000e-02	32
1.49257151e+03	9.80557093e-01	1.28493606e-04	2.70833333e-02	36
1.49257236e+03	9.80281342e-01	1.77969002e-04	2.79166667e-02	32
1.49257320e+03	9.80597211e-01	1.93513055e-04	2.87500000e-02	37
1.49257404e+03	9.81079542e-01	2.48433915e-04	2.95833333e-02	34
1.49257489e+03	9.80739486e-01	1.59636731e-04	3.04166667e-02	36
1.49257573e+03	9.81085256e-01	1.66569616e-04	3.12500000e-02	36
1.49257657e+03	9.81449748e-01	1.50297275e-04	3.20833333e-02	33
1.49257742e+03	9.81589583e-01	2.09022730e-04	3.29166667e-02	35
1.49257826e+03	9.81943388e-01	1.90233618e-04	3.37500000e-02	38
1.49257910e+03	9.81961521e-01	1.82005436e-04	3.45833333e-02	32
1.49257995e+03	9.81896634e-01	1.53504346e-04	3.54166667e-02	39
1.49258079e+03	9.81979408e-01	1.39663391e-04	3.62500000e-02	36
1.49258163e+03	9.82016100e-01	2.01568686e-04	3.70833333e-02	33
1.49258248e+03	9.82289240e-01	2.00607310e-04	3.79166667e-02	33
1.49258332e+03	9.82585660e-01	1.64493705e-04	3.87500000e-02	35
1.49258416e+03	9.81672043e-01	2.40894942e-04	3.95833333e-02	35
1.49258501e+03	9.82239127e-01	2.13861838e-04	4.04166667e-02	36
1.49258585e+03	9.82458262e-01	1.77170639e-04	4.12500000e-02	33
1.49258669e+03	9.82248871e-01	1.93128147e-04	4.20833333e-02	40
1.49258754e+03	9.82532379e-01	1.97458228e-04	4.29166667e-02	36
1.49258838e+03	9.82476298e-01	1.80777412e-04	4.37500000e-02	33
1.49258922e+03	9.82447962e-01	1.51417073e-04	4.45833333e-02	39
1.49259007e+03	9.82620564e-01	1.42303372e-04	4.54166667e-02	35
1.49259091e+03	9.82715412e-01	2.51573326e-04	4.62500000e-02	32
1.49259175e+03	9.82846610e-01	2.24124271e-04	4.70833333e-02	36
1.49259259e+03	9.82969520e-01	1.72673464e-04	4.79166667e-02	33
1.49259344e+03	9.82460352e-01	2.17494186e-04	4.87500000e-02	35
1.49259428e+03	9.82998517e-01	2.19482930e-04	4.95833333e-02	34
1.49259512e+03	9.82878300e-01	1.71564119e-04	5.04166667e-02	34
1.49259597e+03	9.83045758e-01	1.65948931e-04	5.12500000e-02	39
1.49259681e+03	9.83381365e-01	1.36995054e-04	5.20833333e-02	35
1.49259765e+03	9.82826839e-01	1.69426600e-04	5.29166667e-02	32
1.49259850e+03	9.83111322e-01	1.80470775e-04	5.37500000e-02	40
1.49259934e+03	9.83498502e-01	1.82761316e-04	5.45833333e-02	35
1.49260018e+03	9.83111444e-01	2.08131267e-04	5.54166667e-02	32
1.49260103e+03	9.83356313e-01	2.11966455e-04	5.62500000e-02	37
1.49260187e+03	9.83634565e-01	1.68180357e-04	5.70833333e-02	35
1.49260271e+03	9.83607108e-01	1.32489675e-04	5.79166667e-02	35
1.49260356e+03	9.83982748e-01	1.88619144e-04	5.87500000e-02	33
1.49260440e+03	9.83657753e-01	1.70674935e-04	5.95833333e-02	36
1.49260524e+03	9.83562159e-01	1.96871612e-04	6.04166667e-02	36
1.49260609e+03	9.84145879e-01	2.19482237e-04	6.12500000e-02	35
1.49260693e+03	9.84066407e-01	1.35122031e-04	6.20833333e-02	35
1.49260777e+03	9.84063007e-01	1.76338889e-04	6.29166667e-02	42
1.49260862e+03	9.84553764e-01	1.80953952e-04	6.37500000e-02	35
1.49260946e+03	9.83903637e-01	1.70363699e-04	6.45833333e-02	32
1.49261030e+03	9.84239200e-01	2.13770838e-04	6.54166667e-02	38
1.49261115e+03	9.84329917e-01	1.69517828e-04	6.62500000e-02	33
1.49261199e+03	9.84472317e-01	2.86180103e-04	6.70833333e-02	33
1.49261283e+03	9.84698831e-01	2.46525616e-04	6.79166667e-02	36
1.49261367e+03	9.84976746e-01	1.73483048e-04	6.87500000e-02	34
1.49261452e+03	9.84488645e-01	1.41035537e-04	6.95833333e-02	36
1.49261536e+03	9.84826526e-01	2.16247725e-04	7.04166667e-02	38
1.49261620e+03	9.84637830e-01	2.34662097e-04	7.12500000e-02	34
1.49261705e+03	9.84979632e-01	1.29341976e-04	7.20833333e-02	40
1.49261789e+03	9.85525900e-01	1.66267989e-04	7.29166667e-02	33
1.49261873e+03	9.84825508e-01	2.53226152e-04	7.37500000e-02	34
1.49261958e+03	9.85458032e-01	1.67695953e-04	7.45833333e-02	42
1.49262042e+03	9.85521563e-01	1.67275673e-04	7.54166667e-02	31
1.49262126e+03	9.85311722e-01	2.25978757e-04	7.62500000e-02	36
1.49262211e+03	9.85498462e-01	2.14539840e-04	7.70833333e-02	37
1.49262295e+03	9.85691269e-01	1.56868543e-04	7.79166667e-02	35
1.49262379e+03	9.85338528e-01	1.97548624e-04	7.87500000e-02	37
1.49262464e+03	9.86012193e-01	2.10776465e-04	7.95833333e-02	35
1.49262548e+03	9.85928580e-01	2.46679189e-04	8.04166667e-02	36
1.49262632e+03	9.86056959e-01	1.98827517e-04	8.12500000e-02	37
1.49262717e+03	9.86393710e-01	1.78867163e-04	8.20833333e-02	35
1.49262801e+03	9.85936869e-01	1.99600520e-04	8.29166667e-02	39
1.49262885e+03	9.86333223e-01	1.80664757e-04	8.37500000e-02	40
1.49262970e+03	9.86248085e-01	1.87924215e-04	8.45833333e-02	34
1.49263054e+03	9.86603446e-01	2.01971249e-04	8.54166667e-02	37
1.49263138e+03	9.86855595e-01	1.59696120e-04	8.62500000e-02	35
1.49263223e+03	9.86612744e-01	1.97461269e-04	8.70833333e-02	34
1.49263307e+03	9.86991226e-01	2.78296506e-04	8.79166667e-02	35
1.49263391e+03	9.87299533e-01	1.46266442e-04	8.87500000e-02	35
1.49263476e+03	9.86906820e-01	1.99943807e-04	8.95833333e-02	35
1.49263560e+03	9.87203978e-01	1.76428507e-04	9.04166667e-02	39
1.49263644e+03	9.87494164e-01	1.66565044e-04	9.12500000e-02	36
1.49263728e+03	9.87139985e-01	1.58122957e-04	9.20833333e-02	38
1.49263813e+03	9.87652820e-01	1.64440540e-04	9.29166667e-02	38
1.49263897e+03	9.87709262e-01	1.75015781e-04	9.37500000e-02	32
1.49263981e+03	9.87799586e-01	2.30790165e-04	9.45833333e-02	36
1.49264066e+03	9.87837187e-01	1.51460461e-04	9.54166667e-02	37
1.49264150e+03	9.88010702e-01	2.11201431e-04	9.62500000e-02	34
1.49264234e+03	9.87636593e-01	1.77381826e-04	9.70833333e-02	35
1.49264319e+03	9.88378925e-01	1.54202026e-04	9.79166667e-02	37
1.49264403e+03	9.88154575e-01	1.17860152e-04	9.87500000e-02	36
1.49264487e+03	9.88317148e-01	1.90408321e-04	9.95833333e-02	37
1.49264572e+03	9.89205400e-01	1.77302281e-04	1.00416667e-01	36
1.49264656e+03	9.88277801e-01	1.69027890e-04	1.01250000e-01	36
1.49264740e+03	9.89067809e-01	1.55340038e-04	1.02083333e-01	37
1.49264825e+03	9.89054363e-01	1.82773593e-04	1.02916667e-01	34
1.49264909e+03	9.88582353e-01	1.89621871e-04	1.03750000e-01	39
1.49264993e+03	9.89318790e-01	1.90349581e-04	1.04583333e-01	37
1.49265078e+03	9.88877081e-01	1.42973267e-04	1.05416667e-01	33
1.49265162e+03	9.89313685e-01	1.55158538e-04	1.06250000e-01	36
1.49265246e+03	9.89739894e-01	2.09010029e-04	1.07083333e-01	36
1.49265331e+03	9.89420609e-01	1.85098904e-04	1.07916667e-01	36
1.49265415e+03	9.89627790e-01	2.65023865e-04	1.08750000e-01	34
1.49265499e+03	9.90186765e-01	2.01908068e-04	1.09583333e-01	38
1.49265584e+03	9.89980585e-01	1.90547582e-04	1.10416667e-01	36
1.49265668e+03	9.90222511e-01	2.06563400e-04	1.11250000e-01	39
1.49265752e+03	9.89976737e-01	1.40511295e-04	1.12083333e-01	35
1.49265837e+03	9.90135141e-01	1.84310334e-04	1.12916667e-01	40
1.49265921e+03	9.90512650e-01	1.65261058e-04	1.13750000e-01	35
1.49266005e+03	9.90214472e-01	2.01065082e-04	1.14583333e-01	32
1.49266089e+03	9.90710535e-01	1.98649345e-04	1.15416667e-01	37
1.49266174e+03	9.91171737e-01	2.50628364e-04	1.16250000e-01	32
1.49266258e+03	9.90734091e-01	1.52649923e-04	1.17083333e-01	38
1.49266342e+03	9.90747270e-01	2.04471757e-04	1.17916667e-01	37
1.49266427e+03	9.91466978e-01	1.90096445e-04	1.18750000e-01	39
1.49266511e+03	9.90981271e-01	1.52723534e-04	1.19583333e-01	35
1.49266595e+03	9.91669589e-01	2.66091735e-04	1.20416667e-01	36
1.49266680e+03	9.91796915e-01	1.83186122e-04	1.21250000e-01	37
1.49266764e+03	9.91604521e-01	2.26191488e-04	1.22083333e-01	37
1.49266848e+03	9.92553742e-01	1.97037018e-04	1.22916667e-01	37
1.49266933e+03	9.91977432e-01	1.57590054e-04	1.23750000e-01	33
1.49267017e+03	9.92105325e-01	2.05686093e-04	1.24583333e-01	41
1.49267101e+03	9.92435004e-01	1.63364620e-04	1.25416667e-01	34
1.49267186e+03	9.92369581e-01	1.71136320e-04	1.26250000e-01	34
1.49267270e+03	9.92590377e-01	2.36234784e-04	1.27083333e-01	38
1.49267354e+03	9.93195800e-01	1.56770556e-04	1.27916667e-01	35
1.49267439e+03	9.92576899e-01	2.20214004e-04	1.28750000e-01	35
1.49267523e+03	9.92992283e-01	1.63141602e-04	1.29583333e-01	37
1.49267607e+03	9.93272295e-01	1.73205733e-04	1.30416667e-01	36
1.49267692e+03	9.93022248e-01	1.73289364e-04	1.31250000e-01	38
1.49267776e+03	9.93490071e-01	1.72277875e-04	1.32083333e-01	37
1.49267860e+03	9.93067772e-01	1.43191711e-04	1.32916667e-01	34
1.49267945e+03	9.93307941e-01	2.61253671e-04	1.33750000e-01	39
1.49268029e+03	9.94108105e-01	1.69034449e-04	1.34583333e-01	34
1.49268113e+03	9.93719968e-01	1.82620932e-04	1.35416667e-01	33
1.49268198e+03	9.93405257e-01	2.04813243e-04	1.36250000e-01	39
1.49268282e+03	9.94416318e-01	1.57106298e-04	1.37083333e-01	34
1.49268366e+03	9.93936551e-01	1.72314192e-04	1.37916667e-01	37
1.49268450e+03	9.94475998e-01	1.90191638e-04	1.38750000e-01	37
1.49268535e+03	9.94608669e-01	1.79401191e-04	1.39583333e-01	38
1.49268619e+03	9.94296134e-01	1.42010254e-04	1.40416667e-01	37
1.49268703e+03	9.94858417e-01	1.85068757e-04	1.41250000e-01	36
1.49268788e+03	9.94706430e-01	1.29850802e-04	1.42083333e-01	35
1.49268872e+03	9.95261179e-01	2.44441719e-04	1.42916667e-01	34
1.49268956e+03	9.95473177e-01	1.72944919e-04	1.43750000e-01	36
1.49269041e+03	9.95070335e-01	1.90018713e-04	1.44583333e-01	34
1.49269125e+03	9.95457349e-01	1.81380321e-04	1.45416667e-01	39
1.49269209e+03	9.95768984e-01	1.65299568e-04	1.46250000e-01	34
1.49269294e+03	9.95375798e-01	1.41128654e-04	1.47083333e-01	37
1.49269378e+03	9.96110104e-01	1.76576047e-04	1.47916667e-01	38
1.49269462e+03	9.96011574e-01	1.30048236e-04	1.48750000e-01	36
1.49269547e+03	9.96116632e-01	1.99233765e-04	1.49583333e-01	36
1.49269631e+03	9.96541431e-01	2.46177755e-04	1.50416667e-01	37
1.49269715e+03	9.96113933e-01	2.00744164e-04	1.51250000e-01	36
1.49269800e+03	9.96525432e-01	2.03822163e-04	1.52083333e-01	38
1.49269884e+03	9.96840124e-01	1.91831719e-04	1.52916667e-01	35
1.49269968e+03	9.96308635e-01	1.93429509e-04	1.53750000e-01	36
1.49270053e+03	9.96791380e-01	1.94188477e-04	1.54583333e-01	36
1.49270137e+03	9.97630801e-01	1.64922205e-04	1.55416667e-01	32
1.49270221e+03	9.96996786e-01	2.21953498e-04	1.56250000e-01	36
1.49270306e+03	9.97254891e-01	1.54332751e-04	1.57083333e-01	40
1.49270390e+03	9.97380305e-01	1.48417723e-04	1.57916667e-01	34
1.49270474e+03	9.97283436e-01	1.87143939e-04	1.58750000e-01	37
1.49270558e+03	9.98111040e-01	2.04622387e-04	1.59583333e-01	37
1.49270643e+03	9.97467727e-01	1.88784647e-04	1.60416667e-01	36
1.49270727e+03	9.98001147e-01	2.21011813e-04	1.61250000e-01	37
1.49270811e+03	9.98452871e-01	1.83801505e-04	1.62083333e-01	36
1.49270896e+03	9.98195802e-01	1.72294111e-04	1.62916667e-01	34
1.49270980e+03	9.98537804e-01	2.44662791e-04	1.63750000e-01	35
1.49271064e+03	9.98733547e-01	1.13293085e-04	1.64583333e-01	34
1.49271149e+03	9.98261698e-01	1.48200979e-04	1.65416667e-01	38
1.49271233e+03	9.98725805e-01	2.07732152e-04	1.66250000e-01	36
1.49271317e+03	9.98614674e-01	1.76090207e-04	1.67083333e-01	35
1.49271402e+03	9.98306164e-01	2.18905715e-04	1.67916667e-01	38
1.49271486e+03	9.99293473e-01	2.20875127e-04	1.68750000e-01	38
1.49271570e+03	9.99131779e-01	1.79431228e-04	1.69583333e-01	33
1.49271655e+03	9.99592741e-01	1.94903584e-04	1.70416667e-01	36
1.49271739e+03	9.99427366e-01	1.91631363e-04	1.71250000e-01	36
1.49271823e+03	9.99426209e-01	2.10630655e-04	1.72083333e-01	33
1.49271908e+03	1.00015557e+00	2.43427416e-04	1.72916667e-01	37
1.49271992e+03	9.99749678e-01	1.78149679e-04	1.73750000e-01	34
1.49272076e+03	9.99642290e-01	1.66582805e-04	1.74583333e-01	39
1.49272161e+03	1.00022128e+00	1.32063390e-04	1.75416667e-01	33
1.49272245e+03	1.00022315e+00	1.73274170e-04	1.76250000e-01	34
1.49272329e+03	1.00003606e+00	2.24088694e-04	1.77083333e-01	38
1.49272414e+03	1.00073933e+00	1.87733785e-04	1.77916667e-01	37
1.49272498e+03	1.00058542e+00	1.90454894e-04	1.78750000e-01	35
1.49272582e+03	1.00086119e+00	1.42669565e-04	1.79583333e-01	37
1.49272667e+03	1.00109806e+00	1.71312170e-04	1.80416667e-01	39
1.49272751e+03	1.00031960e+00	2.21484970e-04	1.81250000e-01	32
1.49272835e+03	1.00138057e+00	2.21365880e-04	1.82083333e-01	34
1.49272919e+03	1.00152880e+00	1.95926825e-04	1.82916667e-01	36
1.49273004e+03	1.00175716e+00	1.64329424e-04	1.83750000e-01	34
1.49273088e+03	1.00163964e+00	1.79385665e-04	1.84583333e-01	35
1.49273172e+03	1.00148710e+00	1.81277734e-04	1.85416667e-01	35
1.49273257e+03	1.00153582e+00	1.90490723e-04	1.86250000e-01	38
1.49273341e+03	1.00212003e+00	2.16207558e-04	1.87083333e-01	36
1.49273425e+03	1.00150278e+00	2.16896967e-04	1.87916667e-01	36
1.49273510e+03	1.00179254e+00	1.94957808e-04	1.88750000e-01	39
1.49273594e+03	1.00214264e+00	1.90366642e-04	1.89583333e-01	37
1.49273678e+03	1.00213028e+00	1.95119336e-04	1.90416667e-01	33
1.49273763e+03	1.00270942e+00	2.49174184e-04	1.91250000e-01	35
1.49273847e+03	1.00219079e+00	1.82934234e-04	1.92083333e-01	35
1.49273931e+03	1.00234855e+00	2.76685616e-04	1.92916667e-01	35
1.49274016e+03	1.00283738e+00	2.34421060e-04	1.93750000e-01	35
1.49274100e+03	1.00287584e+00	1.14644577e-04	1.94583333e-01	37
1.49274184e+03	1.00244515e+00	2.39060608e-04	1.95416667e-01	37
1.49274269e+03	1.00335717e+00	1.84347719e-04	1.96250000e-01	36
1.49274353e+03	1.00317879e+00	2.27585173e-04	1.97083333e-01	34
1.49274437e+03	1.00318594e+00	1.88816777e-04	1.97916667e-01	38
1.49274522e+03	1.00343530e+00	2.30866765e-04	1.98750000e-01	36
1.49274606e+03	1.00320580e+00	2.31094013e-04	1.99583333e-01	34
1.49274690e+03	1.00368313e+00	2.15532452e-04	2.00416667e-01	40
1.49274775e+03	1.00359924e+00	1.76874601e-04	2.01250000e-01	35
1.49274859e+03	1.00365741e+00	2.10961625e-04	2.02083333e-01	36
1.49274943e+03	1.00376621e+00	1.95246553e-04	2.02916667e-01	31
1.49275028e+03	1.00411952e+00	1.85050719e-04	2.03750000e-01	36
1.49275112e+03	1.00408273e+00	2.36640459e-04	2.04583333e-01	33
1.49275196e+03	1.00420648e+00	1.90013829e-04	2.05416667e-01	35
1.49275280e+03	1.00410307e+00	1.67594693e-04	2.06250000e-01	35
1.49275365e+03	1.00447565e+00	1.49917288e-04	2.07083333e-01	41
1.49275449e+03	1.00469582e+00	2.28427888e-04	2.07916667e-01	36
1.49275533e+03	1.00438262e+00	2.13309346e-04	2.08750000e-01	33
1.49275618e+03	1.00463383e+00	2.65911578e-04	2.09583333e-01	40
1.49275702e+03	1.00445228e+00	1.93711385e-04	2.10416667e-01	32
1.49275786e+03	1.00497824e+00	2.41846084e-04	2.11250000e-01	33
1.49275871e+03	1.00533692e+00	2.12711093e-04	2.12083333e-01	36
1.49275955e+03	1.00520224e+00	1.67298979e-04	2.12916667e-01	35
1.49276039e+03	1.00505668e+00	2.62795624e-04	2.13750000e-01	34
1.49276124e+03	1.00526278e+00	2.01603948e-04	2.14583333e-01	36
1.49276208e+03	1.00499012e+00	2.12555420e-04	2.15416667e-01	36
1.49276292e+03	1.00543879e+00	2.24323191e-04	2.16250000e-01	38
1.49276377e+03	1.00547479e+00	1.44055700e-04	2.17083333e-01	34
1.49276461e+03	1.00534912e+00	1.87659399e-04	2.17916667e-01	34
1.49276545e+03	1.00566228e+00	1.81402535e-04	2.18750000e-01	41
1.49276630e+03	1.00582773e+00	1.40719584e-04	2.19583333e-01	32
1.49276714e+03	1.00552444e+00	2.30477328e-04	2.20416667e-01	33
1.49276798e+03	1.00599561e+00	1.82296946e-04	2.21250000e-01	39
1.49276883e+03	1.00571847e+00	1.77962135e-04	2.22083333e-01	31
1.49276967e+03	1.00598666e+00	1.37460495e-04	2.22916667e-01	36
1.49277051e+03	1.00614635e+00	2.30042988e-04	2.23750000e-01	35
1.49277136e+03	1.00600227e+00	2.15467793e-04	2.24583333e-01	35
1.49277220e+03	1.00644254e+00	2.00662041e-04	2.25416667e-01	35
1.49277304e+03	1.00649302e+00	1.43393365e-04	2.26250000e-01	36
1.49277389e+03	1.00632854e+00	1.50786606e-04	2.27083333e-01	35
1.49277473e+03	1.00641500e+00	1.82033885e-04	2.27916667e-01	40
1.49277557e+03	1.00609007e+00	1.89452473e-04	2.28750000e-01	35
1.49277641e+03	1.00648687e+00	2.55552056e-04	2.29583333e-01	36
1.49277726e+03	1.00659557e+00	1.55612511e-04	2.30416667e-01	39
1.49277810e+03	1.00682282e+00	2.09817021e-04	2.31250000e-01	30
1.49277894e+03	1.00706494e+00	2.76210582e-04	2.32083333e-01	34
1.49277979e+03	1.00689779e+00	2.48283584e-04	2.32916667e-01	32
1.49278063e+03	1.00692582e+00	1.16956137e-04	2.33750000e-01	36
1.49278147e+03	1.00719205e+00	2.15919687e-04	2.34583333e-01	36
1.49278232e+03	1.00701949e+00	1.76506001e-04	2.35416667e-01	36
1.49278316e+03	1.00684961e+00	2.07802451e-04	2.36250000e-01	36
1.49278400e+03	1.00748606e+00	2.13680978e-04	2.37083333e-01	35
1.49278485e+03	1.00703071e+00	1.51716756e-04	2.37916667e-01	33
1.49278569e+03	1.00733526e+00	2.49278102e-04	2.38750000e-01	37
1.49278653e+03	1.00705092e+00	1.34596320e-04	2.39583333e-01	38
1.49278738e+03	1.00709081e+00	2.15506717e-04	2.40416667e-01	32
1.49278822e+03	1.00756487e+00	2.40654397e-04	2.41250000e-01	36
1.49278906e+03	1.00740858e+00	2.17587611e-04	2.42083333e-01	36
1.49278991e+03	1.00753728e+00	1.93018009e-04	2.42916667e-01	34
1.49279075e+03	1.00743973e+00	2.15761906e-04	2.43750000e-01	34
1.49279159e+03	1.00779720e+00	1.61873378e-04	2.44583333e-01	35
1.49279244e+03	1.00748380e+00	2.81765383e-04	2.45416667e-01	35
1.49279328e+03	1.00769125e+00	1.78403984e-04	2.46250000e-01	37
1.49279412e+03	1.00766914e+00	1.47830062e-04	2.47083333e-01	32
1.49279497e+03	1.00774428e+00	2.35946887e-04	2.47916667e-01	40
1.49279581e+03	1.00793501e+00	1.73295497e-04	2.48750000e-01	38
1.49279665e+03	1.00771443e+00	1.40051450e-04	2.49583333e-01	31
1.49279750e+03	1.00778131e+00	1.96930364e-04	2.50416667e-01	38
1.49279834e+03	1.00799937e+00	1.91553155e-04	2.51250000e-01	36
1.49279918e+03	1.00791323e+00	1.82227504e-04	2.52083333e-01	30
1.49280002e+03	1.00798497e+00	2.52824669e-04	2.52916667e-01	34
1.49280087e+03	1.00826313e+00	1.69402852e-04	2.53750000e-01	38
1.49280171e+03	1.00752654e+00	1.76180425e-04	2.54583333e-01	35
1.49280255e+03	1.00831251e+00	2.60451049e-04	2.55416667e-01	37
1.49280340e+03	1.00792376e+00	1.78523701e-04	2.56250000e-01	34
1.49280424e+03	1.00802349e+00	1.54425112e-04	2.57083333e-01	40
1.49280508e+03	1.00802188e+00	1.81817416e-04	2.57916667e-01	36
1.49280593e+03	1.00823486e+00	1.18206562e-04	2.58750000e-01	30
1.49280677e+03	1.00874854e+00	1.98048230e-04	2.59583333e-01	35
1.49280761e+03	1.00819793e+00	2.00779718e-04	2.60416667e-01	38
1.49280846e+03	1.00788340e+00	1.86233635e-04	2.61250000e-01	30
1.49280930e+03	1.00831490e+00	2.03113729e-04	2.62083333e-01	36
1.49281014e+03	1.00827079e+00	1.38128201e-04	2.62916667e-01	38
1.49281099e+03	1.00799883e+00	2.53460329e-04	2.63750000e-01	34
1.49281183e+03	1.00844085e+00	2.43026614e-04	2.64583333e-01	34
1.49281267e+03	1.00822682e+00	2.45658594e-04	2.65416667e-01	37
1.49281352e+03	1.00837365e+00	3.27338312e-04	2.66250000e-01	36
1.49281436e+03	1.00862445e+00	1.90756258e-04	2.67083333e-01	36
1.49281520e+03	1.00818666e+00	1.00054078e-04	2.67916667e-01	34
1.49281605e+03	1.00850026e+00	1.63259359e-04	2.68750000e-01	39
1.49281689e+03	1.00842083e+00	1.51352974e-04	2.69583333e-01	35
1.49281773e+03	1.00853995e+00	1.80220213e-04	2.70416667e-01	31
1.49281858e+03	1.00835537e+00	1.92989262e-04	2.71250000e-01	37
1.49281942e+03	1.00822837e+00	1.40567375e-04	2.72083333e-01	33
1.49282026e+03	1.00812347e+00	2.39011788e-04	2.72916667e-01	34
1.49282110e+03	1.00847250e+00	1.53135283e-04	2.73750000e-01	36
1.49282195e+03	1.00828838e+00	1.34435629e-04	2.74583333e-01	34
1.49282279e+03	1.00854386e+00	2.37128280e-04	2.75416667e-01	36
1.49282363e+03	1.00850337e+00	1.75716806e-04	2.76250000e-01	35
1.49282448e+03	1.00809030e+00	1.62038296e-04	2.77083333e-01	36
1.49282532e+03	1.00856493e+00	1.84163512e-04	2.77916667e-01	37
1.49282616e+03	1.00845536e+00	1.83414465e-04	2.78750000e-01	34
1.49282701e+03	1.00869658e+00	2.03934172e-04	2.79583333e-01	32
1.49282785e+03	1.00870051e+00	1.93765388e-04	2.80416667e-01	35
1.49282869e+03	1.00840905e+00	8.99356495e-05	2.81250000e-01	34
1.49282954e+03	1.00810024e+00	1.96251391e-04	2.82083333e-01	35
1.49283038e+03	1.00848031e+00	1.92519652e-04	2.82916667e-01	34
1.49283122e+03	1.00837958e+00	1.30345250e-04	2.83750000e-01	36
1.49283207e+03	1.00845544e+00	1.73078724e-04	2.84583333e-01	36
1.49283291e+03	1.00874388e+00	1.81530370e-04	2.85416667e-01	34
1.49283375e+03	1.00834481e+00	1.49325578e-04	2.86250000e-01	35
1.49283460e+03	1.00825123e+00	1.88775840e-04	2.87083333e-01	35
1.49283544e+03	1.00828856e+00	1.72300014e-04	2.87916667e-01	32
1.49283628e+03	1.00811990e+00	1.44540072e-04	2.88750000e-01	34
1.49283713e+03	1.00845458e+00	2.06194984e-04	2.89583333e-01	37
1.49283797e+03	1.00824483e+00	1.52625224e-04	2.90416667e-01	33
1.49283881e+03	1.00834405e+00	2.19109086e-04	2.91250000e-01	35
1.49283966e+03	1.00827109e+00	2.09155050e-04	2.92083333e-01	35
1.49284050e+03	1.00823894e+00	2.22969705e-04	2.92916667e-01	32
1.49284134e+03	1.00862217e+00	2.41706151e-04	2.93750000e-01	35
1.49284219e+03	1.00835286e+00	1.57725863e-04	2.94583333e-01	35
1.49284303e+03	1.00826526e+00	1.57874938e-04	2.95416667e-01	34
1.49284387e+03	1.00775209e+00	2.36323430e-04	2.96250000e-01	37
1.49284471e+03	1.00825276e+00	1.47587356e-04	2.97083333e-01	33
1.49284556e+03	1.00802112e+00	1.54408609e-04	2.97916667e-01	33
1.49284640e+03	1.00797647e+00	2.69029629e-04	2.98750000e-01	35
1.49284724e+03	1.00817521e+00	1.52167992e-04	2.99583333e-01	30
1.49284809e+03	1.00794940e+00	2.02582464e-04	3.00416667e-01	36
1.49284893e+03	1.00821092e+00	1.90396727e-04	3.01250000e-01	36
1.49284977e+03	1.00813449e+00	1.70080538e-04	3.02083333e-01	30
1.49285062e+03	1.00794010e+00	1.73304986e-04	3.02916667e-01	37
1.49285146e+03	1.00795621e+00	1.66616817e-04	3.03750000e-01	37
1.49285230e+03	1.00767941e+00	1.77786804e-04	3.04583333e-01	35
1.49285315e+03	1.00824477e+00	1.78480330e-04	3.05416667e-01	36
1.49285399e+03	1.00791961e+00	1.81607921e-04	3.06250000e-01	34
1.49285483e+03	1.00802007e+00	2.19787343e-04	3.07083333e-01	33
1.49285568e+03	1.00788940e+00	2.18139273e-04	3.07916667e-01	34
1.49285652e+03	1.00787315e+00	2.13899664e-04	3.08750000e-01	31
1.49285736e+03	1.00765723e+00	1.67433724e-04	3.09583333e-01	36
1.49285821e+03	1.00791443e+00	2.45734523e-04	3.10416667e-01	34
1.49285905e+03	1.00751899e+00	1.08265139e-04	3.11250000e-01	33
1.49285989e+03	1.00757019e+00	2.00772457e-04	3.12083333e-01	36
1.49286074e+03	1.00740677e+00	1.83898358e-04	3.12916667e-01	38
1.49286158e+03	1.00750243e+00	2.80558243e-04	3.13750000e-01	31
1.49286242e+03	1.00739219e+00	1.32814697e-04	3.14583333e-01	34
1.49286327e+03	1.00757228e+00	1.44813406e-04	3.15416667e-01	34
1.49286411e+03	1.00735561e+00	1.95158752e-04	3.16250000e-01	35
1.49286495e+03	1.00753192e+00	2.19367967e-04	3.17083333e-01	36
1.49286580e+03	1.00723509e+00	1.80321252e-04	3.17916667e-01	32
1.49286664e+03	1.00729815e+00	1.69885073e-04	3.18750000e-01	38
1.49286748e+03	1.00720260e+00	1.77680799e-04	3.19583333e-01	29
1.49286832e+03	1.00720368e+00	1.84808266e-04	3.20416667e-01	31
1.49286917e+03	1.00700407e+00	2.38302933e-04	3.21250000e-01	35
1.49287001e+03	1.00705647e+00	1.34575474e-04	3.22083333e-01	34
1.49287085e+03	1.00685215e+00	1.63478094e-04	3.22916667e-01	32
1.49287170e+03	1.00713206e+00	2.21793067e-04	3.23750000e-01	35
1.49287254e+03	1.00685980e+00	1.42728666e-04	3.24583333e-01	36
1.49287338e+03	1.00688462e+00	2.29746941e-04	3.25416667e-01	33
1.49287423e+03	1.00693734e+00	2.60260630e-04	3.26250000e-01	33
1.49287507e+03	1.00667937e+00	2.04012798e-04	3.27083333e-01	32
1.49287591e+03	1.00731445e+00	1.83540326e-04	3.27916667e-01	34
1.49287676e+03	1.00668786e+00	1.51985167e-04	3.28750000e-01	33
1.49287760e+03	1.00678540e+00	1.47370562e-04	3.29583333e-01	33
1.49287844e+03	1.00659374e+00	1.84324245e-04	3.30416667e-01	36
1.49287929e+03	1.00624012e+00	1.21410672e-04	3.31250000e-01	35
1.49288013e+03	1.00619890e+00	1.72010179e-04	3.32083333e-01	33
1.49288097e+03	1.00621451e+00	1.87831768e-04	3.32916667e-01	37
1.49288182e+03	1.00638598e+00	1.21388082e-04	3.33750000e-01	34
1.49288266e+03	1.00615603e+00	2.52551555e-04	3.34583333e-01	33
1.49288350e+03	1.00654643e+00	1.40211070e-04	3.35416667e-01	35
1.49288435e+03	1.00607839e+00	1.57660512e-04	3.36250000e-01	33
1.49288519e+03	1.00615965e+00	1.24749190e-04	3.37083333e-01	33
1.49288603e+03	1.00624337e+00	1.84520513e-04	3.37916667e-01	34
1.49288688e+03	1.00589726e+00	1.80981782e-04	3.38750000e-01	31
1.49288772e+03	1.00629448e+00	1.52932049e-04	3.39583333e-01	34
1.49288856e+03	1.00599148e+00	1.57371454e-04	3.40416667e-01	33
1.49288941e+03	1.00584259e+00	1.41328733e-04	3.41250000e-01	33
1.49289025e+03	1.00625511e+00	1.64716860e-04	3.42083333e-01	36
1.49289109e+03	1.00581346e+00	1.30407396e-04	3.42916667e-01	35
1.49289193e+03	1.00614573e+00	2.23106349e-04	3.43750000e-01	33
1.49289278e+03	1.00597929e+00	2.25009260e-04	3.44583333e-01	36
1.49289362e+03	1.00521083e+00	1.55800256e-04	3.45416667e-01	36
1.49289446e+03	1.00563106e+00	2.03146608e-04	3.46250000e-01	34
1.49289531e+03	1.00579153e+00	1.48356456e-04	3.47083333e-01	33
1.49289615e+03	1.00585180e+00	1.89888942e-04	3.47916667e-01	31
1.49289699e+03	1.00525233e+00	2.07303839e-04	3.48750000e-01	31
1.49289784e+03	1.00539498e+00	2.11553713e-04	3.49583333e-01	31
1.49289868e+03	1.00523788e+00	1.89196856e-04	3.50416667e-01	35
1.49289952e+03	1.00513258e+00	1.65934351e-04	3.51250000e-01	37
1.49290037e+03	1.00497888e+00	1.25332642e-04	3.52083333e-01	35
1.49290121e+03	1.00518385e+00	1.69797063e-04	3.52916667e-01	32
1.49290205e+03	1.00508264e+00	1.86888502e-04	3.53750000e-01	37
1.49290290e+03	1.00448330e+00	1.33018314e-04	3.54583333e-01	33
1.49290374e+03	1.00466895e+00	2.57315851e-04	3.55416667e-01	33
1.49290458e+03	1.00494245e+00	1.72857401e-04	3.56250000e-01	35
1.49290543e+03	1.00484549e+00	1.84730901e-04	3.57083333e-01	32
1.49290627e+03	1.00489230e+00	2.30790168e-04	3.57916667e-01	34
1.49290711e+03	1.00450408e+00	2.03166506e-04	3.58750000e-01	33
1.49290796e+03	1.00438207e+00	1.56272353e-04	3.59583333e-01	35
1.49290880e+03	1.00484851e+00	1.80550295e-04	3.60416667e-01	33
1.49290964e+03	1.00428217e+00	1.86029494e-04	3.61250000e-01	33
1.49291049e+03	1.00418436e+00	2.47106276e-04	3.62083333e-01	34
1.49291133e+03	1.00460822e+00	1.79473994e-04	3.62916667e-01	37
1.49291217e+03	1.00431183e+00	1.17143357e-04	3.63750000e-01	32
1.49291301e+03	1.00455186e+00	2.00291146e-04	3.64583333e-01	35
1.49291386e+03	1.00409065e+00	2.24404964e-04	3.65416667e-01	38
1.49291470e+03	1.00389698e+00	2.02987394e-04	3.66250000e-01	31
1.49291554e+03	1.00406666e+00	1.45679174e-04	3.67083333e-01	34
1.49291639e+03	1.00377434e+00	2.51579994e-04	3.67916667e-01	35
1.49291723e+03	1.00379127e+00	1.78503982e-04	3.68750000e-01	29
1.49291807e+03	1.00377618e+00	2.14304969e-04	3.69583333e-01	30
1.49291892e+03	1.00381492e+00	1.67669179e-04	3.70416667e-01	34
1.49291976e+03	1.00356595e+00	1.63611529e-04	3.71250000e-01	37
1.49292060e+03	1.00375198e+00	1.56634219e-04	3.72083333e-01	36
1.49292145e+03	1.00328164e+00	1.42106036e-04	3.72916667e-01	32
1.49292229e+03	1.00384678e+00	2.09533387e-04	3.73750000e-01	36
1.49292313e+03	1.00323133e+00	1.09570106e-04	3.74583333e-01	38
1.49292398e+03	1.00365757e+00	2.35801896e-04	3.75416667e-01	29
1.49292482e+03	1.00345391e+00	2.99214017e-04	3.76250000e-01	31
1.49292566e+03	1.00326839e+00	1.92765473e-04	3.77083333e-01	35
1.49292651e+03	1.00314738e+00	1.54154273e-04	3.77916667e-01	32
1.49292735e+03	1.00329265e+00	2.52786415e-04	3.78750000e-01	33
1.49292819e+03	1.00308251e+00	1.35256363e-04	3.79583333e-01	36
1.49292904e+03	1.00290227e+00	1.74481322e-04	3.80416667e-01	35
1.49292988e+03	1.00311548e+00	1.87849011e-04	3.81250000e-01	33
1.49293072e+03	1.00276355e+00	1.62041050e-04	3.82083333e-01	34
1.49293157e+03	1.00284803e+00	2.23052150e-04	3.82916667e-01	33
1.49293241e+03	1.00286326e+00	1.68176253e-04	3.83750000e-01	38
1.49293325e+03	1.00263122e+00	1.62507396e-04	3.84583333e-01	33
1.49293410e+03	1.00268065e+00	2.18631273e-04	3.85416667e-01	34
1.49293494e+03	1.00232805e+00	1.41584931e-04	3.86250000e-01	37
1.49293578e+03	1.00265185e+00	2.27908218e-04	3.87083333e-01	30
1.49293662e+03	1.00221496e+00	2.46040007e-04	3.87916667e-01	33
1.49293747e+03	1.00221396e+00	1.49143129e-04	3.88750000e-01	32
1.49293831e+03	1.00233318e+00	2.60124583e-04	3.89583333e-01	34
1.49293915e+03	1.00241187e+00	2.11350461e-04	3.90416667e-01	33
1.49294000e+03	1.00218182e+00	1.43881219e-04	3.91250000e-01	33
1.49294084e+03	1.00230775e+00	1.34789631e-04	3.92083333e-01	39
1.49294168e+03	1.00189303e+00	1.41985992e-04	3.92916667e-01	34
1.49294253e+03	1.00170835e+00	2.41612105e-04	3.93750000e-01	32
1.49294337e+03	1.00221467e+00	1.89700573e-04	3.94583333e-01	35
1.49294421e+03	1.00188141e+00	1.34158003e-04	3.95416667e-01	36
1.49294506e+03	1.00204053e+00	1.33194363e-04	3.96250000e-01	30
1.49294590e+03	1.00167591e+00	1.42985886e-04	3.97083333e-01	31
1.49294674e+03	1.00182996e+00	1.48530575e-04	3.97916667e-01	36
1.49294759e+03	1.00184614e+00	2.13559982e-04	3.98750000e-01	34
1.49294843e+03	1.00134461e+00	1.87603828e-04	3.99583333e-01	33
1.49294927e+03	1.00145286e+00	1.32656992e-04	4.00416667e-01	33
1.49295012e+03	1.00177230e+00	1.50664169e-04	4.01250000e-01	37
1.49295096e+03	1.00148609e+00	1.40162921e-04	4.02083333e-01	34
1.49295180e+03	1.00110253e+00	1.99568323e-04	4.02916667e-01	31
1.49295265e+03	1.00127455e+00	1.50478929e-04	4.03750000e-01	37
1.49295349e+03	1.00114000e+00	1.44420622e-04	4.04583333e-01	33
1.49295433e+03	1.00143628e+00	1.68447850e-04	4.05416667e-01	31
1.49295518e+03	1.00102015e+00	1.93529819e-04	4.06250000e-01	35
1.49295602e+03	1.00102179e+00	1.50018186e-04	4.07083333e-01	34
1.49295686e+03	1.00103939e+00	2.12617671e-04	4.07916667e-01	33
1.49295771e+03	1.00107503e+00	1.71440869e-04	4.08750000e-01	31
1.49295855e+03	1.00092029e+00	1.45081326e-04	4.09583333e-01	33
1.49295939e+03	1.00123940e+00	1.91915922e-04	4.10416667e-01	35
1.49296023e+03	1.00100619e+00	1.55786160e-04	4.11250000e-01	34
1.49296108e+03	1.00101478e+00	1.13714400e-04	4.12083333e-01	34
1.49296192e+03	1.00081830e+00	1.65542674e-04	4.12916667e-01	38
1.49296276e+03	1.00041937e+00	1.53199026e-04	4.13750000e-01	34
1.49296361e+03	1.00054400e+00	2.49102253e-04	4.14583333e-01	31
1.49296445e+03	1.00059044e+00	1.77044261e-04	4.15416667e-01	35
1.49296529e+03	1.00052980e+00	1.53748821e-04	4.16250000e-01	32
1.49296614e+03	1.00101328e+00	2.41002748e-04	4.17083333e-01	32
1.49296698e+03	1.00056343e+00	1.67816514e-04	4.17916667e-01	33
1.49296782e+03	1.00054236e+00	1.14639901e-04	4.18750000e-01	33
1.49296867e+03	1.00043529e+00	2.62969997e-04	4.19583333e-01	35
1.49296951e+03	1.00001541e+00	1.81574450e-04	4.20416667e-01	35
1.49297035e+03	1.00010257e+00	1.27871779e-04	4.21250000e-01	36
1.49297120e+03	1.00031886e+00	2.34029364e-04	4.22083333e-01	35
1.49297204e+03	1.00012194e+00	1.48948251e-04	4.22916667e-01	33
1.49297288e+03	1.00030592e+00	1.99732097e-04	4.23750000e-01	32
1.49297373e+03	1.00019891e+00	1.71983700e-04	4.24583333e-01	36
1.49297457e+03	1.00002108e+00	1.38060570e-04	4.25416667e-01	33
1.49297541e+03	1.00004708e+00	2.53683930e-04	4.26250000e-01	32
1.49297626e+03	9.99949854e-01	1.92944907e-04	4.27083333e-01	35
1.49297710e+03	9.99772299e-01	1.58110386e-04	4.27916667e-01	34
1.49297794e+03	1.00001232e+00	1.37176105e-04	4.28750000e-01	33
1.49297879e+03	9.99669352e-01	1.68000172e-04	4.29583333e-01	35
1.49297963e+03	9.99929762e-01	1.63603752e-04	4.30416667e-01	33
1.49298047e+03	9.99755991e-01	1.53360229e-04	4.31250000e-01	34
1.49298132e+03	9.99585663e-01	1.53700943e-04	4.32083333e-01	34
1.49298216e+03	9.99957741e-01	1.80679273e-04	4.32916667e-01	36
1.49298300e+03	9.99654266e-01	2.38449036e-04	4.33750000e-01	35
1.49298384e+03	9.99177172e-01	1.65852985e-04	4.34583333e-01	33
1.49298469e+03	9.99416603e-01	1.87871406e-04	4.35416667e-01	35
1.49298553e+03	9.99233422e-01	1.62275760e-04	4.36250000e-01	32
1.49298637e+03	9.99367443e-01	1.39115468e-04	4.37083333e-01	32
1.49298722e+03	9.99964957e-01	1.81057606e-04	4.37916667e-01	30
1.49298806e+03	9.99129841e-01	9.61773740e-05	4.38750000e-01	36
1.49298890e+03	9.99522414e-01	1.59804546e-04	4.39583333e-01	34
1.49298975e+03	9.99106318e-01	1.52002824e-04	4.40416667e-01	36
1.49299059e+03	9.99043833e-01	1.36004564e-04	4.41250000e-01	34
1.49299143e+03	9.99418112e-01	1.66546662e-04	4.42083333e-01	35
1.49299228e+03	9.98815330e-01	1.77934063e-04	4.42916667e-01	34
1.49299312e+03	9.99170046e-01	1.50067074e-04	4.43750000e-01	30
1.49299396e+03	9.99361235e-01	2.21273837e-04	4.44583333e-01	34
1.49299481e+03	9.99054985e-01	1.45172172e-04	4.45416667e-01	33
1.49299565e+03	9.98966913e-01	9.63543995e-05	4.46250000e-01	33
1.49299649e+03	9.99156732e-01	1.90732742e-04	4.47083333e-01	32
1.49299734e+03	9.98876609e-01	1.16981165e-04	4.47916667e-01	38
1.49299818e+03	9.98636940e-01	2.36969875e-04	4.48750000e-01	31
1.49299902e+03	9.98850423e-01	2.45538154e-04	4.49583333e-01	35
1.49299987e+03	9.98550516e-01	1.79003835e-04	4.50416667e-01	33
1.49300071e+03	9.99266028e-01	1.60985626e-04	4.51250000e-01	32
1.49300155e+03	9.98699234e-01	2.20787138e-04	4.52083333e-01	35
1.49300240e+03	9.98713715e-01	1.87143170e-04	4.52916667e-01	32
1.49300324e+03	9.99077638e-01	2.45041956e-04	4.53750000e-01	35
1.49300408e+03	9.98214227e-01	1.54010892e-04	4.54583333e-01	35
1.49300493e+03	9.98508644e-01	1.92554433e-04	4.55416667e-01	31
1.49300577e+03	9.98478547e-01	2.24235247e-04	4.56250000e-01	34
1.49300661e+03	9.98436898e-01	1.59226486e-04	4.57083333e-01	35
1.49300745e+03	9.98244731e-01	1.72541948e-04	4.57916667e-01	31
1.49300830e+03	9.98742294e-01	1.73968211e-04	4.58750000e-01	32
1.49300914e+03	9.98360649e-01	2.05954267e-04	4.59583333e-01	36
1.49300998e+03	9.98679575e-01	2.29400871e-04	4.60416667e-01	34
1.49301083e+03	9.98483193e-01	2.11575143e-04	4.61250000e-01	35
1.49301167e+03	9.98390805e-01	1.67602713e-04	4.62083333e-01	35
1.49301251e+03	9.98546477e-01	1.52271599e-04	4.62916667e-01	34
1.49301336e+03	9.98364972e-01	1.55874804e-04	4.63750000e-01	33
1.49301420e+03	9.98485654e-01	1.97702032e-04	4.64583333e-01	29
1.49301504e+03	9.98636713e-01	2.03561947e-04	4.65416667e-01	34
1.49301589e+03	9.98413502e-01	1.41099375e-04	4.66250000e-01	34
1.49301673e+03	9.98601446e-01	2.05011760e-04	4.67083333e-01	34
1.49301757e+03	9.98244048e-01	2.23264087e-04	4.67916667e-01	34
1.49301842e+03	9.97731444e-01	1.09557118e-04	4.68750000e-01	38
1.49301926e+03	9.98359708e-01	1.84209396e-04	4.69583333e-01	31
1.49302010e+03	9.97866227e-01	1.68775052e-04	4.70416667e-01	33
1.49302095e+03	9.97937500e-01	1.82878503e-04	4.71250000e-01	33
1.49302179e+03	9.97905175e-01	1.72309302e-04	4.72083333e-01	33
1.49302263e+03	9.97673627e-01	2.01098640e-04	4.72916667e-01	34
1.49302348e+03	9.97581504e-01	2.33052526e-04	4.73750000e-01	33
1.49302432e+03	9.97373437e-01	2.51471732e-04	4.74583333e-01	35
1.49302516e+03	9.97224031e-01	1.67418866e-04	4.75416667e-01	32
1.49302601e+03	9.97390130e-01	2.03254706e-04	4.76250000e-01	32
1.49302685e+03	9.96955033e-01	1.55094181e-04	4.77083333e-01	34
1.49302769e+03	9.96660694e-01	1.91190671e-04	4.77916667e-01	35
1.49302853e+03	9.97220631e-01	2.43499645e-04	4.78750000e-01	30
1.49302938e+03	9.96626912e-01	1.95188278e-04	4.79583333e-01	34
1.49303022e+03	9.96645771e-01	1.75304059e-04	4.80416667e-01	35
1.49303106e+03	9.96751643e-01	2.40629718e-04	4.81250000e-01	33
1.49303191e+03	9.96030104e-01	2.00215212e-04	4.82083333e-01	35
1.49303275e+03	9.96463177e-01	2.21613828e-04	4.82916667e-01	33
1.49303359e+03	9.96155084e-01	1.88304618e-04	4.83750000e-01	32
1.49303444e+03	9.95585933e-01	1.76429490e-04	4.84583333e-01	32
1.49303528e+03	9.96098240e-01	1.62957119e-04	4.85416667e-01	29
1.49303612e+03	9.95779281e-01	2.00708403e-04	4.86250000e-01	35
1.49303697e+03	9.95555070e-01	1.67503473e-04	4.87083333e-01	35
1.49303781e+03	9.95854246e-01	1.78532624e-04	4.87916667e-01	32
1.49303865e+03	9.95203533e-01	1.82898602e-04	4.88750000e-01	36
1.49303950e+03	9.95306341e-01	2.21762532e-04	4.89583333e-01	34
1.49304034e+03	9.95433137e-01	1.43584490e-04	4.90416667e-01	31
1.49304118e+03	9.95175456e-01	1.26611693e-04	4.91250000e-01	36
1.49304203e+03	9.95468366e-01	1.82170735e-04	4.92083333e-01	31
1.49304287e+03	9.95205479e-01	2.43368294e-04	4.92916667e-01	29
1.49304371e+03	9.94704709e-01	1.56289348e-04	4.93750000e-01	34
1.49304456e+03	9.95093481e-01	2.00546912e-04	4.94583333e-01	31
1.49304540e+03	9.94782561e-01	1.38988067e-04	4.95416667e-01	36
1.49304624e+03	9.94840339e-01	1.62894011e-04	4.96250000e-01	33
1.49304709e+03	9.94945057e-01	3.11148282e-04	4.97083333e-01	32
1.49304793e+03	9.94624252e-01	1.16566986e-04	4.97916667e-01	34
1.49304877e+03	9.94876149e-01	2.68322768e-04	4.98750000e-01	33
1.49304962e+03	9.94968881e-01	2.26272337e-04	4.99583333e-01	30
1.49305046e+03	9.94530483e-01	1.19660152e-04	5.00416667e-01	36
1.49305130e+03	9.94901453e-01	2.26477488e-04	5.01250000e-01	33
1.49305214e+03	9.95053617e-01	2.26814553e-04	5.02083333e-01	32
1.49305299e+03	9.94407789e-01	1.40012841e-04	5.02916667e-01	35
1.49305383e+03	9.95114624e-01	2.36906718e-04	5.03750000e-01	30
1.49305467e+03	9.94667442e-01	1.99504914e-04	5.04583333e-01	34
1.49305552e+03	9.94658693e-01	1.47069649e-04	5.05416667e-01	30
1.49305636e+03	9.95361286e-01	2.13123007e-04	5.06250000e-01	33
1.49305720e+03	9.94840754e-01	1.20293469e-04	5.07083333e-01	36
1.49305805e+03	9.94947809e-01	1.73184797e-04	5.07916667e-01	34
1.49305889e+03	9.95097580e-01	2.17645889e-04	5.08750000e-01	32
1.49305973e+03	9.95194690e-01	1.78860887e-04	5.09583333e-01	38
1.49306058e+03	9.95023569e-01	2.86577041e-04	5.10416667e-01	33
1.49306142e+03	9.95508032e-01	1.45523562e-04	5.11250000e-01	31
1.49306226e+03	9.95063653e-01	1.23292892e-04	5.12083333e-01	36
1.49306311e+03	9.95569450e-01	2.11318101e-04	5.12916667e-01	30
1.49306395e+03	9.95326400e-01	1.40119924e-04	5.13750000e-01	32
1.49306479e+03	9.95560742e-01	2.40461961e-04	5.14583333e-01	33
1.49306564e+03	9.95612256e-01	2.11074550e-04	5.15416667e-01	36
1.49306648e+03	9.95368981e-01	1.43631588e-04	5.16250000e-01	34
1.49306732e+03	9.95979525e-01	2.26896880e-04	5.17083333e-01	33
1.49306817e+03	9.95913302e-01	1.58970048e-04	5.17916667e-01	33
1.49306901e+03	9.95840527e-01	1.65528040e-04	5.18750000e-01	37
1.49306985e+03	9.96376241e-01	2.76067640e-04	5.19583333e-01	29
1.49307070e+03	9.95950993e-01	1.55309593e-04	5.20416667e-01	33
1.49307154e+03	9.96283910e-01	1.05868964e-04	5.21250000e-01	34
1.49307238e+03	9.96281442e-01	2.19918721e-04	5.22083333e-01	31
1.49307323e+03	9.96596023e-01	1.39337588e-04	5.22916667e-01	33
1.49307407e+03	9.97262423e-01	2.10526614e-04	5.23750000e-01	34
1.49307491e+03	9.97017116e-01	2.28498313e-04	5.24583333e-01	33
1.49307575e+03	9.96780721e-01	1.52800538e-04	5.25416667e-01	31
1.49307660e+03	9.97361581e-01	1.87691853e-04	5.26250000e-01	32
1.49307744e+03	9.97326877e-01	1.64568432e-04	5.27083333e-01	34
1.49307828e+03	9.97376598e-01	1.42695645e-04	5.27916667e-01	37
1.49307913e+03	9.97768133e-01	1.90517698e-04	5.28750000e-01	32
1.49307997e+03	9.97667483e-01	1.77738437e-04	5.29583333e-01	35
1.49308081e+03	9.97557306e-01	1.37247937e-04	5.30416667e-01	38
1.49308166e+03	9.98092333e-01	2.47056402e-04	5.31250000e-01	28
1.49308250e+03	9.97830506e-01	1.35736746e-04	5.32083333e-01	32
1.49308334e+03	9.97947877e-01	1.71636468e-04	5.32916667e-01	33
1.49308419e+03	9.97916085e-01	1.81536183e-04	5.33750000e-01	31
1.49308503e+03	9.97854120e-01	1.52018509e-04	5.34583333e-01	32
1.49308587e+03	9.98108402e-01	1.31164906e-04	5.35416667e-01	34
1.49308672e+03	9.98102809e-01	1.18352806e-04	5.36250000e-01	37
1.49308756e+03	9.97895049e-01	1.16941129e-04	5.37083333e-01	35
1.49308840e+03	9.98656138e-01	2.22974466e-04	5.37916667e-01	33
1.49308925e+03	9.98134425e-01	1.59073590e-04	5.38750000e-01	36
1.49309009e+03	9.98044621e-01	1.75180010e-04	5.39583333e-01	35
1.49309093e+03	9.98930462e-01	1.78203865e-04	5.40416667e-01	28
1.49309178e+03	9.98358582e-01	1.19536660e-04	5.41250000e-01	34
1.49309262e+03	9.98576918e-01	1.59025159e-04	5.42083333e-01	36
1.49309346e+03	9.98441614e-01	2.78240676e-04	5.42916667e-01	29
1.49309431e+03	9.98129541e-01	1.67103419e-04	5.43750000e-01	33
1.49309515e+03	9.98255154e-01	1.46126103e-04	5.44583333e-01	35
1.49309599e+03	9.98381834e-01	1.37529638e-04	5.45416667e-01	34
1.49309684e+03	9.98176039e-01	1.43423113e-04	5.46250000e-01	33
1.49309768e+03	9.99083719e-01	1.91145265e-04	5.47083333e-01	31
1.49309852e+03	9.98527451e-01	1.46316859e-04	5.47916667e-01	37
1.49309936e+03	9.98470416e-01	1.67738791e-04	5.48750000e-01	35
1.49310021e+03	9.99025396e-01	1.52585932e-04	5.49583333e-01	32
1.49310105e+03	9.98440890e-01	1.21134505e-04	5.50416667e-01	35
1.49310189e+03	9.98673398e-01	1.63485190e-04	5.51250000e-01	36
1.49310274e+03	9.98894477e-01	1.83697727e-04	5.52083333e-01	30
1.49310358e+03	9.98537374e-01	1.32576213e-04	5.52916667e-01	32
1.49310442e+03	9.99174016e-01	1.97798027e-04	5.53750000e-01	33
1.49310527e+03	9.98975522e-01	1.23249536e-04	5.54583333e-01	31
1.49310611e+03	9.98605938e-01	1.10971004e-04	5.55416667e-01	36
1.49310695e+03	9.99279832e-01	1.83708361e-04	5.56250000e-01	32
1.49310780e+03	9.98989752e-01	1.37018161e-04	5.57083333e-01	39
1.49310864e+03	9.99047688e-01	1.71622727e-04	5.57916667e-01	34
1.49310948e+03	9.99160875e-01	1.94920982e-04	5.58750000e-01	30
1.49311033e+03	9.98603117e-01	8.86494382e-05	5.59583333e-01	37
1.49311117e+03	9.99480665e-01	2.05027387e-04	5.60416667e-01	31
1.49311201e+03	9.99499032e-01	1.66439545e-04	5.61250000e-01	31
1.49311286e+03	9.98928298e-01	9.86497786e-05	5.62083333e-01	34
1.49311370e+03	9.99371651e-01	1.94226251e-04	5.62916667e-01	35
1.49311454e+03	9.99404812e-01	2.31918214e-04	5.63750000e-01	32
1.49311539e+03	9.98905928e-01	1.52146390e-04	5.64583333e-01	35
1.49311623e+03	9.99359172e-01	1.87505238e-04	5.65416667e-01	33
1.49311707e+03	9.99027671e-01	1.33816128e-04	5.66250000e-01	35
1.49311792e+03	9.99385033e-01	1.79510741e-04	5.67083333e-01	32
1.49311876e+03	9.99777578e-01	1.71227414e-04	5.67916667e-01	32
1.49311960e+03	9.99324902e-01	1.17900093e-04	5.68750000e-01	39
1.49312044e+03	9.99579830e-01	1.26738833e-04	5.69583333e-01	32
1.49312129e+03	9.99814383e-01	2.13515418e-04	5.70416667e-01	31
1.49312213e+03	9.99346585e-01	1.45826215e-04	5.71250000e-01	37
1.49312297e+03	9.99743854e-01	1.55889827e-04	5.72083333e-01	32
1.49312382e+03	9.99664372e-01	1.42851024e-04	5.72916667e-01	32
1.49312466e+03	9.99224383e-01	1.65972477e-04	5.73750000e-01	34
1.49312550e+03	1.00008212e+00	1.95347740e-04	5.74583333e-01	31
1.49312635e+03	9.99623215e-01	1.53303401e-04	5.75416667e-01	34
1.49312719e+03	9.99872406e-01	1.31949119e-04	5.76250000e-01	35
1.49312803e+03	9.99972259e-01	2.18324942e-04	5.77083333e-01	35
1.49312888e+03	9.99635192e-01	1.47488951e-04	5.77916667e-01	38
1.49312972e+03	1.00005144e+00	1.72772127e-04	5.78750000e-01	34
1.49313056e+03	9.99899373e-01	1.92785301e-04	5.79583333e-01	31
1.49313141e+03	9.99665608e-01	1.36802097e-04	5.80416667e-01	36
1.49313225e+03	1.00038111e+00	2.09424663e-04	5.81250000e-01	30
1.49313309e+03	1.00026878e+00	1.49366023e-04	5.82083333e-01	31
1.49313394e+03	1.00036399e+00	1.55374634e-04	5.82916667e-01	34
1.49313478e+03	1.00048023e+00	1.78809493e-04	5.83750000e-01	34
1.49313562e+03	1.00010605e+00	1.05761634e-04	5.84583333e-01	35
1.49313647e+03	1.00026295e+00	1.22921821e-04	5.85416667e-01	35
1.49313731e+03	1.00050728e+00	1.58644342e-04	5.86250000e-01	33
1.49313815e+03	1.00018468e+00	1.14420110e-04	5.87083333e-01	34
1.49313900e+03	1.00075245e+00	1.52769117e-04	5.87916667e-01	31
1.49313984e+03	1.00052834e+00	1.61447850e-04	5.88750000e-01	35
1.49314068e+03	1.00053496e+00	1.26046946e-04	5.89583333e-01	36
1.49314153e+03	1.00100108e+00	1.88184732e-04	5.90416667e-01	31
1.49314237e+03	1.00086007e+00	2.03953673e-04	5.91250000e-01	33
1.49314321e+03	1.00083943e+00	2.09671296e-04	5.92083333e-01	35
1.49314405e+03	1.00093122e+00	2.18721240e-04	5.92916667e-01	32
1.49314490e+03	1.00070170e+00	1.18005363e-04	5.93750000e-01	33
1.49314574e+03	1.00087704e+00	1.11872259e-04	5.94583333e-01	34
1.49314658e+03	1.00123910e+00	1.62293451e-04	5.95416667e-01	32
1.49314743e+03	1.00084654e+00	1.19485205e-04	5.96250000e-01	36
1.49314827e+03	1.00110549e+00	1.76023440e-04	5.97083333e-01	33
1.49314911e+03	1.00086837e+00	1.91922570e-04	5.97916667e-01	36
1.49314996e+03	1.00107091e+00	1.42608823e-04	5.98750000e-01	36
1.49315080e+03	1.00138447e+00	2.31892394e-04	5.99583333e-01	31
1.49315164e+03	1.00090783e+00	1.20973632e-04	6.00416667e-01	34
1.49315249e+03	1.00108551e+00	1.66763259e-04	6.01250000e-01	33
1.49315333e+03	1.00186680e+00	1.71979090e-04	6.02083333e-01	29
1.49315417e+03	1.00111860e+00	1.32189199e-04	6.02916667e-01	35
1.49315502e+03	1.00116740e+00	1.68376605e-04	6.03750000e-01	37
1.49315586e+03	1.00203650e+00	2.16105021e-04	6.04583333e-01	30
1.49315670e+03	1.00124970e+00	1.30351428e-04	6.05416667e-01	36
1.49315755e+03	1.00188215e+00	1.36456040e-04	6.06250000e-01	33
1.49315839e+03	1.00172445e+00	1.66023399e-04	6.07083333e-01	35
1.49315923e+03	1.00190701e+00	1.44802156e-04	6.07916667e-01	35
1.49316008e+03	1.00212820e+00	2.20844200e-04	6.08750000e-01	29
1.49316092e+03	1.00155707e+00	1.18328229e-04	6.09583333e-01	35
1.49316176e+03	1.00195746e+00	1.66085116e-04	6.10416667e-01	34
1.49316261e+03	1.00243746e+00	2.63875420e-04	6.11250000e-01	30
1.49316345e+03	1.00186847e+00	1.52909187e-04	6.12083333e-01	36
1.49316429e+03	1.00230348e+00	1.27272326e-04	6.12916667e-01	35
1.49316514e+03	1.00224845e+00	2.41519588e-04	6.13750000e-01	30
1.49316598e+03	1.00197772e+00	1.24069062e-04	6.14583333e-01	32
1.49316682e+03	1.00252594e+00	1.76127265e-04	6.15416667e-01	34
1.49316766e+03	1.00194730e+00	2.06500347e-04	6.16250000e-01	34
1.49316851e+03	1.00212871e+00	1.65737709e-04	6.17083333e-01	35
1.49316935e+03	1.00256841e+00	1.95351615e-04	6.17916667e-01	33
1.49317019e+03	1.00216343e+00	1.52347034e-04	6.18750000e-01	36
1.49317104e+03	1.00237246e+00	1.87442004e-04	6.19583333e-01	34
1.49317188e+03	1.00244919e+00	3.02251732e-04	6.20416667e-01	25
1.49317272e+03	1.00208961e+00	1.03208393e-04	6.21250000e-01	37
1.49317357e+03	1.00260507e+00	1.71864946e-04	6.22083333e-01	32
1.49317441e+03	1.00296267e+00	1.97636170e-04	6.22916667e-01	32
1.49317525e+03	1.00255894e+00	1.49388230e-04	6.23750000e-01	35
1.49317610e+03	1.00317945e+00	1.70833484e-04	6.24583333e-01	37
1.49317694e+03	1.00302607e+00	2.30308201e-04	6.25416667e-01	32
1.49317778e+03	1.00288074e+00	1.48766729e-04	6.26250000e-01	35
1.49317863e+03	1.00308861e+00	2.64323438e-04	6.27083333e-01	32
1.49317947e+03	1.00295555e+00	1.55570036e-04	6.27916667e-01	34
1.49318031e+03	1.00311853e+00	1.38269927e-04	6.28750000e-01	34
1.49318116e+03	1.00344610e+00	1.59300528e-04	6.29583333e-01	30
1.49318200e+03	1.00315074e+00	1.61095654e-04	6.30416667e-01	38
1.49318284e+03	1.00365090e+00	2.47721402e-04	6.31250000e-01	32
1.49318369e+03	1.00328911e+00	2.01263784e-04	6.32083333e-01	34
1.49318453e+03	1.00305255e+00	1.60745655e-04	6.32916667e-01	35
1.49318537e+03	1.00378952e+00	1.47828975e-04	6.33750000e-01	34
1.49318622e+03	1.00332165e+00	1.58377995e-04	6.34583333e-01	33
1.49318706e+03	1.00367462e+00	1.37772841e-04	6.35416667e-01	34
1.49318790e+03	1.00399455e+00	1.66285797e-04	6.36250000e-01	33
1.49318875e+03	1.00352203e+00	1.21242767e-04	6.37083333e-01	35
1.49318959e+03	1.00410582e+00	1.56824308e-04	6.37916667e-01	33
1.49319043e+03	1.00420107e+00	2.82702438e-04	6.38750000e-01	32
1.49319127e+03	1.00376529e+00	1.35908275e-04	6.39583333e-01	37
1.49319212e+03	1.00427492e+00	1.64248570e-04	6.40416667e-01	31
1.49319296e+03	1.00430083e+00	1.68946680e-04	6.41250000e-01	33
1.49319380e+03	1.00393301e+00	1.33532443e-04	6.42083333e-01	35
1.49319465e+03	1.00444490e+00	1.79592880e-04	6.42916667e-01	34
1.49319549e+03	1.00405906e+00	1.95733585e-04	6.43750000e-01	33
1.49319633e+03	1.00415611e+00	1.47044661e-04	6.44583333e-01	37
1.49319718e+03	1.00473838e+00	2.24401948e-04	6.45416667e-01	33
1.49319802e+03	1.00386749e+00	1.22126704e-04	6.46250000e-01	36
1.49319886e+03	1.00463392e+00	2.00128496e-04	6.47083333e-01	34
1.49319971e+03	1.00464618e+00	1.82517137e-04	6.47916667e-01	30
1.49320055e+03	1.00412404e+00	1.58455422e-04	6.48750000e-01	33
1.49320139e+03	1.00472961e+00	1.65361632e-04	6.49583333e-01	31
1.49320224e+03	1.00476740e+00	1.53112576e-04	6.50416667e-01	34
1.49320308e+03	1.00442780e+00	2.07922072e-04	6.51250000e-01	35
1.49320392e+03	1.00529557e+00	1.19823088e-04	6.52083333e-01	34
1.49320477e+03	1.00493152e+00	2.16135404e-04	6.52916667e-01	33
1.49320561e+03	1.00478165e+00	2.02529337e-04	6.53750000e-01	36
1.49320645e+03	1.00526768e+00	1.72661125e-04	6.54583333e-01	36
1.49320730e+03	1.00480116e+00	1.76658335e-04	6.55416667e-01	33
1.49320814e+03	1.00515665e+00	1.69308832e-04	6.56250000e-01	35
1.49320898e+03	1.00561822e+00	1.86055302e-04	6.57083333e-01	33
1.49320983e+03	1.00491150e+00	1.41361775e-04	6.57916667e-01	34
1.49321067e+03	1.00553646e+00	1.55345467e-04	6.58750000e-01	33
1.49321151e+03	1.00522166e+00	2.14580651e-04	6.59583333e-01	35
1.49321236e+03	1.00516361e+00	1.36219289e-04	6.60416667e-01	34
1.49321320e+03	1.00568737e+00	1.22179399e-04	6.61250000e-01	32
1.49321404e+03	1.00531770e+00	1.39336564e-04	6.62083333e-01	34
1.49321488e+03	1.00522039e+00	1.54415261e-04	6.62916667e-01	36
1.49321573e+03	1.00605223e+00	2.38284476e-04	6.63750000e-01	33
1.49321657e+03	1.00526858e+00	1.26803695e-04	6.64583333e-01	35
1.49321741e+03	1.00575418e+00	1.54462984e-04	6.65416667e-01	35
1.49321826e+03	1.00580688e+00	2.25999838e-04	6.66250000e-01	34
1.49321910e+03	1.00531865e+00	1.19824359e-04	6.67083333e-01	34
1.49321994e+03	1.00599573e+00	1.58324984e-04	6.67916667e-01	34
1.49322079e+03	1.00583291e+00	1.47536571e-04	6.68750000e-01	34
1.49322163e+03	1.00559176e+00	8.17621304e-05	6.69583333e-01	33
1.49322247e+03	1.00654087e+00	1.51429857e-04	6.70416667e-01	32
1.49322332e+03	1.00593747e+00	2.11161776e-04	6.71250000e-01	36
1.49322416e+03	1.00581383e+00	1.33739007e-04	6.72083333e-01	37
1.49322500e+03	1.00638454e+00	2.19800247e-04	6.72916667e-01	33
1.49322585e+03	1.00595146e+00	9.87735097e-05	6.73750000e-01	35
1.49322669e+03	1.00649897e+00	1.52653438e-04	6.74583333e-01	36
1.49322753e+03	1.00627451e+00	1.42247564e-04	6.75416667e-01	32
1.49322838e+03	1.00586870e+00	9.97731160e-05	6.76250000e-01	34
1.49322922e+03	1.00684594e+00	1.66856171e-04	6.77083333e-01	33
1.49323006e+03	1.00654554e+00	1.94735561e-04	6.77916667e-01	34
1.49323091e+03	1.00617044e+00	1.42188164e-04	6.78750000e-01	33
1.49323175e+03	1.00693280e+00	1.94387220e-04	6.79583333e-01	34
1.49323259e+03	1.00650373e+00	1.93145715e-04	6.80416667e-01	36
1.49323344e+03	1.00642685e+00	1.01728144e-04	6.81250000e-01	35
1.49323428e+03	1.00683273e+00	1.59234846e-04	6.82083333e-01	33
1.49323512e+03	1.00642818e+00	1.13711714e-04	6.82916667e-01	36
1.49323596e+03	1.00695631e+00	1.89552715e-04	6.83750000e-01	35
1.49323681e+03	1.00678699e+00	1.40699750e-04	6.84583333e-01	35
1.49323765e+03	1.00652066e+00	1.50044062e-04	6.85416667e-01	36
1.49323849e+03	1.00716587e+00	1.40073237e-04	6.86250000e-01	35
1.49323934e+03	1.00695109e+00	2.36522334e-04	6.87083333e-01	32
1.49324018e+03	1.00681933e+00	1.72120067e-04	6.87916667e-01	34
1.49324102e+03	1.00708137e+00	1.57433790e-04	6.88750000e-01	34
1.49324187e+03	1.00682851e+00	1.81803704e-04	6.89583333e-01	34
1.49324271e+03	1.00693905e+00	1.56362332e-04	6.90416667e-01	33
1.49324355e+03	1.00770482e+00	1.78478765e-04	6.91250000e-01	32
1.49324440e+03	1.00688378e+00	1.71039153e-04	6.92083333e-01	39
1.49324524e+03	1.00755515e+00	1.24679527e-04	6.92916667e-01	34
1.49324608e+03	1.00733708e+00	2.52587426e-04	6.93750000e-01	35
1.49324693e+03	1.00694044e+00	1.51902358e-04	6.94583333e-01	37
1.49324777e+03	1.00747150e+00	1.42891753e-04	6.95416667e-01	36
1.49324861e+03	1.00683177e+00	1.43881219e-04	6.96250000e-01	33
1.49324946e+03	1.00739680e+00	1.49861253e-04	6.97083333e-01	32
1.49325030e+03	1.00781340e+00	1.34468766e-04	6.97916667e-01	33
1.49325114e+03	1.00756855e+00	1.59217450e-04	6.98750000e-01	34
1.49325199e+03	1.00751193e+00	1.11300248e-04	6.99583333e-01	33
1.49325283e+03	1.00787244e+00	1.88808672e-04	7.00416667e-01	34
1.49325367e+03	1.00692415e+00	1.84701869e-04	7.01250000e-01	39
1.49325452e+03	1.00747961e+00	1.68954483e-04	7.02083333e-01	34
1.49325536e+03	1.00761509e+00	2.04074389e-04	7.02916667e-01	32
1.49325620e+03	1.00703129e+00	1.14795174e-04	7.03750000e-01	38
1.49325705e+03	1.00805212e+00	1.91319527e-04	7.04583333e-01	34
1.49325789e+03	1.00736564e+00	1.51884482e-04	7.05416667e-01	34
1.49325873e+03	1.00735194e+00	1.60576991e-04	7.06250000e-01	37
1.49325957e+03	1.00780664e+00	2.19278910e-04	7.07083333e-01	33
1.49326042e+03	1.00732599e+00	1.24964253e-04	7.07916667e-01	35
1.49326126e+03	1.00770289e+00	2.11025271e-04	7.08750000e-01	33
1.49326210e+03	1.00770625e+00	1.90390911e-04	7.09583333e-01	38
1.49326295e+03	1.00739048e+00	1.43930255e-04	7.10416667e-01	33
1.49326379e+03	1.00818610e+00	1.44601672e-04	7.11250000e-01	35
1.49326463e+03	1.00800196e+00	1.84861387e-04	7.12083333e-01	35
1.49326548e+03	1.00759615e+00	1.40631860e-04	7.12916667e-01	40
1.49326632e+03	1.00817037e+00	1.87369539e-04	7.13750000e-01	34
1.49326716e+03	1.00776734e+00	2.17783303e-04	7.14583333e-01	34
1.49326801e+03	1.00749818e+00	1.67435777e-04	7.15416667e-01	37
1.49326885e+03	1.00780345e+00	1.87882562e-04	7.16250000e-01	33
1.49326969e+03	1.00758239e+00	1.68340174e-04	7.17083333e-01	33
1.49327054e+03	1.00803868e+00	1.94678007e-04	7.17916667e-01	33
1.49327138e+03	1.00846466e+00	1.64868109e-04	7.18750000e-01	35
1.49327222e+03	1.00737480e+00	1.28953701e-04	7.19583333e-01	34
1.49327307e+03	1.00805157e+00	1.66195151e-04	7.20416667e-01	37
1.49327391e+03	1.00789784e+00	2.25060333e-04	7.21250000e-01	34
1.49327475e+03	1.00763599e+00	1.52374294e-04	7.22083333e-01	39
1.49327560e+03	1.00807901e+00	2.00505623e-04	7.22916667e-01	33
1.49327644e+03	1.00760721e+00	1.48400847e-04	7.23750000e-01	36
1.49327728e+03	1.00771889e+00	1.19965424e-04	7.24583333e-01	40
1.49327813e+03	1.00822805e+00	1.71381177e-04	7.25416667e-01	30
1.49327897e+03	1.00758514e+00	9.29652027e-05	7.26250000e-01	34
1.49327981e+03	1.00790940e+00	1.42928040e-04	7.27083333e-01	34
1.49328066e+03	1.00804714e+00	2.00863319e-04	7.27916667e-01	34
1.49328150e+03	1.00735917e+00	1.45691804e-04	7.28750000e-01	35
1.49328234e+03	1.00804241e+00	1.77761744e-04	7.29583333e-01	35
1.49328318e+03	1.00774697e+00	2.23577316e-04	7.30416667e-01	36
1.49328403e+03	1.00748534e+00	1.80513388e-04	7.31250000e-01	35
1.49328487e+03	1.00845121e+00	1.52701940e-04	7.32083333e-01	34
1.49328571e+03	1.00786109e+00	1.32695809e-04	7.32916667e-01	37
1.49328656e+03	1.00780231e+00	1.90033755e-04	7.33750000e-01	38
1.49328740e+03	1.00815223e+00	2.00918563e-04	7.34583333e-01	33
1.49328824e+03	1.00744304e+00	1.50333011e-04	7.35416667e-01	35
1.49328909e+03	1.00770701e+00	1.91960688e-04	7.36250000e-01	37
1.49328993e+03	1.00816191e+00	2.37790559e-04	7.37083333e-01	31
1.49329077e+03	1.00725584e+00	1.26320800e-04	7.37916667e-01	34
1.49329162e+03	1.00785857e+00	1.85401537e-04	7.38750000e-01	34
1.49329246e+03	1.00779152e+00	2.09807668e-04	7.39583333e-01	36
1.49329330e+03	1.00743022e+00	1.80856196e-04	7.40416667e-01	36
1.49329415e+03	1.00833080e+00	2.30391329e-04	7.41250000e-01	35
1.49329499e+03	1.00760409e+00	1.61654313e-04	7.42083333e-01	37
1.49329583e+03	1.00713135e+00	1.15306744e-04	7.42916667e-01	36
1.49329668e+03	1.00786378e+00	1.88331634e-04	7.43750000e-01	33
1.49329752e+03	1.00725154e+00	1.17046527e-04	7.44583333e-01	34
1.49329836e+03	1.00750985e+00	1.72007770e-04	7.45416667e-01	39
1.49329921e+03	1.00773472e+00	1.88984608e-04	7.46250000e-01	32
1.49330005e+03	1.00704747e+00	1.30298757e-04	7.47083333e-01	34
1.49330089e+03	1.00748368e+00	1.82683629e-04	7.47916667e-01	35
1.49330174e+03	1.00748997e+00	2.63721181e-04	7.48750000e-01	36
1.49330258e+03	1.00682852e+00	1.49498217e-04	7.49583333e-01	34
1.49330342e+03	1.00778232e+00	1.44290921e-04	7.50416667e-01	35
1.49330427e+03	1.00721525e+00	1.63643215e-04	7.51250000e-01	37
1.49330511e+03	1.00738775e+00	1.71790098e-04	7.52083333e-01	36
1.49330595e+03	1.00783723e+00	2.79076435e-04	7.52916667e-01	32
1.49330679e+03	1.00695251e+00	1.78854559e-04	7.53750000e-01	39
1.49330764e+03	1.00748207e+00	2.33993892e-04	7.54583333e-01	34
1.49330848e+03	1.00760922e+00	3.00031919e-04	7.55416667e-01	33
1.49330932e+03	1.00648836e+00	1.24059026e-04	7.56250000e-01	36
1.49331017e+03	1.00714203e+00	2.21451059e-04	7.57083333e-01	34
1.49331101e+03	1.00735881e+00	2.30087129e-04	7.57916667e-01	34
1.49331185e+03	1.00669923e+00	2.31199974e-04	7.58750000e-01	33
1.49331270e+03	1.00744224e+00	2.40656116e-04	7.59583333e-01	35
1.49331354e+03	1.00694324e+00	1.62766005e-04	7.60416667e-01	36
1.49331438e+03	1.00665125e+00	1.88385053e-04	7.61250000e-01	37
1.49331523e+03	1.00699490e+00	3.08936876e-04	7.62083333e-01	34
1.49331607e+03	1.00670238e+00	1.66847009e-04	7.62916667e-01	40
1.49331691e+03	1.00671345e+00	1.65880554e-04	7.63750000e-01	35
1.49331776e+03	1.00670151e+00	2.21917917e-04	7.64583333e-01	29
1.49331860e+03	1.00633388e+00	1.95805982e-04	7.65416667e-01	38
1.49331944e+03	1.00658496e+00	1.74779458e-04	7.66250000e-01	33
1.49332029e+03	1.00665217e+00	2.61011664e-04	7.67083333e-01	33
1.49332113e+03	1.00610231e+00	1.94033535e-04	7.67916667e-01	35
1.49332197e+03	1.00667473e+00	2.06270584e-04	7.68750000e-01	35
1.49332282e+03	1.00625012e+00	1.90978659e-04	7.69583333e-01	35
1.49332366e+03	1.00596418e+00	1.60986236e-04	7.70416667e-01	35
1.49332450e+03	1.00635409e+00	1.74567501e-04	7.71250000e-01	36
1.49332535e+03	1.00550703e+00	1.91007064e-04	7.72083333e-01	36
1.49332619e+03	1.00628291e+00	2.16869786e-04	7.72916667e-01	36
1.49332703e+03	1.00607727e+00	1.63443315e-04	7.73750000e-01	34
1.49332788e+03	1.00579554e+00	1.21800013e-04	7.74583333e-01	38
1.49332872e+03	1.00638553e+00	1.87356064e-04	7.75416667e-01	33
1.49332956e+03	1.00565923e+00	2.31169003e-04	7.76250000e-01	33
1.49333040e+03	1.00539098e+00	2.48661672e-04	7.77083333e-01	36
1.49333125e+03	1.00598661e+00	1.72159478e-04	7.77916667e-01	34
1.49333209e+03	1.00562892e+00	2.13733605e-04	7.78750000e-01	35
1.49333293e+03	1.00528812e+00	1.97849263e-04	7.79583333e-01	36
1.49333378e+03	1.00579679e+00	2.35453553e-04	7.80416667e-01	35
1.49333462e+03	1.00476464e+00	1.94582602e-04	7.81250000e-01	36
1.49333546e+03	1.00526347e+00	2.25845352e-04	7.82083333e-01	35
1.49333631e+03	1.00520699e+00	2.69258693e-04	7.82916667e-01	36
1.49333715e+03	1.00482677e+00	1.71713245e-04	7.83750000e-01	34
1.49333799e+03	1.00532795e+00	2.21489834e-04	7.84583333e-01	35
1.49333884e+03	1.00495396e+00	2.23496061e-04	7.85416667e-01	33
1.49333968e+03	1.00474616e+00	1.24260675e-04	7.86250000e-01	39
1.49334052e+03	1.00523184e+00	1.41508017e-04	7.87083333e-01	31
1.49334137e+03	1.00473472e+00	1.43573870e-04	7.87916667e-01	34
1.49334221e+03	1.00449181e+00	1.76130409e-04	7.88750000e-01	36
1.49334305e+03	1.00466554e+00	2.41835388e-04	7.89583333e-01	34
1.49334390e+03	1.00422696e+00	1.70070281e-04	7.90416667e-01	36
1.49334474e+03	1.00447577e+00	1.79678059e-04	7.91250000e-01	34
1.49334558e+03	1.00428850e+00	1.82976837e-04	7.92083333e-01	35
1.49334643e+03	1.00380152e+00	1.87382475e-04	7.92916667e-01	35
1.49334727e+03	1.00454233e+00	2.29410545e-04	7.93750000e-01	32
1.49334811e+03	1.00369420e+00	2.27433311e-04	7.94583333e-01	36
1.49334896e+03	1.00379267e+00	1.94994023e-04	7.95416667e-01	36
1.49334980e+03	1.00416580e+00	2.03189832e-04	7.96250000e-01	34
1.49335064e+03	1.00342494e+00	2.65150329e-04	7.97083333e-01	32
1.49335148e+03	1.00355949e+00	1.58546850e-04	7.97916667e-01	39
1.49335233e+03	1.00388019e+00	1.70028067e-04	7.98750000e-01	33
1.49335317e+03	1.00289370e+00	1.59314699e-04	7.99583333e-01	35
