# Time Flux Flux_Err Phase N NSector
3.43185481e+03 9.95130663e-01 4.67991848e-03 -1.97500000e-01 1.71000000e+02 4.00000000e+00
3.43195705e+03 9.92311266e-01 4.36388170e-03 -1.92500000e-01 1.87000000e+02 4.00000000e+00
3.43205929e+03 9.91479751e-01 4.36388170e-03 -1.87500000e-01 1.86000000e+02 4.00000000e+00
3.43216153e+03 9.94566511e-01 4.36388170e-03 -1.82500000e-01 1.87000000e+02 4.00000000e+00
3.43226377e+03 9.51599706e-01 2.18817205e-02 -1.77500000e-01 1.86000000e+02 4.00000000e+00
3.43236601e+03 9.99386476e-01 4.36388170e-03 -1.72500000e-01 1.86000000e+02 4.00000000e+00
3.43246825e+03 1.00177371e+00 4.36388170e-03 -1.67500000e-01 1.87000000e+02 4.00000000e+00
3.43257049e+03 1.00492486e+00 5.82499604e-03 -1.62500000e-01 1.87000000e+02 4.00000000e+00
3.43267273e+03 9.95802053e-01 4.36388170e-03 -1.57500000e-01 1.86000000e+02 4.00000000e+00
3.43277497e+03 9.90211818e-01 9.06463393e-03 -1.52500000e-01 1.86000000e+02 4.00000000e+00
3.43287721e+03 1.01020813e+00 4.73429360e-03 -1.47500000e-01 1.87000000e+02 4.00000000e+00
3.43297945e+03 1.01416191e+00 4.36388170e-03 -1.42500000e-01 1.53000000e+02 4.00000000e+00
3.43308169e+03 1.00933193e+00 4.36388170e-03 -1.37500000e-01 1.38000000e+02 3.00000000e+00
3.43318393e+03 9.99955169e-01 4.36388170e-03 -1.32500000e-01 1.27000000e+02 4.00000000e+00
3.43328617e+03 9.99596298e-01 4.36388170e-03 -1.27500000e-01 1.41000000e+02 4.00000000e+00
3.43338841e+03 9.98855851e-01 4.36388170e-03 -1.22500000e-01 1.86000000e+02 4.00000000e+00
3.43349065e+03 9.99693101e-01 4.36388170e-03 -1.17500000e-01 1.87000000e+02 4.00000000e+00
3.43359289e+03 9.47879210e-01 2.23003517e-02 -1.12500000e-01 1.86000000e+02 4.00000000e+00
3.43369513e+03 9.94666692e-01 4.36388170e-03 -1.07500000e-01 1.75000000e+02 4.00000000e+00
3.43379737e+03 9.90314051e-01 4.36388170e-03 -1.02500000e-01 1.43000000e+02 3.00000000e+00
3.43389961e+03 9.92526179e-01 4.36388170e-03 -9.75000000e-02 1.48000000e+02 4.00000000e+00
3.43400185e+03 9.85173455e-01 6.98443902e-03 -9.25000000e-02 1.87000000e+02 4.00000000e+00
3.43410409e+03 9.57907907e-01 2.66011774e-02 -8.75000000e-02 1.83000000e+02 4.00000000e+00
3.43420633e+03 9.95523645e-01 5.15813125e-03 -8.25000000e-02 1.63000000e+02 4.00000000e+00
3.43430857e+03 1.00077421e+00 7.05734553e-03 -7.75000000e-02 1.77000000e+02 5.00000000e+00
3.43441081e+03 1.00038570e+00 4.36388170e-03 -7.25000000e-02 1.81000000e+02 5.00000000e+00
3.43451305e+03 1.00300840e+00 4.36388170e-03 -6.75000000e-02 1.81000000e+02 5.00000000e+00
3.43461529e+03 1.00872705e+00 4.36388170e-03 -6.25000000e-02 1.82000000e+02 5.00000000e+00
3.43471753e+03 1.01468491e+00 4.42092342e-03 -5.75000000e-02 1.82000000e+02 5.00000000e+00
3.43481977e+03 1.01706145e+00 4.36388170e-03 -5.25000000e-02 1.82000000e+02 5.00000000e+00
3.43492201e+03 1.01229923e+00 4.39579984e-03 -4.75000000e-02 1.82000000e+02 5.00000000e+00
3.43502425e+03 9.64295564e-01 4.36388170e-03 -4.25000000e-02 1.80000000e+02 5.00000000e+00
3.43512649e+03 1.01499411e+00 4.36388170e-03 -3.75000000e-02 1.81000000e+02 5.00000000e+00
3.43522873e+03 1.01555637e+00 4.36388170e-03 -3.25000000e-02 1.82000000e+02 5.00000000e+00
3.43533097e+03 1.01082181e+00 4.36388170e-03 -2.75000000e-02 1.82000000e+02 5.00000000e+00
3.43543321e+03 1.00512528e+00 4.36388170e-03 -2.25000000e-02 1.82000000e+02 5.00000000e+00
3.43553546e+03 9.97791833e-01 4.36388170e-03 -1.75000000e-02 1.82000000e+02 5.00000000e+00
3.43563770e+03 9.91011083e-01 4.36388170e-03 -1.25000000e-02 1.81000000e+02 5.00000000e+00
3.43573994e+03 9.85517427e-01 4.36388170e-03 -7.50000000e-03 1.81000000e+02 5.00000000e+00
3.43584218e+03 8.78288317e-01 1.36279494e-02 -2.50000000e-03 1.54000000e+02 5.00000000e+00
3.43594442e+03 9.50290659e-01 1.97959650e-02 2.50000000e-03 1.37000000e+02 4.00000000e+00
3.43604666e+03 9.93485214e-01 5.39155342e-03 7.50000000e-03 1.38000000e+02 4.00000000e+00
3.43614890e+03 9.95137522e-01 4.36388170e-03 1.25000000e-02 1.37000000e+02 4.00000000e+00
3.43625114e+03 1.00026762e+00 4.36388170e-03 1.75000000e-02 1.37000000e+02 4.00000000e+00
3.43635338e+03 1.00285517e+00 4.36388170e-03 2.25000000e-02 1.48000000e+02 5.00000000e+00
3.43645562e+03 1.00109430e+00 4.36388170e-03 2.75000000e-02 1.82000000e+02 5.00000000e+00
3.43655786e+03 1.01161719e+00 6.59377398e-03 3.25000000e-02 1.81000000e+02 5.00000000e+00
3.43666010e+03 1.01581306e+00 4.36388170e-03 3.75000000e-02 1.83000000e+02 5.00000000e+00
3.43676234e+03 9.85885616e-01 1.70602169e-02 4.25000000e-02 1.80000000e+02 5.00000000e+00
3.43686458e+03 9.60379410e-01 1.13400817e-02 4.75000000e-02 1.81000000e+02 5.00000000e+00
3.43696682e+03 1.00001580e+00 6.27887442e-03 5.25000000e-02 1.81000000e+02 5.00000000e+00
3.43706906e+03 9.99820827e-01 7.19045809e-03 5.75000000e-02 1.82000000e+02 5.00000000e+00
3.43717130e+03 1.00261054e+00 4.36388170e-03 6.25000000e-02 1.80000000e+02 5.00000000e+00
3.43727354e+03 1.00213117e+00 4.36388170e-03 6.75000000e-02 1.83000000e+02 5.00000000e+00
3.43737578e+03 9.97543527e-01 4.36388170e-03 7.25000000e-02 1.82000000e+02 5.00000000e+00
3.43747802e+03 9.92024315e-01 4.36388170e-03 7.75000000e-02 1.81000000e+02 5.00000000e+00
3.43758026e+03 9.89368116e-01 5.34683834e-03 8.25000000e-02 1.96000000e+02 5.00000000e+00
3.43768250e+03 8.79022945e-01 1.02325933e-02 8.75000000e-02 1.86000000e+02 5.00000000e+00
3.43778474e+03 9.95360029e-01 6.42648249e-03 9.25000000e-02 1.82000000e+02 4.00000000e+00
3.43788698e+03 9.98799136e-01 6.45046183e-03 9.75000000e-02 2.10000000e+02 5.00000000e+00
3.43798922e+03 1.00082952e+00 4.36388170e-03 1.02500000e-01 2.26000000e+02 5.00000000e+00
3.43809146e+03 1.00146003e+00 4.36388170e-03 1.07500000e-01 2.25000000e+02 5.00000000e+00
3.43819370e+03 1.00090343e+00 4.88981034e-03 1.12500000e-01 2.25000000e+02 5.00000000e+00
3.43829594e+03 1.01043801e+00 4.36388170e-03 1.17500000e-01 2.26000000e+02 5.00000000e+00
3.43839818e+03 1.01310894e+00 5.50901057e-03 1.22500000e-01 2.26000000e+02 5.00000000e+00
3.43850042e+03 1.01583696e+00 4.36388170e-03 1.27500000e-01 2.26000000e+02 5.00000000e+00
3.43860266e+03 9.68979539e-01 1.89844477e-02 1.32500000e-01 2.26000000e+02 5.00000000e+00
3.43870490e+03 9.94087320e-01 5.11278241e-03 1.37500000e-01 2.25000000e+02 5.00000000e+00
3.43880714e+03 1.00090596e+00 4.36388170e-03 1.42500000e-01 2.25000000e+02 5.00000000e+00
3.43890938e+03 1.00872022e+00 5.47840517e-03 1.47500000e-01 2.27000000e+02 5.00000000e+00
3.43901162e+03 1.00709402e+00 4.36388170e-03 1.52500000e-01 2.70000000e+02 6.00000000e+00
3.43911386e+03 1.00205211e+00 4.36388170e-03 1.57500000e-01 2.70000000e+02 6.00000000e+00
3.43921610e+03 9.98805099e-01 4.36388170e-03 1.62500000e-01 2.42000000e+02 6.00000000e+00
3.43931834e+03 1.00088758e+00 5.53505983e-03 1.67500000e-01 2.24000000e+02 5.00000000e+00
3.43942058e+03 9.65697063e-01 6.42699986e-03 1.72500000e-01 2.46000000e+02 6.00000000e+00
3.43952282e+03 8.73155326e-01 7.43508861e-03 1.77500000e-01 2.71000000e+02 6.00000000e+00
3.43962506e+03 9.92647212e-01 4.36388170e-03 1.82500000e-01 2.71000000e+02 6.00000000e+00
3.43972730e+03 9.99424154e-01 5.02424130e-03 1.87500000e-01 2.70000000e+02 6.00000000e+00
3.43982954e+03 9.99867523e-01 4.36388170e-03 1.92500000e-01 2.32000000e+02 6.00000000e+00
3.43993178e+03 1.00113877e+00 4.36388170e-03 1.97500000e-01 2.25000000e+02 5.00000000e+00
3.44003402e+03 1.00502198e+00 4.36388170e-03 2.02500000e-01 2.57000000e+02 6.00000000e+00
3.44013626e+03 1.01078260e+00 4.36388170e-03 2.07500000e-01 2.71000000e+02 6.00000000e+00
3.44023850e+03 1.01490814e+00 4.36388170e-03 2.12500000e-01 2.71000000e+02 6.00000000e+00
3.44034074e+03 1.01456386e+00 4.36388170e-03 2.17500000e-01 2.70000000e+02 6.00000000e+00
3.44044298e+03 9.63382137e-01 4.36388170e-03 2.22500000e-01 2.26000000e+02 5.00000000e+00
3.44054522e+03 9.99260186e-01 4.36388170e-03 2.27500000e-01 2.24000000e+02 5.00000000e+00
3.44064746e+03 1.01698455e+00 4.36388170e-03 2.32500000e-01 2.57000000e+02 5.00000000e+00
3.44074970e+03 1.01289663e+00 4.36388170e-03 2.37500000e-01 2.66000000e+02 5.00000000e+00
3.44085194e+03 1.00713098e+00 4.36388170e-03 2.42500000e-01 2.66000000e+02 5.00000000e+00
3.44095418e+03 1.00163795e+00 4.36388170e-03 2.47500000e-01 2.65000000e+02 5.00000000e+00
3.44105642e+03 9.94976968e-01 4.36388170e-03 2.52500000e-01 2.65000000e+02 5.00000000e+00
3.44115866e+03 9.90839358e-01 4.36388170e-03 2.57500000e-01 2.64000000e+02 5.00000000e+00
3.44126090e+03 9.29566963e-01 1.14748024e-02 2.62500000e-01 2.64000000e+02 5.00000000e+00
3.44136314e+03 8.84135298e-01 1.43002702e-02 2.67500000e-01 2.66000000e+02 5.00000000e+00
3.44146538e+03 9.89708075e-01 5.54827260e-03 2.72500000e-01 2.91000000e+02 5.00000000e+00
3.44156762e+03 9.96826030e-01 4.83804225e-03 2.77500000e-01 3.14000000e+02 6.00000000e+00
3.44166986e+03 1.00007390e+00 4.36388170e-03 2.82500000e-01 3.14000000e+02 6.00000000e+00
3.44177210e+03 9.99811802e-01 4.36388170e-03 2.87500000e-01 3.08000000e+02 6.00000000e+00
3.44187434e+03 9.99753416e-01 4.36388170e-03 2.92500000e-01 3.13000000e+02 6.00000000e+00
3.44197658e+03 1.00600912e+00 4.86735152e-03 2.97500000e-01 3.15000000e+02 6.00000000e+00
3.44207882e+03 1.00715285e+00 5.52626072e-03 3.02500000e-01 3.15000000e+02 6.00000000e+00
3.44218106e+03 1.00303912e+00 4.44502961e-03 3.07500000e-01 3.14000000e+02 6.00000000e+00
3.44228330e+03 9.85277017e-01 9.46257325e-03 3.12500000e-01 3.15000000e+02 6.00000000e+00
3.44238554e+03 1.00785410e+00 4.36388170e-03 3.17500000e-01 3.13000000e+02 6.00000000e+00
3.44248778e+03 1.00958807e+00 4.36388170e-03 3.22500000e-01 3.13000000e+02 6.00000000e+00
3.44259002e+03 1.01015043e+00 4.36388170e-03 3.27500000e-01 3.15000000e+02 6.00000000e+00
3.44269226e+03 1.00207777e+00 4.36388170e-03 3.32500000e-01 3.14000000e+02 6.00000000e+00
3.44279450e+03 9.98823369e-01 4.36388170e-03 3.37500000e-01 3.14000000e+02 6.00000000e+00
3.44289674e+03 9.97296855e-01 5.65960701e-03 3.42500000e-01 3.15000000e+02 6.00000000e+00
3.44299898e+03 9.97506619e-01 4.36388170e-03 3.47500000e-01 3.13000000e+02 6.00000000e+00
3.44310122e+03 9.34999722e-01 3.51674957e-02 3.52500000e-01 3.13000000e+02 6.00000000e+00
3.44320346e+03 9.60915243e-01 2.66817030e-02 3.57500000e-01 3.01000000e+02 6.00000000e+00
3.44330570e+03 9.95372299e-01 4.36388170e-03 3.62500000e-01 2.71000000e+02 6.00000000e+00
3.44340794e+03 9.94332422e-01 4.36388170e-03 3.67500000e-01 2.78000000e+02 6.00000000e+00
3.44351018e+03 9.99817959e-01 4.36388170e-03 3.72500000e-01 3.15000000e+02 6.00000000e+00
3.44361242e+03 9.84192368e-01 1.16474380e-02 3.77500000e-01 3.13000000e+02 6.00000000e+00
3.44371466e+03 9.98652721e-01 4.36388170e-03 3.82500000e-01 3.13000000e+02 6.00000000e+00
3.44381690e+03 1.00682845e+00 4.60498276e-03 3.87500000e-01 3.14000000e+02 6.00000000e+00
3.44391914e+03 1.00916781e+00 4.67578168e-03 3.92500000e-01 3.16000000e+02 6.00000000e+00
3.44402138e+03 9.87319605e-01 1.18820344e-02 3.97500000e-01 2.80000000e+02 6.00000000e+00
3.44412362e+03 9.85030367e-01 7.91315502e-03 4.02500000e-01 2.70000000e+02 6.00000000e+00
3.44422586e+03 1.00870438e+00 5.53452417e-03 4.07500000e-01 2.69000000e+02 6.00000000e+00
3.44432810e+03 1.00713578e+00 5.79324789e-03 4.12500000e-01 2.69000000e+02 6.00000000e+00
3.44443034e+03 1.00438944e+00 4.36388170e-03 4.17500000e-01 2.69000000e+02 6.00000000e+00
3.44453258e+03 1.00240272e+00 4.36388170e-03 4.22500000e-01 2.72000000e+02 6.00000000e+00
3.44463482e+03 9.98170319e-01 4.36388170e-03 4.27500000e-01 2.70000000e+02 6.00000000e+00
3.44473706e+03 9.96333375e-01 4.36388170e-03 4.32500000e-01 2.70000000e+02 6.00000000e+00
3.44483930e+03 9.92445168e-01 5.07661094e-03 4.37500000e-01 2.69000000e+02 6.00000000e+00
3.44494154e+03 9.05439510e-01 2.79911861e-02 4.42500000e-01 2.69000000e+02 6.00000000e+00
3.44504378e+03 9.65323558e-01 1.09209013e-02 4.47500000e-01 2.69000000e+02 6.00000000e+00
3.44514602e+03 9.95866593e-01 5.15635410e-03 4.52500000e-01 2.72000000e+02 6.00000000e+00
3.44524826e+03 9.97087609e-01 4.38169701e-03 4.57500000e-01 2.57000000e+02 6.00000000e+00
3.44535050e+03 1.00059842e+00 8.32614667e-03 4.62500000e-01 2.25000000e+02 5.00000000e+00
3.44545274e+03 1.00222820e+00 4.36388170e-03 4.67500000e-01 2.29000000e+02 6.00000000e+00
3.44555498e+03 1.00578853e+00 4.36388170e-03 4.72500000e-01 2.67000000e+02 6.00000000e+00
3.44565722e+03 1.00655062e+00 4.36388170e-03 4.77500000e-01 2.69000000e+02 6.00000000e+00
3.44575946e+03 1.00931808e+00 5.14022861e-03 4.82500000e-01 2.34000000e+02 6.00000000e+00
3.44586170e+03 9.61545932e-01 1.59790736e-02 4.87500000e-01 2.26000000e+02 5.00000000e+00
3.44596394e+03 9.96113729e-01 4.36388170e-03 4.92500000e-01 2.58000000e+02 6.00000000e+00
3.44606618e+03 1.00789534e+00 5.72778163e-03 4.97500000e-01 2.68000000e+02 6.00000000e+00
3.44616842e+03 1.00712136e+00 4.86402132e-03 5.02500000e-01 2.70000000e+02 6.00000000e+00
3.44627066e+03 1.00485148e+00 4.36388170e-03 5.07500000e-01 2.69000000e+02 6.00000000e+00
3.44637290e+03 9.99338989e-01 4.36388170e-03 5.12500000e-01 3.04000000e+02 6.00000000e+00
3.44647514e+03 9.99400130e-01 4.36388170e-03 5.17500000e-01 3.14000000e+02 6.00000000e+00
3.44657738e+03 1.00316433e+00 5.03202710e-03 5.22500000e-01 3.15000000e+02 6.00000000e+00
3.44667962e+03 9.96791393e-01 7.76489672e-03 5.27500000e-01 3.13000000e+02 6.00000000e+00
3.44678186e+03 9.62068848e-01 2.62627948e-02 5.32500000e-01 2.82000000e+02 6.00000000e+00
3.44688410e+03 9.95042699e-01 6.19611401e-03 5.37500000e-01 2.69000000e+02 6.00000000e+00
3.44698634e+03 9.96412160e-01 5.24469720e-03 5.42500000e-01 2.99000000e+02 6.00000000e+00
3.44708858e+03 9.95564788e-01 4.36388170e-03 5.47500000e-01 3.14000000e+02 6.00000000e+00
3.44719082e+03 9.99434798e-01 5.49499065e-03 5.52500000e-01 2.76000000e+02 6.00000000e+00
3.44729306e+03 9.94722557e-01 6.42443590e-03 5.57500000e-01 2.69000000e+02 6.00000000e+00
3.44739530e+03 9.99026823e-01 5.84781818e-03 5.62500000e-01 3.05000000e+02 6.00000000e+00
3.44749754e+03 1.00246892e+00 6.02742771e-03 5.67500000e-01 3.13000000e+02 6.00000000e+00
3.44759978e+03 1.00133898e+00 8.28340095e-03 5.72500000e-01 3.16000000e+02 6.00000000e+00
3.44770202e+03 9.61132009e-01 1.77895930e-02 5.77500000e-01 2.69000000e+02 5.00000000e+00
3.44780426e+03 9.96129743e-01 7.22546391e-03 5.82500000e-01 2.71000000e+02 5.00000000e+00
3.44790650e+03 1.00817727e+00 4.65776308e-03 5.87500000e-01 3.11000000e+02 6.00000000e+00
3.44800874e+03 1.00769458e+00 4.45156026e-03 5.92500000e-01 2.95000000e+02 6.00000000e+00
3.44811098e+03 1.00447865e+00 4.36388170e-03 5.97500000e-01 2.70000000e+02 5.00000000e+00
3.44821322e+03 9.95769428e-01 4.36388170e-03 6.02500000e-01 2.69000000e+02 5.00000000e+00
3.44831546e+03 1.00096665e+00 5.95372866e-03 6.07500000e-01 2.70000000e+02 5.00000000e+00
3.44841770e+03 1.00012123e+00 7.68882737e-03 6.12500000e-01 2.71000000e+02 5.00000000e+00
3.44851994e+03 9.89707060e-01 4.36604864e-03 6.17500000e-01 2.72000000e+02 5.00000000e+00
3.44862218e+03 9.71726813e-01 2.41210061e-02 6.22500000e-01 2.75000000e+02 5.00000000e+00
3.44872442e+03 9.95481064e-01 4.36388170e-03 6.27500000e-01 2.75000000e+02 5.00000000e+00
3.44882666e+03 9.92755927e-01 4.36388170e-03 6.32500000e-01 2.74000000e+02 5.00000000e+00
3.44892890e+03 9.93288208e-01 4.67428834e-03 6.37500000e-01 2.75000000e+02 5.00000000e+00
3.44903114e+03 9.58033742e-01 2.56254827e-02 6.42500000e-01 2.76000000e+02 5.00000000e+00
3.44913338e+03 9.98235773e-01 4.36388170e-03 6.47500000e-01 2.74000000e+02 5.00000000e+00
3.44923562e+03 1.00060359e+00 7.02711800e-03 6.52500000e-01 2.75000000e+02 5.00000000e+00
3.44933786e+03 1.00948318e+00 4.36388170e-03 6.57500000e-01 2.73000000e+02 5.00000000e+00
3.44944010e+03 1.00120400e+00 4.83404605e-03 6.62500000e-01 2.75000000e+02 5.00000000e+00
3.44954234e+03 9.92767348e-01 4.36388170e-03 6.67500000e-01 2.37000000e+02 5.00000000e+00
3.44964458e+03 1.00550983e+00 4.36388170e-03 6.72500000e-01 2.31000000e+02 4.00000000e+00
3.44974682e+03 1.01000568e+00 4.36388170e-03 6.77500000e-01 2.30000000e+02 4.00000000e+00
3.44984906e+03 1.00985683e+00 4.89654593e-03 6.82500000e-01 2.31000000e+02 4.00000000e+00
3.44995130e+03 9.93423432e-01 4.36388170e-03 6.87500000e-01 2.30000000e+02 4.00000000e+00
3.45005354e+03 9.94056313e-01 4.41731605e-03 6.92500000e-01 2.31000000e+02 4.00000000e+00
3.45015578e+03 1.00286973e+00 5.86923432e-03 6.97500000e-01 2.31000000e+02 4.00000000e+00
3.45025802e+03 1.00372248e+00 6.83331592e-03 7.02500000e-01 2.31000000e+02 4.00000000e+00
3.45036026e+03 9.87843252e-01 5.43947461e-03 7.07500000e-01 2.30000000e+02 4.00000000e+00
3.45046250e+03 9.92886122e-01 6.65842699e-03 7.12500000e-01 2.30000000e+02 4.00000000e+00
3.45056474e+03 9.98723718e-01 4.36388170e-03 7.17500000e-01 2.32000000e+02 4.00000000e+00
3.45066698e+03 9.96211587e-01 4.36388170e-03 7.22500000e-01 2.30000000e+02 4.00000000e+00
3.45076922e+03 9.95600508e-01 5.87154186e-03 7.27500000e-01 2.31000000e+02 4.00000000e+00
3.45087146e+03 9.37060230e-01 3.30234332e-02 7.32500000e-01 2.31000000e+02 4.00000000e+00
3.45097370e+03 9.97476683e-01 4.36388170e-03 7.37500000e-01 2.30000000e+02 4.00000000e+00
3.45107594e+03 1.00202608e+00 4.99839474e-03 7.42500000e-01 2.30000000e+02 4.00000000e+00
3.45117818e+03 1.00524128e+00 5.46156566e-03 7.47500000e-01 2.32000000e+02 4.00000000e+00
3.45128042e+03 1.00095439e+00 4.77601554e-03 7.52500000e-01 2.30000000e+02 4.00000000e+00
3.45138266e+03 1.00174238e+00 4.36388170e-03 7.57500000e-01 2.31000000e+02 4.00000000e+00
3.45148490e+03 1.00626443e+00 4.93248584e-03 7.62500000e-01 2.31000000e+02 4.00000000e+00
3.45158714e+03 1.01100844e+00 4.36388170e-03 7.67500000e-01 2.29000000e+02 4.00000000e+00
3.45168938e+03 1.00793460e+00 4.80786843e-03 7.72500000e-01 2.31000000e+02 4.00000000e+00
3.45179162e+03 9.81093323e-01 9.41132113e-03 7.77500000e-01 2.32000000e+02 4.00000000e+00
3.45189386e+03 9.95482024e-01 4.36388170e-03 7.82500000e-01 2.30000000e+02 4.00000000e+00
3.45199610e+03 1.00288116e+00 5.43172347e-03 7.87500000e-01 2.17000000e+02 4.00000000e+00
3.45209834e+03 1.00180377e+00 6.24644993e-03 7.92500000e-01 1.86000000e+02 4.00000000e+00
3.45220058e+03 9.63005817e-01 1.88323503e-02 7.97500000e-01 1.86000000e+02 4.00000000e+00
