# Time Flux Flux_Err Phase N NSector
1.59020830e+03 9.98686186e-01 7.96373826e-04 -1.97500000e-01 7.70000000e+01 1.10000000e+01
1.59021796e+03 9.96532081e-01 7.96373826e-04 -1.92500000e-01 7.70000000e+01 1.10000000e+01
1.59022762e+03 9.98376051e-01 7.96373826e-04 -1.87500000e-01 7.90000000e+01 1.10000000e+01
1.59023728e+03 9.97143267e-01 8.71123138e-04 -1.82500000e-01 7.70000000e+01 1.10000000e+01
1.59024695e+03 9.99263779e-01 1.02138525e-03 -1.77500000e-01 7.70000000e+01 1.10000000e+01
1.59025661e+03 9.97675621e-01 8.78818749e-04 -1.72500000e-01 7.40000000e+01 1.10000000e+01
1.59026627e+03 1.00014181e+00 7.96373826e-04 -1.67500000e-01 8.20000000e+01 1.10000000e+01
1.59027593e+03 1.00012967e+00 7.96373826e-04 -1.62500000e-01 7.50000000e+01 1.10000000e+01
1.59028560e+03 1.00213825e+00 7.96373826e-04 -1.57500000e-01 7.80000000e+01 1.10000000e+01
1.59029526e+03 9.99272403e-01 7.96373826e-04 -1.52500000e-01 7.60000000e+01 1.10000000e+01
1.59030492e+03 1.00326797e+00 7.96373826e-04 -1.47500000e-01 7.80000000e+01 1.10000000e+01
1.59031458e+03 1.00055789e+00 7.96373826e-04 -1.42500000e-01 7.90000000e+01 1.10000000e+01
1.59032425e+03 1.00568111e+00 7.96373826e-04 -1.37500000e-01 7.70000000e+01 1.10000000e+01
1.59033391e+03 1.00087529e+00 7.96373826e-04 -1.32500000e-01 7.90000000e+01 1.10000000e+01
1.59034357e+03 1.00703928e+00 7.96373826e-04 -1.27500000e-01 7.70000000e+01 1.10000000e+01
1.59035323e+03 1.00121906e+00 1.37805865e-03 -1.22500000e-01 7.80000000e+01 1.10000000e+01
1.59036290e+03 1.00922710e+00 7.96373826e-04 -1.17500000e-01 7.60000000e+01 1.10000000e+01
1.59037256e+03 1.00502409e+00 7.96373826e-04 -1.12500000e-01 7.70000000e+01 1.10000000e+01
1.59038222e+03 1.01002081e+00 1.11782135e-03 -1.07500000e-01 7.50000000e+01 1.10000000e+01
1.59039188e+03 1.00590069e+00 7.96373826e-04 -1.02500000e-01 8.00000000e+01 1.10000000e+01
1.59040155e+03 1.01130030e+00 8.62280555e-04 -9.75000000e-02 7.30000000e+01 1.10000000e+01
1.59041121e+03 1.00699907e+00 7.96373826e-04 -9.25000000e-02 7.80000000e+01 1.10000000e+01
1.59042087e+03 1.01266697e+00 7.96373826e-04 -8.75000000e-02 7.60000000e+01 1.10000000e+01
1.59043053e+03 1.01036715e+00 7.96373826e-04 -8.25000000e-02 7.60000000e+01 1.10000000e+01
1.59044019e+03 1.01107700e+00 1.17602812e-03 -7.75000000e-02 7.50000000e+01 1.10000000e+01
1.59044986e+03 1.00851754e+00 7.96373826e-04 -7.25000000e-02 7.50000000e+01 1.10000000e+01
1.59045952e+03 1.01269632e+00 7.96373826e-04 -6.75000000e-02 7.80000000e+01 1.10000000e+01
1.59046918e+03 1.00496232e+00 7.96373826e-04 -6.25000000e-02 7.30000000e+01 1.10000000e+01
1.59047884e+03 1.01029507e+00 7.96373826e-04 -5.75000000e-02 7.60000000e+01 1.10000000e+01
1.59048851e+03 1.00003475e+00 1.64186266e-03 -5.25000000e-02 7.70000000e+01 1.10000000e+01
1.59049817e+03 1.00601043e+00 7.96373826e-04 -4.75000000e-02 7.70000000e+01 1.10000000e+01
1.59050783e+03 9.94574199e-01 1.23147275e-03 -4.25000000e-02 7.70000000e+01 1.10000000e+01
1.59051749e+03 1.00007632e+00 1.66257952e-03 -3.75000000e-02 7.70000000e+01 1.10000000e+01
1.59052716e+03 9.85352237e-01 8.66526811e-04 -3.25000000e-02 7.40000000e+01 1.10000000e+01
1.59053682e+03 9.91203312e-01 8.92581706e-04 -2.75000000e-02 7.80000000e+01 1.10000000e+01
1.59054648e+03 9.78591147e-01 2.00362345e-03 -2.25000000e-02 7.50000000e+01 1.10000000e+01
1.59055614e+03 9.83936381e-01 8.84999814e-04 -1.75000000e-02 7.80000000e+01 1.10000000e+01
1.59056581e+03 9.74920962e-01 8.92338243e-04 -1.25000000e-02 7.40000000e+01 1.10000000e+01
1.59057547e+03 9.77339666e-01 7.96373826e-04 -7.50000000e-03 7.80000000e+01 1.10000000e+01
1.59058513e+03 9.72104297e-01 8.41796836e-04 -2.50000000e-03 7.60000000e+01 1.10000000e+01
1.59059479e+03 9.73855190e-01 1.07705376e-03 2.50000000e-03 7.70000000e+01 1.10000000e+01
1.59060446e+03 9.72408141e-01 8.80982106e-04 7.50000000e-03 7.60000000e+01 1.10000000e+01
1.59061412e+03 9.77524282e-01 7.96373826e-04 1.25000000e-02 7.60000000e+01 1.10000000e+01
1.59062378e+03 9.76344831e-01 7.96373826e-04 1.75000000e-02 7.60000000e+01 1.10000000e+01
1.59063344e+03 9.80259698e-01 1.13164067e-03 2.25000000e-02 7.70000000e+01 1.10000000e+01
1.59064310e+03 9.86079713e-01 7.96373826e-04 2.75000000e-02 7.50000000e+01 1.10000000e+01
1.59065277e+03 9.87559153e-01 7.96373826e-04 3.25000000e-02 8.00000000e+01 1.10000000e+01
1.59066243e+03 9.94811185e-01 7.96373826e-04 3.75000000e-02 7.40000000e+01 1.10000000e+01
1.59067209e+03 9.96115538e-01 9.60072082e-04 4.25000000e-02 7.80000000e+01 1.10000000e+01
1.59068175e+03 1.00134093e+00 1.35743186e-03 4.75000000e-02 7.70000000e+01 1.10000000e+01
1.59069142e+03 1.00013131e+00 1.00664487e-03 5.25000000e-02 7.70000000e+01 1.10000000e+01
1.59070108e+03 1.00562706e+00 1.19412453e-03 5.75000000e-02 7.80000000e+01 1.10000000e+01
1.59071074e+03 1.00544269e+00 1.11463412e-03 6.25000000e-02 8.00000000e+01 1.10000000e+01
1.59072040e+03 1.01100827e+00 7.96373826e-04 6.75000000e-02 7.90000000e+01 1.10000000e+01
1.59073007e+03 1.00814652e+00 8.23862087e-04 7.25000000e-02 8.10000000e+01 1.10000000e+01
1.59073973e+03 1.01635406e+00 1.23307741e-03 7.75000000e-02 7.50000000e+01 1.10000000e+01
1.59074939e+03 1.00845153e+00 1.00951851e-03 8.25000000e-02 7.50000000e+01 1.10000000e+01
1.59075905e+03 1.01209342e+00 1.14742037e-03 8.75000000e-02 7.90000000e+01 1.10000000e+01
1.59076872e+03 1.00782609e+00 1.27940111e-03 9.25000000e-02 7.80000000e+01 1.10000000e+01
1.59077838e+03 1.00950101e+00 1.16126731e-03 9.75000000e-02 7.80000000e+01 1.10000000e+01
1.59078804e+03 1.00629397e+00 7.96373826e-04 1.02500000e-01 8.00000000e+01 1.10000000e+01
1.59079770e+03 1.00727927e+00 1.46779752e-03 1.07500000e-01 7.90000000e+01 1.10000000e+01
1.59080737e+03 1.00511637e+00 7.96373826e-04 1.12500000e-01 7.70000000e+01 1.10000000e+01
1.59081703e+03 1.00895713e+00 7.96373826e-04 1.17500000e-01 8.00000000e+01 1.10000000e+01
1.59082669e+03 1.00184808e+00 8.68991365e-04 1.22500000e-01 7.90000000e+01 1.10000000e+01
1.59083635e+03 1.00674434e+00 7.96373826e-04 1.27500000e-01 7.70000000e+01 1.10000000e+01
1.59084601e+03 1.00056500e+00 1.37280125e-03 1.32500000e-01 7.80000000e+01 1.10000000e+01
1.59085568e+03 1.00685449e+00 1.15746955e-03 1.37500000e-01 7.70000000e+01 1.10000000e+01
1.59086534e+03 1.00084839e+00 9.05082475e-04 1.42500000e-01 8.20000000e+01 1.10000000e+01
1.59087500e+03 1.00518739e+00 1.18703693e-03 1.47500000e-01 7.60000000e+01 1.10000000e+01
1.59088466e+03 9.99371327e-01 7.96373826e-04 1.52500000e-01 7.90000000e+01 1.10000000e+01
1.59089433e+03 1.00457574e+00 8.81124195e-04 1.57500000e-01 7.90000000e+01 1.10000000e+01
1.59090399e+03 9.96016675e-01 1.25249327e-03 1.62500000e-01 7.80000000e+01 1.10000000e+01
1.59091365e+03 1.00397066e+00 9.24475942e-04 1.67500000e-01 7.70000000e+01 1.10000000e+01
1.59092331e+03 9.95621382e-01 7.96373826e-04 1.72500000e-01 7.70000000e+01 1.10000000e+01
1.59093298e+03 1.00040820e+00 1.26106208e-03 1.77500000e-01 8.00000000e+01 1.10000000e+01
1.59094264e+03 9.97094723e-01 7.96373826e-04 1.82500000e-01 7.70000000e+01 1.10000000e+01
1.59095230e+03 9.99879885e-01 7.96373826e-04 1.87500000e-01 7.90000000e+01 1.10000000e+01
1.59096196e+03 9.96496417e-01 1.35313890e-03 1.92500000e-01 7.80000000e+01 1.10000000e+01
1.59097163e+03 9.99546114e-01 7.96373826e-04 1.97500000e-01 7.70000000e+01 1.10000000e+01
1.59098129e+03 9.94661975e-01 7.96373826e-04 2.02500000e-01 7.70000000e+01 1.10000000e+01
1.59099095e+03 9.98680779e-01 1.17277468e-03 2.07500000e-01 7.90000000e+01 1.10000000e+01
1.59100061e+03 9.94350537e-01 7.96373826e-04 2.12500000e-01 7.90000000e+01 1.10000000e+01
1.59101028e+03 9.97951714e-01 7.96373826e-04 2.17500000e-01 8.00000000e+01 1.10000000e+01
1.59101994e+03 9.95207721e-01 9.27017831e-04 2.22500000e-01 7.70000000e+01 1.10000000e+01
1.59102960e+03 9.97051845e-01 7.96373826e-04 2.27500000e-01 7.70000000e+01 1.10000000e+01
1.59103926e+03 9.94468935e-01 8.93501641e-04 2.32500000e-01 7.90000000e+01 1.10000000e+01
1.59104892e+03 9.96270092e-01 7.96373826e-04 2.37500000e-01 7.60000000e+01 1.10000000e+01
1.59105859e+03 9.93902709e-01 8.30688972e-04 2.42500000e-01 8.10000000e+01 1.10000000e+01
1.59106825e+03 9.96739569e-01 1.10943111e-03 2.47500000e-01 7.70000000e+01 1.10000000e+01
1.59107791e+03 9.94282021e-01 1.70989683e-03 2.52500000e-01 7.70000000e+01 1.10000000e+01
1.59108757e+03 9.97419509e-01 1.24520180e-03 2.57500000e-01 8.00000000e+01 1.10000000e+01
1.59109724e+03 9.95049549e-01 7.96373826e-04 2.62500000e-01 7.80000000e+01 1.10000000e+01
1.59110690e+03 9.95585245e-01 1.50125906e-03 2.67500000e-01 7.70000000e+01 1.10000000e+01
1.59111656e+03 9.95797349e-01 7.96373826e-04 2.72500000e-01 7.80000000e+01 1.10000000e+01
1.59112622e+03 9.97906380e-01 8.43688453e-04 2.77500000e-01 8.00000000e+01 1.10000000e+01
1.59113589e+03 9.96670436e-01 7.96373826e-04 2.82500000e-01 7.60000000e+01 1.10000000e+01
1.59114555e+03 9.96633233e-01 7.96373826e-04 2.87500000e-01 7.90000000e+01 1.10000000e+01
1.59115521e+03 9.95647961e-01 7.96373826e-04 2.92500000e-01 7.90000000e+01 1.10000000e+01
1.59116487e+03 9.97390897e-01 1.16632305e-03 2.97500000e-01 7.90000000e+01 1.10000000e+01
1.59117454e+03 9.97683345e-01 1.03892097e-03 3.02500000e-01 7.80000000e+01 1.10000000e+01
1.59118420e+03 9.97054315e-01 7.96373826e-04 3.07500000e-01 7.70000000e+01 1.10000000e+01
1.59119386e+03 9.99169361e-01 7.96373826e-04 3.12500000e-01 7.80000000e+01 1.10000000e+01
1.59120352e+03 9.97135356e-01 9.19513308e-04 3.17500000e-01 7.80000000e+01 1.10000000e+01
1.59121319e+03 9.99446541e-01 1.25432004e-03 3.22500000e-01 7.70000000e+01 1.10000000e+01
1.59122285e+03 9.98435566e-01 7.96373826e-04 3.27500000e-01 7.80000000e+01 1.10000000e+01
1.59123251e+03 1.00077065e+00 8.60771638e-04 3.32500000e-01 7.80000000e+01 1.10000000e+01
1.59124217e+03 9.99126823e-01 7.96373826e-04 3.37500000e-01 7.70000000e+01 1.10000000e+01
1.59125183e+03 1.00117022e+00 7.96373826e-04 3.42500000e-01 7.90000000e+01 1.10000000e+01
1.59126150e+03 9.99040930e-01 7.96373826e-04 3.47500000e-01 7.80000000e+01 1.10000000e+01
1.59127116e+03 1.00376658e+00 7.96373826e-04 3.52500000e-01 7.80000000e+01 1.10000000e+01
1.59128082e+03 1.00103613e+00 9.20466605e-04 3.57500000e-01 7.90000000e+01 1.10000000e+01
1.59129048e+03 1.00419110e+00 7.96373826e-04 3.62500000e-01 7.70000000e+01 1.10000000e+01
1.59130015e+03 1.00158094e+00 7.96373826e-04 3.67500000e-01 8.00000000e+01 1.10000000e+01
1.59130981e+03 1.00815114e+00 1.41556664e-03 3.72500000e-01 7.70000000e+01 1.10000000e+01
1.59131947e+03 1.00337819e+00 7.96373826e-04 3.77500000e-01 7.90000000e+01 1.10000000e+01
1.59132913e+03 1.00913822e+00 8.81323228e-04 3.82500000e-01 7.60000000e+01 1.10000000e+01
1.59133880e+03 1.00294577e+00 7.96373826e-04 3.87500000e-01 8.20000000e+01 1.10000000e+01
1.59134846e+03 1.00992573e+00 7.96373826e-04 3.92500000e-01 7.50000000e+01 1.10000000e+01
1.59135812e+03 1.00660680e+00 7.96373826e-04 3.97500000e-01 8.20000000e+01 1.10000000e+01
1.59136778e+03 1.01136347e+00 7.96373826e-04 4.02500000e-01 7.70000000e+01 1.10000000e+01
1.59137745e+03 1.00585558e+00 8.59099455e-04 4.07500000e-01 8.00000000e+01 1.10000000e+01
1.59138711e+03 1.01194543e+00 7.96373826e-04 4.12500000e-01 7.80000000e+01 1.10000000e+01
1.59139677e+03 1.00620724e+00 8.75238255e-04 4.17500000e-01 7.90000000e+01 1.10000000e+01
1.59140643e+03 1.01313853e+00 7.96373826e-04 4.22500000e-01 7.90000000e+01 1.10000000e+01
1.59141610e+03 1.00554866e+00 7.96373826e-04 4.27500000e-01 7.50000000e+01 1.10000000e+01
1.59142576e+03 1.01313894e+00 1.26768803e-03 4.32500000e-01 7.90000000e+01 1.10000000e+01
1.59143542e+03 1.00564016e+00 7.96373826e-04 4.37500000e-01 7.60000000e+01 1.10000000e+01
1.59144508e+03 1.01056378e+00 7.96373826e-04 4.42500000e-01 8.00000000e+01 1.10000000e+01
1.59145474e+03 1.00150847e+00 9.67461711e-04 4.47500000e-01 7.60000000e+01 1.10000000e+01
1.59146441e+03 1.00551014e+00 9.33328228e-04 4.52500000e-01 7.90000000e+01 1.10000000e+01
1.59147407e+03 9.96260360e-01 1.14369799e-03 4.57500000e-01 7.30000000e+01 1.10000000e+01
1.59148373e+03 9.98312372e-01 1.39657242e-03 4.62500000e-01 7.90000000e+01 1.10000000e+01
1.59149339e+03 9.90797858e-01 9.41463928e-04 4.67500000e-01 7.70000000e+01 1.10000000e+01
1.59150306e+03 9.93111579e-01 7.96373826e-04 4.72500000e-01 7.70000000e+01 1.10000000e+01
1.59151272e+03 9.83922551e-01 1.29696993e-03 4.77500000e-01 7.60000000e+01 1.10000000e+01
1.59152238e+03 9.86444427e-01 1.13528194e-03 4.82500000e-01 7.40000000e+01 1.10000000e+01
1.59153204e+03 9.78884004e-01 1.01454463e-03 4.87500000e-01 8.00000000e+01 1.10000000e+01
1.59154171e+03 9.80064743e-01 7.96373826e-04 4.92500000e-01 7.40000000e+01 1.10000000e+01
1.59155137e+03 9.73937534e-01 7.96373826e-04 4.97500000e-01 7.70000000e+01 1.10000000e+01
1.59156103e+03 9.78375994e-01 7.96373826e-04 5.02500000e-01 7.40000000e+01 1.10000000e+01
1.59157069e+03 9.75307202e-01 7.96373826e-04 5.07500000e-01 7.80000000e+01 1.10000000e+01
1.59158036e+03 9.79335953e-01 8.02554082e-04 5.12500000e-01 7.70000000e+01 1.10000000e+01
1.59159002e+03 9.78835472e-01 1.15282560e-03 5.17500000e-01 7.50000000e+01 1.10000000e+01
1.59159968e+03 9.84880806e-01 8.75484563e-04 5.22500000e-01 7.60000000e+01 1.10000000e+01
1.59160934e+03 9.87642169e-01 1.19748574e-03 5.27500000e-01 7.40000000e+01 1.10000000e+01
1.59161901e+03 9.90627208e-01 7.96373826e-04 5.32500000e-01 7.60000000e+01 1.10000000e+01
1.59162867e+03 9.94739366e-01 1.47657812e-03 5.37500000e-01 7.70000000e+01 1.10000000e+01
1.59163833e+03 9.95065266e-01 1.01663135e-03 5.42500000e-01 7.30000000e+01 1.10000000e+01
1.59164799e+03 1.00171735e+00 7.96373826e-04 5.47500000e-01 7.50000000e+01 1.10000000e+01
1.59165765e+03 1.00216220e+00 7.96373826e-04 5.52500000e-01 7.70000000e+01 1.10000000e+01
1.59166732e+03 1.00955083e+00 9.05649476e-04 5.57500000e-01 7.30000000e+01 1.10000000e+01
1.59167698e+03 1.00450030e+00 7.96373826e-04 5.62500000e-01 7.80000000e+01 1.10000000e+01
1.59168664e+03 1.01098812e+00 9.85373569e-04 5.67500000e-01 7.30000000e+01 1.10000000e+01
1.59169630e+03 1.00689250e+00 7.96373826e-04 5.72500000e-01 7.50000000e+01 1.10000000e+01
1.59170597e+03 1.01378944e+00 7.96373826e-04 5.77500000e-01 7.50000000e+01 1.10000000e+01
1.59171563e+03 1.00819821e+00 7.96373826e-04 5.82500000e-01 7.20000000e+01 1.10000000e+01
1.59172529e+03 1.01374122e+00 7.96373826e-04 5.87500000e-01 7.60000000e+01 1.10000000e+01
1.59173495e+03 1.00824349e+00 7.96373826e-04 5.92500000e-01 7.30000000e+01 1.10000000e+01
1.59174462e+03 1.01108357e+00 1.12429345e-03 5.97500000e-01 7.70000000e+01 1.10000000e+01
1.59175428e+03 1.00799270e+00 9.90884365e-04 6.02500000e-01 7.60000000e+01 1.10000000e+01
1.59176394e+03 1.00837449e+00 7.96373826e-04 6.07500000e-01 7.60000000e+01 1.10000000e+01
1.59177360e+03 1.00621472e+00 1.12621922e-03 6.12500000e-01 7.50000000e+01 1.10000000e+01
1.59178327e+03 1.00812344e+00 7.96373826e-04 6.17500000e-01 7.70000000e+01 1.10000000e+01
1.59179293e+03 1.00321460e+00 7.96373826e-04 6.22500000e-01 7.50000000e+01 1.10000000e+01
1.59180259e+03 1.00921532e+00 1.57970374e-03 6.27500000e-01 7.50000000e+01 1.10000000e+01
1.59181225e+03 1.00141522e+00 7.96373826e-04 6.32500000e-01 7.20000000e+01 1.10000000e+01
1.59182191e+03 1.00764462e+00 8.04667646e-04 6.37500000e-01 7.50000000e+01 1.10000000e+01
1.59183158e+03 1.00007733e+00 9.14055943e-04 6.42500000e-01 7.30000000e+01 1.10000000e+01
1.59184124e+03 1.00603588e+00 7.96373826e-04 6.47500000e-01 7.80000000e+01 1.10000000e+01
1.59185090e+03 9.98537353e-01 7.96373826e-04 6.52500000e-01 7.00000000e+01 1.00000000e+01
1.59186056e+03 1.00470278e+00 1.29757675e-03 6.57500000e-01 7.80000000e+01 1.10000000e+01
1.59187023e+03 9.97606682e-01 7.96373826e-04 6.62500000e-01 7.50000000e+01 1.10000000e+01
1.59187989e+03 1.00327114e+00 8.23670698e-04 6.67500000e-01 7.70000000e+01 1.10000000e+01
1.59188955e+03 9.97913392e-01 7.96373826e-04 6.72500000e-01 7.50000000e+01 1.10000000e+01
1.59189921e+03 1.00384667e+00 1.09040359e-03 6.77500000e-01 7.60000000e+01 1.10000000e+01
1.59190888e+03 9.95823901e-01 7.96373826e-04 6.82500000e-01 7.50000000e+01 1.10000000e+01
1.59191854e+03 1.00099261e+00 7.96373826e-04 6.87500000e-01 7.50000000e+01 1.10000000e+01
1.59192820e+03 9.95902049e-01 7.96373826e-04 6.92500000e-01 7.70000000e+01 1.10000000e+01
1.59193786e+03 9.99207175e-01 7.97008864e-04 6.97500000e-01 7.40000000e+01 1.10000000e+01
1.59194753e+03 9.93706769e-01 1.03650533e-03 7.02500000e-01 7.60000000e+01 1.10000000e+01
1.59195719e+03 9.98738278e-01 1.02184432e-03 7.07500000e-01 7.50000000e+01 1.10000000e+01
1.59196685e+03 9.92182960e-01 7.96373826e-04 7.12500000e-01 7.30000000e+01 1.10000000e+01
1.59197651e+03 9.98109723e-01 1.13236821e-03 7.17500000e-01 7.70000000e+01 1.10000000e+01
1.59198618e+03 9.94616100e-01 1.21485207e-03 7.22500000e-01 7.50000000e+01 1.10000000e+01
1.59199584e+03 9.98278401e-01 8.78284906e-04 7.27500000e-01 7.50000000e+01 1.10000000e+01
1.59200550e+03 9.92785799e-01 8.34371777e-04 7.32500000e-01 7.70000000e+01 1.10000000e+01
1.59201516e+03 9.96873480e-01 7.96373826e-04 7.37500000e-01 7.40000000e+01 1.10000000e+01
1.59202482e+03 9.93965910e-01 1.03250348e-03 7.42500000e-01 7.90000000e+01 1.10000000e+01
1.59203449e+03 9.95587717e-01 7.96373826e-04 7.47500000e-01 7.30000000e+01 1.10000000e+01
1.59204415e+03 9.93788288e-01 7.96373826e-04 7.52500000e-01 7.70000000e+01 1.10000000e+01
1.59205381e+03 9.98330778e-01 8.63368654e-04 7.57500000e-01 7.40000000e+01 1.10000000e+01
1.59206347e+03 9.95338885e-01 1.09842101e-03 7.62500000e-01 7.80000000e+01 1.10000000e+01
1.59207314e+03 9.97109087e-01 7.96373826e-04 7.67500000e-01 7.60000000e+01 1.10000000e+01
1.59208280e+03 9.94669841e-01 1.11661441e-03 7.72500000e-01 7.40000000e+01 1.10000000e+01
1.59209246e+03 9.95853110e-01 8.91667381e-04 7.77500000e-01 7.80000000e+01 1.10000000e+01
1.59210212e+03 9.98039658e-01 1.14198005e-03 7.82500000e-01 7.40000000e+01 1.10000000e+01
1.59211179e+03 9.95894228e-01 7.96373826e-04 7.87500000e-01 8.00000000e+01 1.10000000e+01
1.59212145e+03 9.98416909e-01 7.96373826e-04 7.92500000e-01 7.60000000e+01 1.10000000e+01
1.59213111e+03 9.95825080e-01 9.91840608e-04 7.97500000e-01 8.10000000e+01 1.10000000e+01
