# Time Flux Flux_Err Phase N NSector
1.77828258e+03 1.00196023e+00 3.65560802e-04 -1.97681481e-01 1.60000000e+01 3.00000000e+00
1.77829758e+03 1.00201348e+00 3.65560802e-04 -1.92831418e-01 1.70000000e+01 3.00000000e+00
1.77831305e+03 1.00195455e+00 4.44371656e-04 -1.87829133e-01 1.90000000e+01 3.00000000e+00
1.77833023e+03 1.00154888e+00 3.65560802e-04 -1.82274290e-01 1.70000000e+01 3.00000000e+00
1.77834508e+03 1.00123489e+00 4.73373535e-04 -1.77470850e-01 1.60000000e+01 3.00000000e+00
1.77836008e+03 1.00121109e+00 3.65560802e-04 -1.72620683e-01 1.70000000e+01 3.00000000e+00
1.77837553e+03 1.00142175e+00 3.65560802e-04 -1.67626068e-01 1.80000000e+01 3.00000000e+00
1.77839270e+03 1.00091398e+00 3.65560802e-04 -1.62073754e-01 1.80000000e+01 3.00000000e+00
1.77840758e+03 1.00068974e+00 3.72380061e-04 -1.57260219e-01 1.60000000e+01 3.00000000e+00
1.77842195e+03 1.00014868e+00 3.66548457e-04 -1.52613586e-01 1.60000000e+01 3.00000000e+00
1.77843758e+03 1.00055356e+00 3.65560802e-04 -1.47560637e-01 1.80000000e+01 3.00000000e+00
1.77845384e+03 9.99715659e-01 3.78331894e-04 -1.42301989e-01 1.70000000e+01 3.00000000e+00
1.77846789e+03 1.00012248e+00 6.58421154e-04 -1.37760194e-01 1.70000000e+01 3.00000000e+00
1.77848382e+03 9.99181422e-01 3.65560802e-04 -1.32606895e-01 1.70000000e+01 3.00000000e+00
1.77850008e+03 1.00012078e+00 4.90846862e-04 -1.27349617e-01 1.80000000e+01 3.00000000e+00
1.77851567e+03 9.98930272e-01 3.65560802e-04 -1.22308869e-01 1.60000000e+01 3.00000000e+00
1.77852947e+03 1.00001573e+00 8.67447924e-04 -1.17845427e-01 1.60000000e+01 3.00000000e+00
1.77854489e+03 1.00028420e+00 3.65560802e-04 -1.12858247e-01 1.70000000e+01 3.00000000e+00
1.77856207e+03 9.99923480e-01 3.76824989e-04 -1.07304717e-01 1.80000000e+01 3.00000000e+00
1.77857750e+03 9.98722139e-01 3.65560802e-04 -1.02315178e-01 1.70000000e+01 3.00000000e+00
1.77858657e+03 9.99413936e-01 6.41967112e-04 -9.93827661e-02 4.00000000e+00 1.00000000e+00
1.77860468e+03 9.99721170e-01 5.81235841e-04 -9.35268641e-02 3.30000000e+01 3.00000000e+00
1.77863538e+03 9.94454971e-01 3.95004674e-04 -8.35986526e-02 3.40000000e+01 3.00000000e+00
1.77866718e+03 9.70816597e-01 9.07648490e-04 -7.33159081e-02 3.30000000e+01 3.00000000e+00
1.77869788e+03 9.33195469e-01 6.34293165e-03 -6.33879088e-02 3.40000000e+01 3.00000000e+00
1.77872925e+03 8.82642265e-01 3.65560802e-04 -5.32425377e-02 3.40000000e+01 3.00000000e+00
1.77875956e+03 8.26218330e-01 6.20647491e-03 -4.34422782e-02 3.50000000e+01 3.00000000e+00
1.77879218e+03 7.53669025e-01 4.69286977e-03 -3.28939966e-02 3.30000000e+01 3.00000000e+00
1.77882206e+03 6.92868373e-01 2.49353119e-03 -2.32312983e-02 3.30000000e+01 3.00000000e+00
1.77885468e+03 6.28723658e-01 1.47296771e-03 -1.26830410e-02 3.30000000e+01 3.00000000e+00
1.77888413e+03 6.13374115e-01 1.08570327e-03 -3.16004627e-03 3.40000000e+01 3.00000000e+00
1.77891718e+03 6.16881809e-01 1.86838986e-03 7.52791447e-03 3.50000000e+01 3.00000000e+00
1.77894663e+03 6.52522122e-01 2.24081845e-03 1.70509560e-02 3.40000000e+01 3.00000000e+00
1.77897968e+03 7.16888813e-01 1.18175124e-03 2.77388699e-02 3.50000000e+01 3.00000000e+00
1.77900913e+03 7.77634879e-01 2.13741051e-03 3.72619586e-02 3.40000000e+01 3.00000000e+00
1.77904218e+03 8.45730511e-01 3.65560802e-04 4.79498253e-02 3.50000000e+01 3.00000000e+00
1.77907207e+03 8.97408629e-01 6.63046564e-03 5.76126141e-02 3.30000000e+01 3.00000000e+00
1.77910468e+03 9.47976313e-01 7.57314675e-04 6.81607807e-02 3.30000000e+01 3.00000000e+00
1.77913457e+03 9.82296962e-01 2.86386557e-03 7.78235905e-02 3.30000000e+01 3.00000000e+00
1.77916719e+03 9.98572336e-01 1.09649008e-03 8.83717361e-02 3.10000000e+01 3.00000000e+00
1.77919278e+03 1.00055927e+00 6.77365650e-04 9.66495799e-02 2.20000000e+01 3.00000000e+00
1.77921157e+03 9.99355079e-01 3.65560802e-04 1.02723924e-01 1.70000000e+01 3.00000000e+00
1.77922780e+03 1.00001186e+00 3.65560802e-04 1.07970963e-01 1.60000000e+01 3.00000000e+00
1.77924092e+03 1.00052369e+00 5.02977714e-04 1.12214886e-01 1.60000000e+01 3.00000000e+00
1.77925596e+03 9.99516369e-01 3.65560802e-04 1.17079603e-01 1.70000000e+01 3.00000000e+00
1.77927349e+03 9.99773812e-01 5.36130093e-04 1.22747482e-01 2.00000000e+01 3.00000000e+00
1.77928945e+03 1.00053468e+00 4.49522526e-04 1.27906881e-01 1.50000000e+01 3.00000000e+00
1.77930205e+03 1.00042438e+00 3.83211888e-04 1.31982581e-01 1.60000000e+01 3.00000000e+00
1.77931844e+03 9.99956101e-01 3.65560802e-04 1.37283867e-01 1.80000000e+01 3.00000000e+00
1.77933541e+03 1.00051141e+00 3.65560802e-04 1.42770739e-01 1.90000000e+01 3.00000000e+00
1.77935151e+03 1.00070965e+00 3.65560802e-04 1.47978044e-01 1.60000000e+01 3.00000000e+00
1.77936455e+03 1.00058079e+00 4.56888076e-04 1.52193318e-01 1.60000000e+01 3.00000000e+00
1.77938092e+03 1.00063565e+00 3.65560802e-04 1.57487924e-01 1.70000000e+01 3.00000000e+00
1.77939636e+03 1.00109321e+00 3.70922036e-04 1.62478574e-01 1.70000000e+01 3.00000000e+00
1.77941085e+03 1.00122666e+00 3.65560802e-04 1.67163886e-01 1.50000000e+01 3.00000000e+00
1.77942538e+03 1.00098825e+00 3.65560802e-04 1.71862494e-01 1.70000000e+01 3.00000000e+00
1.77944342e+03 1.00184848e+00 3.65560802e-04 1.77698651e-01 1.70000000e+01 3.00000000e+00
1.77945886e+03 1.00159466e+00 3.65560802e-04 1.82689530e-01 1.70000000e+01 3.00000000e+00
1.77947335e+03 1.00200784e+00 3.65560802e-04 1.87374840e-01 1.50000000e+01 3.00000000e+00
1.77948788e+03 1.00265137e+00 3.65560802e-04 1.92073531e-01 1.70000000e+01 3.00000000e+00
1.77950595e+03 1.00251000e+00 3.65560802e-04 1.97916362e-01 1.80000000e+01 3.00000000e+00
1.77952094e+03 1.00253774e+00 3.65560802e-04 2.02763823e-01 1.60000000e+01 3.00000000e+00
1.77953584e+03 1.00309359e+00 3.74899552e-04 2.07583117e-01 1.70000000e+01 3.00000000e+00
1.77955081e+03 1.00333278e+00 3.65560802e-04 2.12423993e-01 1.80000000e+01 3.00000000e+00
1.77956778e+03 1.00274769e+00 3.88748305e-04 2.17912702e-01 1.80000000e+01 3.00000000e+00
1.77958281e+03 1.00289845e+00 3.65560802e-04 2.22772432e-01 1.70000000e+01 3.00000000e+00
1.77959638e+03 1.00281655e+00 3.65560802e-04 2.27161200e-01 1.80000000e+01 3.00000000e+00
1.77961331e+03 1.00309708e+00 6.33332811e-04 2.32634998e-01 1.80000000e+01 3.00000000e+00
1.77962964e+03 1.00240170e+00 3.65560802e-04 2.37915610e-01 1.70000000e+01 3.00000000e+00
1.77964319e+03 1.00293971e+00 6.54523683e-04 2.42296021e-01 1.60000000e+01 3.00000000e+00
1.77965815e+03 1.00256914e+00 3.65560802e-04 2.47133123e-01 1.90000000e+01 3.00000000e+00
1.77967525e+03 1.00314950e+00 3.65560802e-04 2.52665667e-01 1.90000000e+01 3.00000000e+00
1.77969145e+03 1.00216841e+00 3.97772028e-04 2.57901220e-01 1.80000000e+01 3.00000000e+00
1.77970612e+03 1.00210237e+00 3.65560802e-04 2.62646951e-01 1.50000000e+01 3.00000000e+00
1.77972009e+03 1.00226085e+00 3.65560802e-04 2.67163099e-01 1.80000000e+01 3.00000000e+00
1.77973704e+03 1.00241148e+00 3.65560802e-04 2.72646608e-01 1.80000000e+01 3.00000000e+00
1.77975395e+03 1.00157707e+00 3.65560802e-04 2.78111775e-01 1.80000000e+01 3.00000000e+00
1.77976819e+03 1.00213188e+00 3.65560802e-04 2.82718011e-01 1.40000000e+01 3.00000000e+00
1.77978048e+03 1.00149607e+00 3.65560802e-04 2.86692521e-01 1.70000000e+01 3.00000000e+00
1.77979849e+03 1.00194752e+00 3.65560802e-04 2.92517384e-01 1.90000000e+01 3.00000000e+00
1.77981574e+03 1.00140249e+00 3.65560802e-04 2.98095416e-01 1.70000000e+01 3.00000000e+00
1.77982954e+03 1.00201752e+00 6.24405890e-04 3.02556560e-01 1.60000000e+01 3.00000000e+00
1.77984298e+03 1.00085823e+00 3.65560802e-04 3.06903250e-01 1.70000000e+01 3.00000000e+00
1.77986100e+03 1.00095963e+00 3.65560802e-04 3.12728449e-01 1.90000000e+01 3.00000000e+00
1.77987555e+03 1.00071084e+00 3.65560802e-04 3.17433947e-01 1.40000000e+01 3.00000000e+00
1.77988940e+03 1.00096139e+00 6.46958824e-04 3.21912282e-01 1.60000000e+01 3.00000000e+00
1.77990541e+03 1.00039190e+00 3.65560802e-04 3.27092246e-01 1.70000000e+01 3.00000000e+00
1.77992264e+03 1.00034964e+00 6.36782266e-04 3.32662931e-01 1.90000000e+01 3.00000000e+00
1.77993805e+03 9.99948204e-01 3.65560802e-04 3.37644788e-01 1.60000000e+01 3.00000000e+00
1.77995190e+03 1.00008610e+00 3.65560802e-04 3.42122838e-01 1.60000000e+01 3.00000000e+00
1.77996749e+03 9.99927283e-01 3.67170951e-04 3.47164036e-01 1.80000000e+01 3.00000000e+00
1.77998514e+03 1.00109116e+00 4.78402091e-04 3.52873871e-01 1.90000000e+01 3.00000000e+00
1.78000055e+03 9.99837518e-01 5.43410448e-04 3.57855631e-01 1.60000000e+01 3.00000000e+00
1.78001440e+03 9.99617936e-01 3.65560802e-04 3.62333393e-01 1.60000000e+01 3.00000000e+00
1.78002956e+03 1.00013006e+00 4.42629574e-04 3.67235905e-01 1.70000000e+01 3.00000000e+00
1.78004695e+03 1.00074609e+00 3.65560802e-04 3.72859995e-01 1.80000000e+01 3.00000000e+00
1.78006209e+03 1.00046080e+00 3.65560802e-04 3.77755026e-01 1.60000000e+01 3.00000000e+00
1.78007555e+03 1.00041292e+00 8.65664394e-04 3.82109345e-01 1.80000000e+01 3.00000000e+00
1.78009206e+03 1.00046662e+00 3.65560802e-04 3.87446955e-01 1.70000000e+01 3.00000000e+00
1.78010945e+03 1.00125599e+00 5.45764073e-04 3.93070509e-01 1.80000000e+01 3.00000000e+00
1.78012364e+03 1.00074959e+00 3.83764954e-04 3.97658669e-01 1.40000000e+01 3.00000000e+00
1.78013459e+03 1.00110352e+00 8.35493349e-04 4.01199126e-01 1.10000000e+01 3.00000000e+00
1.78015499e+03 1.00167119e+00 6.18857210e-04 4.07797060e-01 3.20000000e+01 3.00000000e+00
1.78018709e+03 9.99661029e-01 3.65560802e-04 4.18176687e-01 3.40000000e+01 3.00000000e+00
1.78021749e+03 9.90126124e-01 8.92543096e-04 4.28008069e-01 3.20000000e+01 3.00000000e+00
1.78024959e+03 9.76424273e-01 1.98481274e-03 4.38387518e-01 3.60000000e+01 3.00000000e+00
1.78027956e+03 9.56337459e-01 2.99974374e-03 4.48080111e-01 3.50000000e+01 3.00000000e+00
1.78031198e+03 9.37167902e-01 2.51159343e-03 4.58561933e-01 3.70000000e+01 3.00000000e+00
1.78034206e+03 9.15471440e-01 2.33064854e-03 4.68291166e-01 3.50000000e+01 3.00000000e+00
1.78037448e+03 9.00016627e-01 2.70901820e-03 4.78772456e-01 3.70000000e+01 3.00000000e+00
1.78040456e+03 8.87161789e-01 3.65560802e-04 4.88502222e-01 3.50000000e+01 3.00000000e+00
1.78043698e+03 8.84880785e-01 1.13954490e-03 4.98982978e-01 3.50000000e+01 3.00000000e+00
1.78046750e+03 8.85325137e-01 1.36176699e-03 5.08852109e-01 3.40000000e+01 3.00000000e+00
1.78049948e+03 8.90408416e-01 4.70554246e-04 5.19193500e-01 3.50000000e+01 3.00000000e+00
1.78053000e+03 9.01400795e-01 1.58713812e-03 5.29063120e-01 3.40000000e+01 3.00000000e+00
1.78056198e+03 9.20901533e-01 3.72883280e-04 5.39404020e-01 3.50000000e+01 3.00000000e+00
1.78059250e+03 9.39314554e-01 6.86471679e-04 5.49274131e-01 3.40000000e+01 3.00000000e+00
1.78062448e+03 9.60532154e-01 6.40727701e-04 5.59614540e-01 3.50000000e+01 3.00000000e+00
1.78065500e+03 9.78513208e-01 3.65560802e-04 5.69485143e-01 3.60000000e+01 3.00000000e+00
1.78068614e+03 9.92408246e-01 6.89878861e-04 5.79555511e-01 3.60000000e+01 3.00000000e+00
1.78071750e+03 1.00121168e+00 3.65560802e-04 5.89696155e-01 3.60000000e+01 3.00000000e+00
1.78074864e+03 1.00209318e+00 3.65560802e-04 5.99766267e-01 3.60000000e+01 3.00000000e+00
1.78077139e+03 1.00209761e+00 3.65560802e-04 6.07122783e-01 1.80000000e+01 3.00000000e+00
1.78078783e+03 1.00108008e+00 3.65560802e-04 6.12438906e-01 1.80000000e+01 3.00000000e+00
1.78080342e+03 1.00090778e+00 3.65560802e-04 6.17480909e-01 1.80000000e+01 3.00000000e+00
1.78081892e+03 1.00108886e+00 9.05230164e-04 6.22492186e-01 1.80000000e+01 3.00000000e+00
1.78083390e+03 1.00118965e+00 3.65560802e-04 6.27336528e-01 1.90000000e+01 3.00000000e+00
1.78085102e+03 1.00102519e+00 3.65560802e-04 6.32873653e-01 1.90000000e+01 3.00000000e+00
1.78086592e+03 1.00017661e+00 3.65560802e-04 6.37691557e-01 1.80000000e+01 3.00000000e+00
1.78088096e+03 1.00067043e+00 3.65560802e-04 6.42554730e-01 1.80000000e+01 3.00000000e+00
1.78089597e+03 1.00103488e+00 3.65560802e-04 6.47406995e-01 1.80000000e+01 3.00000000e+00
1.78091088e+03 1.00068366e+00 5.09076452e-04 6.52227821e-01 1.90000000e+01 3.00000000e+00
1.78092632e+03 1.00011075e+00 3.65560802e-04 6.57222167e-01 1.90000000e+01 3.00000000e+00
1.78094343e+03 1.00136768e+00 3.90482276e-04 6.62756099e-01 1.90000000e+01 3.00000000e+00
1.78095847e+03 1.00080000e+00 6.03879582e-04 6.67618078e-01 1.80000000e+01 3.00000000e+00
1.78097401e+03 1.00079882e+00 3.65560802e-04 6.72642197e-01 1.80000000e+01 3.00000000e+00
1.78098877e+03 1.00090772e+00 3.65560802e-04 6.77415616e-01 1.70000000e+01 3.00000000e+00
1.78100326e+03 1.00102560e+00 3.65560802e-04 6.82103134e-01 1.90000000e+01 3.00000000e+00
1.78102031e+03 1.00127402e+00 5.71560081e-04 6.87614482e-01 1.90000000e+01 3.00000000e+00
1.78103585e+03 1.00161842e+00 5.86458578e-04 6.92641069e-01 1.90000000e+01 3.00000000e+00
1.78105084e+03 1.00172880e+00 3.76456160e-04 6.97488229e-01 1.80000000e+01 3.00000000e+00
1.78106576e+03 1.00176096e+00 3.65560802e-04 7.02313914e-01 1.90000000e+01 3.00000000e+00
1.78108281e+03 1.00205895e+00 7.79093697e-04 7.07824996e-01 1.90000000e+01 3.00000000e+00
1.78109835e+03 1.00247824e+00 5.97023472e-04 7.12851808e-01 1.90000000e+01 3.00000000e+00
1.78111291e+03 1.00313708e+00 3.65560802e-04 7.17560955e-01 1.70000000e+01 3.00000000e+00
1.78112826e+03 1.00237357e+00 3.65560802e-04 7.22523689e-01 1.90000000e+01 3.00000000e+00
1.78114322e+03 1.00318464e+00 6.26701006e-04 7.27359947e-01 1.80000000e+01 3.00000000e+00
1.78115817e+03 1.00304859e+00 7.93027545e-04 7.32195252e-01 1.90000000e+01 3.00000000e+00
1.78117525e+03 1.00290097e+00 3.65560802e-04 7.37719351e-01 1.90000000e+01 3.00000000e+00
1.78119076e+03 1.00276718e+00 3.65560802e-04 7.42734581e-01 1.90000000e+01 3.00000000e+00
1.78120572e+03 1.00266497e+00 8.89686894e-04 7.47570946e-01 1.80000000e+01 3.00000000e+00
1.78122067e+03 1.00286672e+00 8.97580148e-04 7.52404534e-01 1.80000000e+01 3.00000000e+00
1.78123560e+03 1.00250109e+00 3.65560802e-04 7.57232152e-01 1.80000000e+01 3.00000000e+00
1.78125132e+03 1.00308870e+00 6.19030568e-04 7.62317333e-01 2.00000000e+01 3.00000000e+00
1.78126769e+03 1.00291825e+00 3.65560802e-04 7.67611209e-01 1.70000000e+01 3.00000000e+00
1.78128259e+03 1.00314358e+00 4.46818289e-04 7.72429238e-01 1.80000000e+01 3.00000000e+00
1.78129853e+03 1.00306630e+00 3.65560802e-04 7.77582501e-01 1.70000000e+01 3.00000000e+00
1.78131457e+03 1.00266381e+00 3.65560802e-04 7.82770262e-01 1.70000000e+01 3.00000000e+00
1.78132880e+03 1.00269495e+00 3.65560802e-04 7.87370412e-01 1.70000000e+01 3.00000000e+00
1.78134509e+03 1.00279680e+00 3.65560802e-04 7.92639894e-01 1.80000000e+01 3.00000000e+00
1.78136060e+03 1.00226866e+00 3.65560802e-04 7.97654141e-01 1.60000000e+01 3.00000000e+00
