# Time Flux Flux_Err Phase N NSector
2.99115609e+03 9.99984265e-01 2.00000000e-04 -1.97468000e-01 1.96000000e+02 7.00000000e+00
2.99118043e+03 9.99933243e-01 2.00000000e-04 -1.92531127e-01 1.93000000e+02 7.00000000e+00
2.99120522e+03 1.00012343e+00 2.00000000e-04 -1.87505315e-01 1.94000000e+02 7.00000000e+00
2.99123002e+03 1.00002877e+00 2.00000000e-04 -1.82475180e-01 1.97000000e+02 7.00000000e+00
2.99125411e+03 1.00001901e+00 2.00000000e-04 -1.77589231e-01 1.89000000e+02 7.00000000e+00
2.99127934e+03 1.00009793e+00 2.00000000e-04 -1.72473946e-01 2.04000000e+02 7.00000000e+00
2.99130402e+03 9.99987751e-01 2.00000000e-04 -1.67469626e-01 2.04000000e+02 7.00000000e+00
2.99132898e+03 1.00007820e+00 2.00000000e-04 -1.62406483e-01 2.06000000e+02 7.00000000e+00
2.99135321e+03 1.00002211e+00 2.00000000e-04 -1.57493910e-01 2.16000000e+02 7.00000000e+00
2.99137794e+03 1.00008160e+00 2.00000000e-04 -1.52477965e-01 2.12000000e+02 7.00000000e+00
2.99140253e+03 9.99943528e-01 2.00000000e-04 -1.47490651e-01 2.15000000e+02 7.00000000e+00
2.99142694e+03 1.00000063e+00 2.00000000e-04 -1.42540445e-01 2.10000000e+02 7.00000000e+00
2.99145181e+03 1.00000483e+00 2.00000000e-04 -1.37497546e-01 2.12000000e+02 7.00000000e+00
2.99147663e+03 1.00002060e+00 2.00000000e-04 -1.32464615e-01 2.09000000e+02 7.00000000e+00
2.99150101e+03 1.00005665e+00 2.00000000e-04 -1.27520782e-01 2.14000000e+02 7.00000000e+00
2.99152583e+03 1.00003421e+00 2.00000000e-04 -1.22487438e-01 2.14000000e+02 7.00000000e+00
2.99155028e+03 9.99970555e-01 2.00000000e-04 -1.17528536e-01 2.10000000e+02 7.00000000e+00
2.99157466e+03 1.00003496e+00 2.00000000e-04 -1.12584167e-01 2.12000000e+02 7.00000000e+00
2.99160036e+03 1.00000197e+00 2.00000000e-04 -1.07373462e-01 2.01000000e+02 7.00000000e+00
2.99162425e+03 1.00004303e+00 2.00000000e-04 -1.02528165e-01 2.05000000e+02 7.00000000e+00
2.99164945e+03 1.00000513e+00 2.00000000e-04 -9.74181215e-02 2.01000000e+02 7.00000000e+00
2.99167344e+03 1.00002116e+00 2.00000000e-04 -9.25534560e-02 2.03000000e+02 7.00000000e+00
2.99169831e+03 9.99988437e-01 2.00000000e-04 -8.75085487e-02 1.99000000e+02 7.00000000e+00
2.99172308e+03 1.00000882e+00 2.00000000e-04 -8.24854808e-02 2.07000000e+02 7.00000000e+00
2.99174766e+03 9.99906843e-01 2.00000000e-04 -7.75020034e-02 1.97000000e+02 7.00000000e+00
2.99177230e+03 9.99999100e-01 2.00000000e-04 -7.25047669e-02 2.09000000e+02 7.00000000e+00
2.99179711e+03 9.99946415e-01 2.00000000e-04 -6.74726975e-02 1.99000000e+02 7.00000000e+00
2.99182181e+03 9.99990702e-01 2.00000000e-04 -6.24650075e-02 2.00000000e+02 7.00000000e+00
2.99184627e+03 9.99911905e-01 2.00000000e-04 -5.75051384e-02 2.04000000e+02 7.00000000e+00
2.99187123e+03 9.99974162e-01 2.00000000e-04 -5.24416387e-02 2.03000000e+02 7.00000000e+00
2.99189523e+03 9.99998659e-01 2.00000000e-04 -4.75747393e-02 2.09000000e+02 7.00000000e+00
2.99192029e+03 1.00000608e+00 2.00000000e-04 -4.24940238e-02 2.05000000e+02 7.00000000e+00
2.99194483e+03 1.00002105e+00 2.00000000e-04 -3.75177898e-02 2.08000000e+02 7.00000000e+00
2.99196923e+03 1.00004387e+00 2.00000000e-04 -3.25689361e-02 2.04000000e+02 7.00000000e+00
2.99199414e+03 1.00003833e+00 2.00000000e-04 -2.75179157e-02 2.09000000e+02 7.00000000e+00
2.99201898e+03 9.99967661e-01 2.00000000e-04 -2.24806999e-02 2.05000000e+02 7.00000000e+00
2.99203872e+03 1.00008192e+00 2.00000000e-04 -1.84774309e-02 1.29000000e+02 7.00000000e+00
2.99204945e+03 1.00000854e+00 2.00000000e-04 -1.63004913e-02 4.10000000e+01 4.00000000e+00
2.99205460e+03 9.99796925e-01 2.00000000e-04 -1.52563716e-02 4.10000000e+01 5.00000000e+00
2.99206020e+03 1.00011237e+00 2.08438944e-04 -1.41213151e-02 4.20000000e+01 5.00000000e+00
2.99206615e+03 9.99926410e-01 2.00000000e-04 -1.29138513e-02 4.70000000e+01 5.00000000e+00
2.99207213e+03 9.99775602e-01 2.00000000e-04 -1.17018604e-02 3.70000000e+01 5.00000000e+00
2.99207729e+03 9.99944719e-01 2.02050167e-04 -1.06557387e-02 3.90000000e+01 4.00000000e+00
2.99208238e+03 9.99865769e-01 2.00000000e-04 -9.62213587e-03 4.00000000e+01 5.00000000e+00
2.99208794e+03 9.99456428e-01 2.00000000e-04 -8.49445889e-03 4.20000000e+01 5.00000000e+00
2.99209393e+03 9.98499498e-01 3.49789617e-04 -7.28060554e-03 4.70000000e+01 5.00000000e+00
2.99209991e+03 9.97676983e-01 8.11656252e-04 -6.06869683e-03 3.80000000e+01 5.00000000e+00
2.99210503e+03 9.98160645e-01 6.91982688e-04 -5.02871080e-03 3.90000000e+01 4.00000000e+00
2.99210999e+03 9.97107291e-01 7.67437091e-04 -4.02336811e-03 4.00000000e+01 5.00000000e+00
2.99211562e+03 9.96105990e-01 1.03486662e-03 -2.88222770e-03 4.20000000e+01 5.00000000e+00
2.99212178e+03 9.95362667e-01 6.42538094e-04 -1.63180124e-03 4.80000000e+01 5.00000000e+00
2.99212774e+03 9.95578483e-01 9.61691220e-04 -4.25053934e-04 4.00000000e+01 5.00000000e+00
2.99213281e+03 9.96884628e-01 1.10856298e-03 6.04507522e-04 4.10000000e+01 4.00000000e+00
2.99213777e+03 9.95262963e-01 4.69557758e-04 1.60975377e-03 4.20000000e+01 5.00000000e+00
2.99214337e+03 9.95249105e-01 2.46672476e-04 2.74591833e-03 4.50000000e+01 5.00000000e+00
2.99214951e+03 9.95612550e-01 3.48913277e-04 3.99155066e-03 4.90000000e+01 5.00000000e+00
2.99215548e+03 9.96641832e-01 3.79197778e-04 5.20062468e-03 4.10000000e+01 5.00000000e+00
2.99216059e+03 9.97940423e-01 5.13739677e-04 6.23772560e-03 4.10000000e+01 4.00000000e+00
2.99216555e+03 9.97459739e-01 4.74444232e-04 7.24287547e-03 4.20000000e+01 5.00000000e+00
2.99217115e+03 9.98458387e-01 3.87531837e-04 8.37904028e-03 4.50000000e+01 5.00000000e+00
2.99217726e+03 9.99159475e-01 2.00000000e-04 9.61913110e-03 4.90000000e+01 5.00000000e+00
2.99218322e+03 9.99742310e-01 2.49895499e-04 1.08278573e-02 4.10000000e+01 5.00000000e+00
2.99218836e+03 9.99597995e-01 2.00000000e-04 1.18687007e-02 4.10000000e+01 4.00000000e+00
2.99219350e+03 1.00000171e+00 2.00000000e-04 1.29108620e-02 4.20000000e+01 5.00000000e+00
2.99219899e+03 1.00005221e+00 2.00000000e-04 1.40253869e-02 4.50000000e+01 5.00000000e+00
2.99220501e+03 1.00000536e+00 2.00000000e-04 1.52467036e-02 4.90000000e+01 5.00000000e+00
2.99221092e+03 1.00017053e+00 2.00000000e-04 1.64442294e-02 4.10000000e+01 5.00000000e+00
2.99222089e+03 1.00001898e+00 2.00000000e-04 1.84661477e-02 1.31000000e+02 7.00000000e+00
2.99224073e+03 9.99945998e-01 2.00000000e-04 2.24885122e-02 1.99000000e+02 7.00000000e+00
2.99226545e+03 1.00006714e+00 2.00000000e-04 2.75018143e-02 2.13000000e+02 7.00000000e+00
2.99229022e+03 1.00005820e+00 2.00000000e-04 3.25260744e-02 2.13000000e+02 7.00000000e+00
2.99231467e+03 9.99974907e-01 2.00000000e-04 3.74835054e-02 2.15000000e+02 7.00000000e+00
2.99233931e+03 9.99938787e-01 2.00000000e-04 4.24817722e-02 2.19000000e+02 7.00000000e+00
2.99236435e+03 1.00002006e+00 2.00000000e-04 4.75587476e-02 2.15000000e+02 7.00000000e+00
2.99238872e+03 9.99985039e-01 2.00000000e-04 5.25011630e-02 2.17000000e+02 7.00000000e+00
2.99241350e+03 9.99904335e-01 2.00000000e-04 5.75253666e-02 2.13000000e+02 7.00000000e+00
2.99243794e+03 9.99985993e-01 2.00000000e-04 6.24816548e-02 2.16000000e+02 7.00000000e+00
2.99246239e+03 1.00003359e+00 2.00000000e-04 6.74414613e-02 2.14000000e+02 7.00000000e+00
2.99248709e+03 1.00007474e+00 2.00000000e-04 7.24503284e-02 2.11000000e+02 7.00000000e+00
2.99251199e+03 9.99961734e-01 2.00000000e-04 7.74996839e-02 2.04000000e+02 7.00000000e+00
2.99253688e+03 1.00001065e+00 2.00000000e-04 8.25466544e-02 2.00000000e+02 7.00000000e+00
2.99256138e+03 1.00000433e+00 2.00000000e-04 8.75148393e-02 2.06000000e+02 7.00000000e+00
2.99258610e+03 1.00006366e+00 2.00000000e-04 9.25288977e-02 2.03000000e+02 7.00000000e+00
2.99261035e+03 9.99936584e-01 2.00000000e-04 9.74466742e-02 2.07000000e+02 7.00000000e+00
2.99263558e+03 9.99996007e-01 2.00000000e-04 1.02561928e-01 2.05000000e+02 7.00000000e+00
2.99266010e+03 9.99996364e-01 2.00000000e-04 1.07535349e-01 2.07000000e+02 7.00000000e+00
2.99268445e+03 1.00000924e+00 2.00000000e-04 1.12472267e-01 2.02000000e+02 7.00000000e+00
2.99270925e+03 1.00003204e+00 2.00000000e-04 1.17502561e-01 2.11000000e+02 7.00000000e+00
2.99273363e+03 9.99884486e-01 2.00000000e-04 1.22446551e-01 1.99000000e+02 7.00000000e+00
2.99275850e+03 1.00001776e+00 2.00000000e-04 1.27490370e-01 1.99000000e+02 7.00000000e+00
2.99278328e+03 1.00001565e+00 2.00000000e-04 1.32515651e-01 1.95000000e+02 7.00000000e+00
2.99280819e+03 1.00001255e+00 2.00000000e-04 1.37566368e-01 1.94000000e+02 7.00000000e+00
2.99283221e+03 1.00001653e+00 2.00000000e-04 1.42437740e-01 1.88000000e+02 7.00000000e+00
2.99285738e+03 1.00000828e+00 2.00000000e-04 1.47541544e-01 1.84000000e+02 7.00000000e+00
2.99288171e+03 1.00003083e+00 2.00000000e-04 1.52476378e-01 1.85000000e+02 7.00000000e+00
2.99290644e+03 1.00003254e+00 2.00000000e-04 1.57491765e-01 1.82000000e+02 7.00000000e+00
2.99293122e+03 1.00008941e+00 2.00000000e-04 1.62516464e-01 1.88000000e+02 7.00000000e+00
2.99295594e+03 1.00015330e+00 2.00000000e-04 1.67529912e-01 1.86000000e+02 7.00000000e+00
2.99298018e+03 1.00001764e+00 2.00000000e-04 1.72444168e-01 1.96000000e+02 7.00000000e+00
2.99300465e+03 9.99992937e-01 2.00000000e-04 1.77407605e-01 1.97000000e+02 7.00000000e+00
2.99302994e+03 1.00004687e+00 2.00000000e-04 1.82535119e-01 1.98000000e+02 7.00000000e+00
2.99305443e+03 1.00005031e+00 2.00000000e-04 1.87502670e-01 1.96000000e+02 7.00000000e+00
2.99307944e+03 9.99981422e-01 2.00000000e-04 1.92574657e-01 1.94000000e+02 7.00000000e+00
2.99310341e+03 1.00006807e+00 2.00000000e-04 1.97434700e-01 1.94000000e+02 7.00000000e+00
2.99312829e+03 9.99970206e-01 2.00000000e-04 2.02479682e-01 1.96000000e+02 7.00000000e+00
2.99315315e+03 1.00004219e+00 2.00000000e-04 2.07522959e-01 1.97000000e+02 7.00000000e+00
2.99317758e+03 1.00000486e+00 2.00000000e-04 2.12476597e-01 1.93000000e+02 7.00000000e+00
2.99320244e+03 1.00003511e+00 2.00000000e-04 2.17517726e-01 2.00000000e+02 7.00000000e+00
2.99322686e+03 1.00009725e+00 2.00000000e-04 2.22469387e-01 1.91000000e+02 7.00000000e+00
2.99325145e+03 1.00001299e+00 2.00000000e-04 2.27456313e-01 1.99000000e+02 7.00000000e+00
2.99327592e+03 1.00006130e+00 2.00000000e-04 2.32418016e-01 2.01000000e+02 7.00000000e+00
2.99330130e+03 9.99991298e-01 2.00000000e-04 2.37564881e-01 1.93000000e+02 7.00000000e+00
2.99332557e+03 9.99989212e-01 2.00000000e-04 2.42488265e-01 2.00000000e+02 7.00000000e+00
2.99335058e+03 1.00002325e+00 2.00000000e-04 2.47558627e-01 1.95000000e+02 7.00000000e+00
2.99337481e+03 1.00011176e+00 2.00000000e-04 2.52472289e-01 1.97000000e+02 7.00000000e+00
2.99339957e+03 1.00003010e+00 2.00000000e-04 2.57493466e-01 1.96000000e+02 7.00000000e+00
2.99342452e+03 1.00004905e+00 2.00000000e-04 2.62553749e-01 1.97000000e+02 7.00000000e+00
2.99344875e+03 1.00004150e+00 2.00000000e-04 2.67468315e-01 1.92000000e+02 7.00000000e+00
2.99347367e+03 1.00001898e+00 2.00000000e-04 2.72520848e-01 1.99000000e+02 7.00000000e+00
2.99349816e+03 1.00009513e+00 2.00000000e-04 2.77487435e-01 2.01000000e+02 7.00000000e+00
2.99352295e+03 1.00012603e+00 2.00000000e-04 2.82515820e-01 2.09000000e+02 7.00000000e+00
2.99354731e+03 1.00003104e+00 2.00000000e-04 2.87454070e-01 2.08000000e+02 7.00000000e+00
2.99357266e+03 1.00008531e+00 2.00000000e-04 2.92594724e-01 2.06000000e+02 7.00000000e+00
2.99359705e+03 1.00003293e+00 2.00000000e-04 2.97541100e-01 2.06000000e+02 7.00000000e+00
2.99362173e+03 1.00010023e+00 2.00000000e-04 3.02547655e-01 2.02000000e+02 7.00000000e+00
2.99364621e+03 9.99942005e-01 2.00000000e-04 3.07510604e-01 2.08000000e+02 7.00000000e+00
2.99367053e+03 1.00007203e+00 2.00000000e-04 3.12442844e-01 2.01000000e+02 7.00000000e+00
2.99369545e+03 1.00004788e+00 2.00000000e-04 3.17497460e-01 2.12000000e+02 7.00000000e+00
2.99372032e+03 1.00004201e+00 2.00000000e-04 3.22540179e-01 2.04000000e+02 7.00000000e+00
2.99374493e+03 1.00012213e+00 2.00000000e-04 3.27530824e-01 2.03000000e+02 7.00000000e+00
2.99376941e+03 1.00007820e+00 2.00000000e-04 3.32496071e-01 2.02000000e+02 7.00000000e+00
2.99379383e+03 1.00009355e+00 2.00000000e-04 3.37447155e-01 1.99000000e+02 7.00000000e+00
2.99381847e+03 1.00003254e+00 2.00000000e-04 3.42443271e-01 2.07000000e+02 7.00000000e+00
2.99384393e+03 1.00006962e+00 2.00000000e-04 3.47607640e-01 2.03000000e+02 7.00000000e+00
2.99386843e+03 1.00006379e+00 2.00000000e-04 3.52575467e-01 2.01000000e+02 7.00000000e+00
2.99389276e+03 9.99992875e-01 2.00000000e-04 3.57509167e-01 2.00000000e+02 7.00000000e+00
2.99391756e+03 9.99989420e-01 2.00000000e-04 3.62538414e-01 2.05000000e+02 7.00000000e+00
2.99394168e+03 1.00001466e+00 2.00000000e-04 3.67429676e-01 1.98000000e+02 7.00000000e+00
2.99396670e+03 1.00008729e+00 2.00000000e-04 3.72503658e-01 2.08000000e+02 7.00000000e+00
2.99399112e+03 9.99989033e-01 2.00000000e-04 3.77455664e-01 1.96000000e+02 7.00000000e+00
2.99401658e+03 1.00001270e+00 2.00000000e-04 3.82619393e-01 1.96000000e+02 7.00000000e+00
2.99404036e+03 9.99986827e-01 2.00000000e-04 3.87442209e-01 1.94000000e+02 7.00000000e+00
2.99406564e+03 9.99996066e-01 2.00000000e-04 3.92568798e-01 1.95000000e+02 7.00000000e+00
2.99408968e+03 9.99994785e-01 2.00000000e-04 3.97444791e-01 1.98000000e+02 7.00000000e+00
2.99411499e+03 1.00005716e+00 2.00000000e-04 4.02576026e-01 2.03000000e+02 7.00000000e+00
2.99413934e+03 1.00004417e+00 2.00000000e-04 4.07513963e-01 2.09000000e+02 7.00000000e+00
2.99416388e+03 9.99989510e-01 2.00000000e-04 4.12491971e-01 2.01000000e+02 7.00000000e+00
2.99418840e+03 9.99978359e-01 2.00000000e-04 4.17462752e-01 2.09000000e+02 7.00000000e+00
2.99421333e+03 1.00000796e+00 2.00000000e-04 4.22519902e-01 2.13000000e+02 7.00000000e+00
2.99423782e+03 1.00003999e+00 2.00000000e-04 4.27485734e-01 2.19000000e+02 7.00000000e+00
2.99426258e+03 9.99944657e-01 2.00000000e-04 4.32507267e-01 2.18000000e+02 7.00000000e+00
2.99428769e+03 1.00007680e+00 2.00000000e-04 4.37599470e-01 2.15000000e+02 7.00000000e+00
2.99431173e+03 9.99966472e-01 2.00000000e-04 4.42473151e-01 2.19000000e+02 7.00000000e+00
2.99433669e+03 9.99947551e-01 2.00000000e-04 4.47535299e-01 2.17000000e+02 7.00000000e+00
2.99436096e+03 1.00012735e+00 2.00000000e-04 4.52456959e-01 2.17000000e+02 7.00000000e+00
2.99438586e+03 1.00002700e+00 2.00000000e-04 4.57507568e-01 2.17000000e+02 7.00000000e+00
2.99441073e+03 1.00000557e+00 2.00000000e-04 4.62550633e-01 2.20000000e+02 7.00000000e+00
2.99443476e+03 1.00002497e+00 2.00000000e-04 4.67423698e-01 2.05000000e+02 7.00000000e+00
2.99445975e+03 1.00011223e+00 2.00000000e-04 4.72492053e-01 2.12000000e+02 7.00000000e+00
2.99448418e+03 1.00006185e+00 2.00000000e-04 4.77445729e-01 2.03000000e+02 7.00000000e+00
2.99450910e+03 1.00001273e+00 2.00000000e-04 4.82499830e-01 2.11000000e+02 7.00000000e+00
2.99452379e+03 9.99987163e-01 2.00000000e-04 4.85477587e-01 3.00000000e+01 4.00000000e+00
2.99452762e+03 1.00013222e+00 2.00000000e-04 4.86255237e-01 3.30000000e+01 4.00000000e+00
2.99453240e+03 9.99932288e-01 2.00000000e-04 4.87223698e-01 4.00000000e+01 5.00000000e+00
2.99453759e+03 9.99930277e-01 2.00000000e-04 4.88276339e-01 3.70000000e+01 5.00000000e+00
2.99454151e+03 9.99701085e-01 2.00000000e-04 4.89072584e-01 3.00000000e+01 3.00000000e+00
2.99454621e+03 9.99885339e-01 2.00000000e-04 4.90025831e-01 4.00000000e+01 5.00000000e+00
2.99455137e+03 9.99383632e-01 2.00000000e-04 4.91071753e-01 3.70000000e+01 5.00000000e+00
2.99455550e+03 9.99502092e-01 2.00000000e-04 4.91908609e-01 3.10000000e+01 3.00000000e+00
2.99456055e+03 9.98999583e-01 2.23868839e-04 4.92933767e-01 4.20000000e+01 5.00000000e+00
2.99456576e+03 9.98100411e-01 5.72594078e-04 4.93990293e-01 3.80000000e+01 5.00000000e+00
2.99456986e+03 9.98987673e-01 2.00000000e-04 4.94820968e-01 3.00000000e+01 3.00000000e+00
2.99457445e+03 9.97275667e-01 7.59191464e-04 4.95751984e-01 4.00000000e+01 5.00000000e+00
2.99457974e+03 9.96881329e-01 8.60151943e-04 4.96825288e-01 3.90000000e+01 5.00000000e+00
2.99458378e+03 9.98291448e-01 2.00000000e-04 4.97643712e-01 3.00000000e+01 3.00000000e+00
2.99458834e+03 9.96486867e-01 1.11584391e-03 4.98568562e-01 4.00000000e+01 5.00000000e+00
2.99459379e+03 9.95940141e-01 6.09574974e-04 4.99673327e-01 4.00000000e+01 5.00000000e+00
2.99459823e+03 9.98517901e-01 2.00000000e-04 5.00574261e-01 3.10000000e+01 3.00000000e+00
2.99460252e+03 9.95993815e-01 3.68376504e-04 5.01444591e-01 3.90000000e+01 5.00000000e+00
2.99460791e+03 9.96406549e-01 5.91646695e-04 5.02537575e-01 3.90000000e+01 5.00000000e+00
2.99461252e+03 9.98359928e-01 2.00000000e-04 5.03472305e-01 3.00000000e+01 3.00000000e+00
2.99461652e+03 9.96531809e-01 3.31116768e-04 5.04284282e-01 3.80000000e+01 5.00000000e+00
2.99462185e+03 9.96874306e-01 2.00000000e-04 5.05364985e-01 4.00000000e+01 5.00000000e+00
2.99462654e+03 9.98872507e-01 2.00000000e-04 5.06314711e-01 3.20000000e+01 3.00000000e+00
2.99463067e+03 9.97960299e-01 3.57777200e-04 5.07152713e-01 3.70000000e+01 5.00000000e+00
2.99463587e+03 9.98770070e-01 4.92064890e-04 5.08208075e-01 4.20000000e+01 5.00000000e+00
2.99464090e+03 9.99506175e-01 2.00000000e-04 5.09227234e-01 3.10000000e+01 3.00000000e+00
2.99464508e+03 9.99366283e-01 2.00000000e-04 5.10075273e-01 3.60000000e+01 5.00000000e+00
2.99465000e+03 9.99826250e-01 2.00000000e-04 5.11073320e-01 4.00000000e+01 5.00000000e+00
2.99465490e+03 1.00003516e+00 2.00000000e-04 5.12067291e-01 3.30000000e+01 4.00000000e+00
2.99465901e+03 1.00016657e+00 2.00000000e-04 5.12900455e-01 3.40000000e+01 4.00000000e+00
2.99466416e+03 1.00013625e+00 2.00000000e-04 5.13945013e-01 3.90000000e+01 5.00000000e+00
2.99466789e+03 9.99747062e-01 2.00000000e-04 5.14701169e-01 1.90000000e+01 3.00000000e+00
2.99468195e+03 1.00009751e+00 2.00000000e-04 5.17551602e-01 2.10000000e+02 7.00000000e+00
2.99470622e+03 9.99983250e-01 2.00000000e-04 5.22473952e-01 2.04000000e+02 7.00000000e+00
2.99473075e+03 1.00007808e+00 2.00000000e-04 5.27448482e-01 2.08000000e+02 7.00000000e+00
2.99475541e+03 1.00000481e+00 2.00000000e-04 5.32449895e-01 2.08000000e+02 7.00000000e+00
2.99478073e+03 1.00006020e+00 2.00000000e-04 5.37584230e-01 2.08000000e+02 7.00000000e+00
2.99480479e+03 9.99972761e-01 2.00000000e-04 5.42463078e-01 2.04000000e+02 7.00000000e+00
2.99483012e+03 1.00004138e+00 2.00000000e-04 5.47599298e-01 1.93000000e+02 7.00000000e+00
2.99485401e+03 1.00005585e+00 2.00000000e-04 5.52444278e-01 1.97000000e+02 7.00000000e+00
2.99487885e+03 9.99937294e-01 2.00000000e-04 5.57481827e-01 1.91000000e+02 7.00000000e+00
2.99490375e+03 1.00008011e+00 2.00000000e-04 5.62532095e-01 1.89000000e+02 7.00000000e+00
2.99492816e+03 9.99962926e-01 2.00000000e-04 5.67481031e-01 1.82000000e+02 7.00000000e+00
2.99495297e+03 1.00002048e+00 2.00000000e-04 5.72513758e-01 1.90000000e+02 7.00000000e+00
2.99497730e+03 1.00001138e+00 2.00000000e-04 5.77446059e-01 1.81000000e+02 7.00000000e+00
2.99500214e+03 9.99992967e-01 2.00000000e-04 5.82484699e-01 1.88000000e+02 7.00000000e+00
2.99502688e+03 9.99981287e-01 2.00000000e-04 5.87501357e-01 1.87000000e+02 7.00000000e+00
2.99505187e+03 1.00002748e+00 2.00000000e-04 5.92568643e-01 1.82000000e+02 7.00000000e+00
2.99507622e+03 9.99887885e-01 2.00000000e-04 5.97506398e-01 1.90000000e+02 7.00000000e+00
2.99510115e+03 9.99884314e-01 2.00000000e-04 6.02562955e-01 1.87000000e+02 7.00000000e+00
2.99512511e+03 1.00003994e+00 2.00000000e-04 6.07421202e-01 1.96000000e+02 7.00000000e+00
2.99514976e+03 1.00003451e+00 2.00000000e-04 6.12420723e-01 1.95000000e+02 7.00000000e+00
2.99517503e+03 1.00005260e+00 2.00000000e-04 6.17545830e-01 2.01000000e+02 7.00000000e+00
2.99519949e+03 1.00001401e+00 2.00000000e-04 6.22505807e-01 1.92000000e+02 7.00000000e+00
2.99522413e+03 1.00001664e+00 2.00000000e-04 6.27502305e-01 1.97000000e+02 7.00000000e+00
2.99524850e+03 1.00000441e+00 2.00000000e-04 6.32444639e-01 1.96000000e+02 7.00000000e+00
2.99527351e+03 1.00000018e+00 2.00000000e-04 6.37516891e-01 1.95000000e+02 7.00000000e+00
2.99529783e+03 9.99940950e-01 2.00000000e-04 6.42447371e-01 1.99000000e+02 7.00000000e+00
2.99532323e+03 9.99876702e-01 2.00000000e-04 6.47600084e-01 2.02000000e+02 7.00000000e+00
2.99534738e+03 9.99934971e-01 2.00000000e-04 6.52497176e-01 2.08000000e+02 7.00000000e+00
2.99537198e+03 9.99981582e-01 2.00000000e-04 6.57484799e-01 2.03000000e+02 7.00000000e+00
2.99539678e+03 1.00004518e+00 2.00000000e-04 6.62515522e-01 2.06000000e+02 7.00000000e+00
2.99542113e+03 9.99984294e-01 2.00000000e-04 6.67453542e-01 1.99000000e+02 7.00000000e+00
2.99544603e+03 1.00001538e+00 2.00000000e-04 6.72502300e-01 2.06000000e+02 7.00000000e+00
2.99547088e+03 9.99985814e-01 2.00000000e-04 6.77541513e-01 1.97000000e+02 7.00000000e+00
2.99549522e+03 1.00010610e+00 2.00000000e-04 6.82478058e-01 2.03000000e+02 7.00000000e+00
2.99551994e+03 9.99995590e-01 2.00000000e-04 6.87491184e-01 2.01000000e+02 7.00000000e+00
2.99554462e+03 9.99995411e-01 2.00000000e-04 6.92495794e-01 1.98000000e+02 7.00000000e+00
2.99556912e+03 1.00005281e+00 2.00000000e-04 6.97463224e-01 2.06000000e+02 7.00000000e+00
2.99559417e+03 1.00006628e+00 2.00000000e-04 7.02544950e-01 1.98000000e+02 7.00000000e+00
2.99561847e+03 1.00000751e+00 2.00000000e-04 7.07472518e-01 2.02000000e+02 7.00000000e+00
2.99564326e+03 9.99970072e-01 2.00000000e-04 7.12499376e-01 2.01000000e+02 7.00000000e+00
2.99566808e+03 9.99973029e-01 2.00000000e-04 7.17532542e-01 2.03000000e+02 7.00000000e+00
2.99569229e+03 9.99985039e-01 2.00000000e-04 7.22442999e-01 2.00000000e+02 7.00000000e+00
2.99571733e+03 1.00000918e+00 2.00000000e-04 7.27520928e-01 2.05000000e+02 7.00000000e+00
2.99574155e+03 9.99993831e-01 2.00000000e-04 7.32431667e-01 1.94000000e+02 7.00000000e+00
2.99576662e+03 1.00011716e+00 2.00000000e-04 7.37515993e-01 1.92000000e+02 7.00000000e+00
2.99579092e+03 9.99998569e-01 2.00000000e-04 7.42443275e-01 1.92000000e+02 7.00000000e+00
2.99581585e+03 1.00011510e+00 2.00000000e-04 7.47499872e-01 1.91000000e+02 7.00000000e+00
2.99584064e+03 1.00007557e+00 2.00000000e-04 7.52526160e-01 1.93000000e+02 7.00000000e+00
2.99586541e+03 1.00004900e+00 2.00000000e-04 7.57550372e-01 1.90000000e+02 7.00000000e+00
2.99589011e+03 1.00010732e+00 2.00000000e-04 7.62558744e-01 1.94000000e+02 7.00000000e+00
2.99591426e+03 9.99989834e-01 2.00000000e-04 7.67456157e-01 1.88000000e+02 7.00000000e+00
2.99593907e+03 1.00009778e+00 2.00000000e-04 7.72486570e-01 2.00000000e+02 7.00000000e+00
2.99596397e+03 1.00003884e+00 2.00000000e-04 7.77536239e-01 2.02000000e+02 7.00000000e+00
2.99598826e+03 1.00010247e+00 2.00000000e-04 7.82462725e-01 2.03000000e+02 7.00000000e+00
2.99601316e+03 1.00002897e+00 2.00000000e-04 7.87512527e-01 1.98000000e+02 7.00000000e+00
2.99603801e+03 1.00008044e+00 2.00000000e-04 7.92550858e-01 1.91000000e+02 7.00000000e+00
2.99606218e+03 1.00000215e+00 2.00000000e-04 7.97453765e-01 1.98000000e+02 7.00000000e+00
