# Time Flux Flux_Err Phase N NSector
2.90275969e+03 1.00035976e+00 2.00000000e-04 -1.97500868e-01 1.32000000e+02 4.00000000e+00
2.90285407e+03 1.00037053e+00 2.00000000e-04 -1.92548430e-01 1.33000000e+02 4.00000000e+00
2.90295094e+03 1.00039191e+00 2.49809504e-04 -1.87465337e-01 1.33000000e+02 4.00000000e+00
2.90304611e+03 1.00010230e+00 2.00000000e-04 -1.82470914e-01 1.35000000e+02 5.00000000e+00
2.90314093e+03 1.00007251e+00 2.00000000e-04 -1.77495473e-01 1.38000000e+02 5.00000000e+00
2.90323583e+03 1.00012109e+00 2.00000000e-04 -1.72515195e-01 1.36000000e+02 5.00000000e+00
2.90333091e+03 1.00001578e+00 2.80205535e-04 -1.67525788e-01 1.37000000e+02 5.00000000e+00
2.90342458e+03 9.99949181e-01 2.00000000e-04 -1.62610698e-01 1.01000000e+02 5.00000000e+00
2.90352225e+03 1.00006138e+00 2.00000000e-04 -1.57485409e-01 9.60000000e+01 5.00000000e+00
2.90362223e+03 9.99905061e-01 2.00000000e-04 -1.52238664e-01 1.23000000e+02 5.00000000e+00
2.90371251e+03 1.00019058e+00 2.00000000e-04 -1.47501285e-01 1.37000000e+02 5.00000000e+00
2.90380776e+03 1.00019200e+00 2.00000000e-04 -1.42503161e-01 1.37000000e+02 5.00000000e+00
2.90390249e+03 1.00005538e+00 2.00000000e-04 -1.37531787e-01 1.36000000e+02 5.00000000e+00
2.90399811e+03 9.99918505e-01 2.00000000e-04 -1.32514220e-01 1.38000000e+02 5.00000000e+00
2.90408778e+03 1.00026297e+00 2.00000000e-04 -1.27808921e-01 1.09000000e+02 5.00000000e+00
2.90418847e+03 1.00003243e+00 2.00000000e-04 -1.22525071e-01 9.50000000e+01 4.00000000e+00
2.90429154e+03 9.99899130e-01 2.00000000e-04 -1.17116141e-01 1.09000000e+02 4.00000000e+00
2.90437934e+03 1.00005168e+00 2.00000000e-04 -1.12508942e-01 1.28000000e+02 3.00000000e+00
2.90447496e+03 9.99951579e-01 2.00000000e-04 -1.07491349e-01 1.28000000e+02 3.00000000e+00
2.90456987e+03 9.99994863e-01 3.39928243e-04 -1.02511070e-01 1.32000000e+02 4.00000000e+00
2.90466569e+03 1.00006202e+00 2.00000000e-04 -9.74825734e-02 1.34000000e+02 4.00000000e+00
2.90476128e+03 1.00015551e+00 2.00000000e-04 -9.24663741e-02 1.32000000e+02 4.00000000e+00
2.90485558e+03 1.00023865e+00 2.61416451e-04 -8.75178766e-02 1.32000000e+02 4.00000000e+00
2.90495148e+03 1.00026039e+00 2.50200358e-04 -8.24858906e-02 1.33000000e+02 4.00000000e+00
2.90504611e+03 9.99990723e-01 2.00000000e-04 -7.75199552e-02 1.37000000e+02 5.00000000e+00
2.90514162e+03 1.00026976e+00 2.59400292e-04 -7.25079395e-02 1.38000000e+02 5.00000000e+00
2.90523813e+03 1.00008566e+00 2.00000000e-04 -6.74435291e-02 1.40000000e+02 6.00000000e+00
2.90533288e+03 1.00002721e+00 2.00000000e-04 -6.24713623e-02 1.79000000e+02 6.00000000e+00
2.90542866e+03 9.99987432e-01 2.00000000e-04 -5.74456469e-02 1.80000000e+02 6.00000000e+00
2.90552288e+03 9.99871904e-01 2.00000000e-04 -5.25012882e-02 2.20000000e+02 6.00000000e+00
2.90561365e+03 9.99938777e-01 2.00000000e-04 -4.77379479e-02 1.94000000e+02 6.00000000e+00
2.90571277e+03 1.00002592e+00 2.00000000e-04 -4.25363231e-02 1.77000000e+02 6.00000000e+00
2.90581205e+03 1.00017090e+00 2.00000000e-04 -3.73267510e-02 1.93000000e+02 6.00000000e+00
2.90590125e+03 9.99879641e-01 2.00000000e-04 -3.26461055e-02 2.06000000e+02 6.00000000e+00
2.90599955e+03 1.00001931e+00 2.00000000e-04 -2.74875472e-02 1.79000000e+02 6.00000000e+00
2.90609450e+03 9.99987052e-01 2.00000000e-04 -2.25048454e-02 1.77000000e+02 6.00000000e+00
2.90618953e+03 1.00002861e+00 2.00000000e-04 -1.75181491e-02 1.78000000e+02 6.00000000e+00
2.90628480e+03 9.99778722e-01 2.00000000e-04 -1.25188361e-02 1.78000000e+02 6.00000000e+00
2.90635374e+03 9.99751709e-01 2.00000000e-04 -8.90130555e-03 7.40000000e+01 3.00000000e+00
2.90637945e+03 9.99743279e-01 2.00000000e-04 -7.55197963e-03 1.70000000e+01 3.00000000e+00
2.90638954e+03 1.00009559e+00 2.00000000e-04 -7.02285158e-03 1.70000000e+01 3.00000000e+00
2.90639957e+03 9.99642299e-01 2.00000000e-04 -6.49641583e-03 1.60000000e+01 3.00000000e+00
2.90640944e+03 9.99902592e-01 2.00000000e-04 -5.97857732e-03 1.90000000e+01 3.00000000e+00
2.90641939e+03 9.99459463e-01 2.00000000e-04 -5.45648390e-03 1.60000000e+01 3.00000000e+00
2.90642966e+03 9.98908989e-01 2.20271805e-04 -4.91728617e-03 1.70000000e+01 3.00000000e+00
2.90643939e+03 9.98986538e-01 2.00000000e-04 -4.40688822e-03 1.80000000e+01 3.00000000e+00
2.90644891e+03 9.98784867e-01 2.00000000e-04 -3.90722180e-03 1.70000000e+01 3.00000000e+00
2.90645874e+03 9.98560264e-01 2.00000000e-04 -3.39149509e-03 1.60000000e+01 3.00000000e+00
2.90646901e+03 9.98622868e-01 2.59329611e-04 -2.85227043e-03 1.70000000e+01 3.00000000e+00
2.90647876e+03 9.98469008e-01 2.00000000e-04 -2.34087558e-03 1.90000000e+01 3.00000000e+00
2.90648940e+03 9.98183225e-01 2.18482705e-04 -1.78251705e-03 1.60000000e+01 3.00000000e+00
2.90649902e+03 9.98224220e-01 3.31406434e-04 -1.27781563e-03 1.70000000e+01 3.00000000e+00
2.90650837e+03 9.98016553e-01 2.00000000e-04 -7.87254646e-04 1.70000000e+01 3.00000000e+00
2.90651823e+03 9.98151371e-01 2.00000000e-04 -2.69527022e-04 1.80000000e+01 3.00000000e+00
2.90652761e+03 9.98198444e-01 2.00000000e-04 2.22711540e-04 1.60000000e+01 3.00000000e+00
2.90653846e+03 9.98389736e-01 2.00000000e-04 7.91875106e-04 1.70000000e+01 3.00000000e+00
2.90654818e+03 9.98238873e-01 2.00000000e-04 1.30223685e-03 1.90000000e+01 3.00000000e+00
2.90655884e+03 9.98660497e-01 3.04283649e-04 1.86161933e-03 1.60000000e+01 3.00000000e+00
2.90656753e+03 9.98567904e-01 2.00000000e-04 2.31759111e-03 1.70000000e+01 3.00000000e+00
2.90657781e+03 9.98726776e-01 2.00000000e-04 2.85689096e-03 1.60000000e+01 3.00000000e+00
2.90658766e+03 9.98907037e-01 2.00000000e-04 3.37395650e-03 1.90000000e+01 3.00000000e+00
2.90659755e+03 9.99403439e-01 2.91455135e-04 3.89258061e-03 1.60000000e+01 3.00000000e+00
2.90660745e+03 9.99249020e-01 2.00000000e-04 4.41251462e-03 1.70000000e+01 3.00000000e+00
2.90661765e+03 9.99882345e-01 2.00000000e-04 4.94730461e-03 1.80000000e+01 3.00000000e+00
2.90662772e+03 9.99623437e-01 2.00000000e-04 5.47580867e-03 1.70000000e+01 3.00000000e+00
2.90663800e+03 1.00012056e+00 2.29301896e-04 6.01515058e-03 1.70000000e+01 3.00000000e+00
2.90664770e+03 9.99837384e-01 2.00000000e-04 6.52454837e-03 1.60000000e+01 3.00000000e+00
2.90665712e+03 1.00014189e+00 2.00000000e-04 7.01862131e-03 1.90000000e+01 3.00000000e+00
2.90666764e+03 1.00000193e+00 3.99328372e-04 7.57076573e-03 1.60000000e+01 3.00000000e+00
2.90669253e+03 1.00004032e+00 2.00000000e-04 8.87696578e-03 7.20000000e+01 3.00000000e+00
2.90676128e+03 1.00007907e+00 2.00000000e-04 1.24847318e-02 1.74000000e+02 5.00000000e+00
2.90685631e+03 9.99927914e-01 2.00000000e-04 1.74712521e-02 1.73000000e+02 5.00000000e+00
2.90695172e+03 9.99741431e-01 2.00000000e-04 2.24778313e-02 1.75000000e+02 5.00000000e+00
2.90704772e+03 1.00004038e+00 2.00000000e-04 2.75156125e-02 1.74000000e+02 5.00000000e+00
2.90714308e+03 1.00026493e+00 2.00000000e-04 3.25195389e-02 1.73000000e+02 5.00000000e+00
2.90723800e+03 9.99966620e-01 2.00000000e-04 3.75005275e-02 1.74000000e+02 5.00000000e+00
2.90733303e+03 9.99983283e-01 2.00000000e-04 4.24875936e-02 1.74000000e+02 5.00000000e+00
2.90742806e+03 9.99947223e-01 2.00000000e-04 4.74739775e-02 1.73000000e+02 5.00000000e+00
2.90752412e+03 9.99741757e-01 2.00000000e-04 5.25150836e-02 1.75000000e+02 5.00000000e+00
2.90761994e+03 9.99905737e-01 2.00000000e-04 5.75432103e-02 1.72000000e+02 5.00000000e+00
2.90771484e+03 9.99841670e-01 2.00000000e-04 6.25231329e-02 1.73000000e+02 5.00000000e+00
2.90780975e+03 9.99899965e-01 2.00000000e-04 6.75034895e-02 1.71000000e+02 5.00000000e+00
2.90790420e+03 9.99934231e-01 2.00000000e-04 7.24600904e-02 1.72000000e+02 5.00000000e+00
2.90799957e+03 9.99981796e-01 2.00000000e-04 7.74646446e-02 1.69000000e+02 5.00000000e+00
2.90809570e+03 1.00027960e+00 2.00000000e-04 8.25087967e-02 2.16000000e+02 5.00000000e+00
2.90819170e+03 1.00018493e+00 2.00000000e-04 8.75466116e-02 2.17000000e+02 5.00000000e+00
2.90828683e+03 9.99960958e-01 2.00000000e-04 9.25387554e-02 2.13000000e+02 5.00000000e+00
2.90838151e+03 9.99997428e-01 2.00000000e-04 9.75071173e-02 2.19000000e+02 5.00000000e+00
2.90847256e+03 1.00007924e+00 2.00000000e-04 1.02284999e-01 2.01000000e+02 5.00000000e+00
2.90857133e+03 1.00004388e+00 2.00000000e-04 1.07467842e-01 1.79000000e+02 5.00000000e+00
2.90866959e+03 9.99726249e-01 2.00000000e-04 1.12624155e-01 1.91000000e+02 5.00000000e+00
2.90876300e+03 9.99965274e-01 2.00000000e-04 1.17525808e-01 2.24000000e+02 5.00000000e+00
2.90885836e+03 1.00018078e+00 2.00000000e-04 1.22529805e-01 2.29000000e+02 6.00000000e+00
2.90895326e+03 1.00014061e+00 2.00000000e-04 1.27510048e-01 2.27000000e+02 6.00000000e+00
2.90904829e+03 9.99892781e-01 2.00000000e-04 1.32496475e-01 2.28000000e+02 6.00000000e+00
2.90914371e+03 1.00019673e+00 2.00000000e-04 1.37503932e-01 2.28000000e+02 6.00000000e+00
2.90923810e+03 1.00014879e+00 2.00000000e-04 1.42457037e-01 2.28000000e+02 6.00000000e+00
2.90933394e+03 1.00006634e+00 2.00000000e-04 1.47486534e-01 2.31000000e+02 6.00000000e+00
2.90943011e+03 1.00010283e+00 2.00000000e-04 1.52532727e-01 2.27000000e+02 6.00000000e+00
2.90952456e+03 1.00009852e+00 2.00000000e-04 1.57489462e-01 2.28000000e+02 6.00000000e+00
2.90962004e+03 9.99939654e-01 2.00000000e-04 1.62499630e-01 2.24000000e+02 6.00000000e+00
2.90971504e+03 9.99849418e-01 2.00000000e-04 1.67484632e-01 2.23000000e+02 6.00000000e+00
2.90980994e+03 1.00011855e+00 2.00000000e-04 1.72464822e-01 2.23000000e+02 6.00000000e+00
2.90990571e+03 1.00014140e+00 2.00000000e-04 1.77490036e-01 2.27000000e+02 6.00000000e+00
2.91000186e+03 9.99996348e-01 2.19602839e-04 1.82535622e-01 2.23000000e+02 6.00000000e+00
2.91009570e+03 1.00001089e+00 2.00000000e-04 1.87459969e-01 1.82000000e+02 6.00000000e+00
2.91019169e+03 1.00020786e+00 2.00000000e-04 1.92497307e-01 1.88000000e+02 6.00000000e+00
2.91028714e+03 1.00011591e+00 2.00000000e-04 1.97505877e-01 1.88000000e+02 6.00000000e+00
2.91038205e+03 9.99871235e-01 2.00000000e-04 2.02486233e-01 1.86000000e+02 6.00000000e+00
2.91047782e+03 9.99935868e-01 2.00000000e-04 2.07511885e-01 1.87000000e+02 6.00000000e+00
2.91057272e+03 9.99988475e-01 2.00000000e-04 2.12492180e-01 1.87000000e+02 6.00000000e+00
2.91066746e+03 9.99994847e-01 2.00000000e-04 2.17463337e-01 1.86000000e+02 6.00000000e+00
2.91076345e+03 9.99965117e-01 2.00000000e-04 2.22500593e-01 1.86000000e+02 6.00000000e+00
2.91085976e+03 1.00008978e+00 2.00000000e-04 2.27554533e-01 1.79000000e+02 6.00000000e+00
2.91095449e+03 1.00008709e+00 2.00000000e-04 2.32525750e-01 1.80000000e+02 6.00000000e+00
2.91104957e+03 9.99970972e-01 2.00000000e-04 2.37515118e-01 1.83000000e+02 6.00000000e+00
2.91114448e+03 1.00016239e+00 2.00000000e-04 2.42495410e-01 1.77000000e+02 6.00000000e+00
2.91124030e+03 1.00003178e+00 2.00000000e-04 2.47523566e-01 1.74000000e+02 6.00000000e+00
2.91133429e+03 1.00014647e+00 2.00000000e-04 2.52455991e-01 1.69000000e+02 6.00000000e+00
2.91143053e+03 1.00012176e+00 2.00000000e-04 2.57506183e-01 1.74000000e+02 6.00000000e+00
2.91152528e+03 1.00015290e+00 2.00000000e-04 2.62478022e-01 1.67000000e+02 6.00000000e+00
2.91161997e+03 1.00013723e+00 2.00000000e-04 2.67447140e-01 1.67000000e+02 6.00000000e+00
2.91171898e+03 9.99975257e-01 2.00000000e-04 2.72642804e-01 1.36000000e+02 6.00000000e+00
2.91181181e+03 9.99660437e-01 2.00000000e-04 2.77514032e-01 1.43000000e+02 5.00000000e+00
2.91189524e+03 9.99581095e-01 2.00000000e-04 2.81892021e-01 1.12000000e+02 6.00000000e+00
2.91200260e+03 1.00008406e+00 2.00000000e-04 2.87525544e-01 1.06000000e+02 5.00000000e+00
2.91210378e+03 1.00031347e+00 2.00000000e-04 2.92834942e-01 1.13000000e+02 6.00000000e+00
2.91219195e+03 1.00033235e+00 2.00000000e-04 2.97461862e-01 1.41000000e+02 6.00000000e+00
2.91228848e+03 1.00030476e+00 2.00000000e-04 3.02527284e-01 1.42000000e+02 6.00000000e+00
2.91238290e+03 1.00015767e+00 2.00000000e-04 3.07482085e-01 1.41000000e+02 6.00000000e+00
2.91247847e+03 9.99993784e-01 2.00000000e-04 3.12497111e-01 1.43000000e+02 6.00000000e+00
2.91257369e+03 1.00005624e+00 2.00000000e-04 3.17493925e-01 1.41000000e+02 6.00000000e+00
2.91266960e+03 1.00019945e+00 2.00000000e-04 3.22527037e-01 1.43000000e+02 6.00000000e+00
2.91276484e+03 1.00015455e+00 2.00000000e-04 3.27524683e-01 1.41000000e+02 6.00000000e+00
2.91285958e+03 9.99946053e-01 2.00000000e-04 3.32496326e-01 1.42000000e+02 6.00000000e+00
2.91295564e+03 1.00000678e+00 2.00000000e-04 3.37536948e-01 1.41000000e+02 6.00000000e+00
2.91304961e+03 9.99957028e-01 2.00000000e-04 3.42468206e-01 1.42000000e+02 6.00000000e+00
2.91314596e+03 9.99998381e-01 2.00000000e-04 3.47523931e-01 1.42000000e+02 6.00000000e+00
2.91324036e+03 9.99957516e-01 2.13788369e-04 3.52478116e-01 1.39000000e+02 6.00000000e+00
2.91333627e+03 1.00003545e+00 2.00000000e-04 3.57510785e-01 1.43000000e+02 6.00000000e+00
2.91343150e+03 1.00004748e+00 2.00000000e-04 3.62508099e-01 1.41000000e+02 6.00000000e+00
2.91352691e+03 1.00020167e+00 2.00000000e-04 3.67514567e-01 1.37000000e+02 5.00000000e+00
2.91362331e+03 9.99640949e-01 2.00000000e-04 3.72573224e-01 1.39000000e+02 6.00000000e+00
2.91371628e+03 9.99793805e-01 2.00000000e-04 3.77452133e-01 1.42000000e+02 6.00000000e+00
2.91381312e+03 9.99827116e-01 2.00000000e-04 3.82533867e-01 1.41000000e+02 6.00000000e+00
2.91390754e+03 9.99918854e-01 2.00000000e-04 3.87488258e-01 1.40000000e+02 6.00000000e+00
2.91400326e+03 9.99916904e-01 2.24054940e-04 3.92511210e-01 1.43000000e+02 6.00000000e+00
2.91409967e+03 9.99829301e-01 2.00000000e-04 3.97570443e-01 1.40000000e+02 6.00000000e+00
2.91419307e+03 9.99991520e-01 2.00000000e-04 4.02471752e-01 1.41000000e+02 6.00000000e+00
2.91428948e+03 9.99991727e-01 2.00000000e-04 4.07531155e-01 1.42000000e+02 6.00000000e+00
2.91438346e+03 1.00008868e+00 2.00000000e-04 4.12462769e-01 1.42000000e+02 6.00000000e+00
2.91447881e+03 9.99955784e-01 2.00000000e-04 4.17466163e-01 1.41000000e+02 6.00000000e+00
2.91457470e+03 9.99834779e-01 2.00000000e-04 4.22497888e-01 1.41000000e+02 6.00000000e+00
2.91466992e+03 9.99817490e-01 2.00000000e-04 4.27494563e-01 1.43000000e+02 6.00000000e+00
2.91476585e+03 1.00009280e+00 2.00000000e-04 4.32528822e-01 1.41000000e+02 6.00000000e+00
2.91486024e+03 9.99879543e-01 2.00000000e-04 4.37482156e-01 1.42000000e+02 6.00000000e+00
2.91495674e+03 1.00006478e+00 2.00000000e-04 4.42545614e-01 1.42000000e+02 6.00000000e+00
2.91505186e+03 1.00001082e+00 2.00000000e-04 4.47537096e-01 1.43000000e+02 6.00000000e+00
2.91514366e+03 1.00004519e+00 2.00000000e-04 4.52354355e-01 1.12000000e+02 6.00000000e+00
2.91524088e+03 9.99878093e-01 2.00000000e-04 4.57456182e-01 1.04000000e+02 5.00000000e+00
2.91533771e+03 1.00002994e+00 2.34344591e-04 4.62537469e-01 1.04000000e+02 5.00000000e+00
2.91543253e+03 1.00009776e+00 2.41855607e-04 4.67513071e-01 1.03000000e+02 5.00000000e+00
2.91552792e+03 1.00011332e+00 2.00000000e-04 4.72518716e-01 1.00000000e+02 5.00000000e+00
2.91562340e+03 9.99875933e-01 2.00000000e-04 4.77529068e-01 1.00000000e+02 5.00000000e+00
2.91571773e+03 9.99891692e-01 2.57011007e-04 4.82479423e-01 1.02000000e+02 5.00000000e+00
2.91581312e+03 1.00023551e+00 2.00000000e-04 4.87484890e-01 1.03000000e+02 5.00000000e+00
2.91587746e+03 9.99578568e-01 2.62007883e-04 4.90860993e-01 2.90000000e+01 2.00000000e+00
2.91589945e+03 9.99687991e-01 2.00000000e-04 4.92014977e-01 8.00000000e+00 2.00000000e+00
2.91590871e+03 9.99722405e-01 2.00000000e-04 4.92500865e-01 8.00000000e+00 2.00000000e+00
2.91591797e+03 9.99919951e-01 2.00000000e-04 4.92986753e-01 9.00000000e+00 2.00000000e+00
2.91592838e+03 9.99843232e-01 2.00000000e-04 4.93533377e-01 9.00000000e+00 2.00000000e+00
2.91593812e+03 9.99491071e-01 2.00000000e-04 4.94044319e-01 8.00000000e+00 2.00000000e+00
2.91594806e+03 9.99242633e-01 2.00000000e-04 4.94565890e-01 9.00000000e+00 2.00000000e+00
2.91595800e+03 9.99058816e-01 2.00000000e-04 4.95087469e-01 8.00000000e+00 2.00000000e+00
2.91596774e+03 9.99208296e-01 2.00000000e-04 4.95598401e-01 9.00000000e+00 2.00000000e+00
2.91597840e+03 9.98892861e-01 2.00000000e-04 4.96157834e-01 8.00000000e+00 2.00000000e+00
2.91598722e+03 9.99017933e-01 2.00000000e-04 4.96620956e-01 1.30000000e+01 3.00000000e+00
2.91599839e+03 9.99094683e-01 2.00000000e-04 4.97207259e-01 1.30000000e+01 3.00000000e+00
2.91600786e+03 9.98675717e-01 2.00000000e-04 4.97704159e-01 1.30000000e+01 3.00000000e+00
2.91601866e+03 9.98559278e-01 2.00000000e-04 4.98270785e-01 1.30000000e+01 3.00000000e+00
2.91602691e+03 9.98577192e-01 2.00000000e-04 4.98703790e-01 8.00000000e+00 2.00000000e+00
2.91603781e+03 9.98417357e-01 2.00000000e-04 4.99275417e-01 1.00000000e+01 2.00000000e+00
2.91604923e+03 9.98507541e-01 2.00000000e-04 4.99874921e-01 8.00000000e+00 2.00000000e+00
2.91605849e+03 9.98557269e-01 2.09547359e-04 5.00360805e-01 8.00000000e+00 2.00000000e+00
2.91606790e+03 9.98859285e-01 3.00920398e-04 5.00854532e-01 9.00000000e+00 2.00000000e+00
2.91607731e+03 9.98819917e-01 3.45647360e-04 5.01348256e-01 9.00000000e+00 2.00000000e+00
2.91608757e+03 9.99077493e-01 2.00000000e-04 5.01887031e-01 8.00000000e+00 2.00000000e+00
2.91609760e+03 9.98863557e-01 2.79729384e-04 5.02412924e-01 8.00000000e+00 2.00000000e+00
2.91610609e+03 9.99255261e-01 3.88734471e-04 5.02858794e-01 1.00000000e+01 2.00000000e+00
2.91611754e+03 9.99789733e-01 3.42401952e-04 5.03459704e-01 8.00000000e+00 2.00000000e+00
2.91612577e+03 9.99896647e-01 3.41918512e-04 5.03891292e-01 8.00000000e+00 2.00000000e+00
2.91613719e+03 1.00045802e+00 6.61324617e-04 5.04490814e-01 9.00000000e+00 2.00000000e+00
2.91614645e+03 1.00021408e+00 3.73058225e-04 5.04976697e-01 9.00000000e+00 2.00000000e+00
2.91615702e+03 1.00082379e+00 3.91959644e-04 5.05531142e-01 8.00000000e+00 2.00000000e+00
2.91616558e+03 1.00085083e+00 2.00000000e-04 5.05980447e-01 8.00000000e+00 2.00000000e+00
2.91617684e+03 1.00066572e+00 2.00000000e-04 5.06571461e-01 9.00000000e+00 2.00000000e+00
2.91618641e+03 1.00068423e+00 2.00000000e-04 5.07073670e-01 8.00000000e+00 2.00000000e+00
2.91621639e+03 1.00068886e+00 3.57734161e-04 5.08646830e-01 5.10000000e+01 4.00000000e+00
2.91629006e+03 1.00044455e+00 2.97906553e-04 5.12512516e-01 9.70000000e+01 4.00000000e+00
2.91638387e+03 1.00024432e+00 2.56193048e-04 5.17435236e-01 9.20000000e+01 4.00000000e+00
2.91647979e+03 1.00013498e+00 2.18026761e-04 5.22468493e-01 9.50000000e+01 4.00000000e+00
2.91657588e+03 9.99795606e-01 2.00000000e-04 5.27510861e-01 9.60000000e+01 4.00000000e+00
2.91666989e+03 9.99802964e-01 2.00000000e-04 5.32444546e-01 9.70000000e+01 4.00000000e+00
2.91676712e+03 9.99779622e-01 2.00000000e-04 5.37546281e-01 9.70000000e+01 4.00000000e+00
2.91686187e+03 9.99998759e-01 2.00000000e-04 5.42518851e-01 9.40000000e+01 4.00000000e+00
2.91695672e+03 9.99914987e-01 2.00000000e-04 5.47495953e-01 9.60000000e+01 4.00000000e+00
2.91705285e+03 1.00017522e+00 2.44875895e-04 5.52540145e-01 9.20000000e+01 4.00000000e+00
2.91714574e+03 1.00006330e+00 2.00000000e-04 5.57414985e-01 9.60000000e+01 4.00000000e+00
2.91724355e+03 1.00009128e+00 2.00000000e-04 5.62547442e-01 9.80000000e+01 4.00000000e+00
2.91733858e+03 1.00016860e+00 2.00000000e-04 5.67534092e-01 9.50000000e+01 4.00000000e+00
2.91743377e+03 1.00027853e+00 2.00000000e-04 5.72529590e-01 9.70000000e+01 4.00000000e+00
2.91752854e+03 9.99976750e-01 2.00000000e-04 5.77502258e-01 9.40000000e+01 4.00000000e+00
2.91762347e+03 9.99862912e-01 2.00000000e-04 5.82483785e-01 9.70000000e+01 4.00000000e+00
2.91771849e+03 9.99597237e-01 2.82150092e-04 5.87470371e-01 9.50000000e+01 4.00000000e+00
2.91781326e+03 9.99669090e-01 2.19205751e-04 5.92443072e-01 9.60000000e+01 4.00000000e+00
2.91791033e+03 9.99818868e-01 2.71205810e-04 5.97537262e-01 9.70000000e+01 4.00000000e+00
2.91800524e+03 9.99870157e-01 2.00000000e-04 6.02517538e-01 9.50000000e+01 4.00000000e+00
2.91810015e+03 9.99720076e-01 3.67306862e-04 6.07497813e-01 9.50000000e+01 4.00000000e+00
2.91819534e+03 9.99679804e-01 4.77358040e-04 6.12493134e-01 5.30000000e+01 3.00000000e+00
2.91829019e+03 1.00015838e+00 2.00000000e-04 6.17470269e-01 5.60000000e+01 3.00000000e+00
2.91838978e+03 1.00011748e+00 2.00000000e-04 6.22696586e-01 8.10000000e+01 3.00000000e+00
2.91848006e+03 1.00021128e+00 2.00000000e-04 6.27433903e-01 9.70000000e+01 4.00000000e+00
2.91857699e+03 9.99646382e-01 3.13115675e-04 6.32520630e-01 9.50000000e+01 4.00000000e+00
2.91867219e+03 9.99644062e-01 3.48346669e-04 6.37515883e-01 9.10000000e+01 4.00000000e+00
2.91876695e+03 9.99829211e-01 2.00000000e-04 6.42488649e-01 9.60000000e+01 4.00000000e+00
2.91886171e+03 9.99780296e-01 3.31647834e-04 6.47461427e-01 9.30000000e+01 4.00000000e+00
2.91895187e+03 1.00001775e+00 2.00000000e-04 6.52192627e-01 8.60000000e+01 4.00000000e+00
2.91905412e+03 9.99864174e-01 2.21480592e-04 6.57558367e-01 5.50000000e+01 3.00000000e+00
2.91914672e+03 9.99916093e-01 3.59177969e-04 6.62417149e-01 5.50000000e+01 3.00000000e+00
2.91924368e+03 9.99793180e-01 3.24148127e-04 6.67505334e-01 5.40000000e+01 3.00000000e+00
2.91934116e+03 1.00006226e+00 2.67109600e-04 6.72620591e-01 5.10000000e+01 3.00000000e+00
2.91943259e+03 1.00015946e+00 2.00000000e-04 6.77418637e-01 5.40000000e+01 3.00000000e+00
2.91952981e+03 9.99993290e-01 2.00000000e-04 6.82520357e-01 5.00000000e+01 3.00000000e+00
2.91962356e+03 9.99916954e-01 2.15510373e-04 6.87439872e-01 5.10000000e+01 3.00000000e+00
2.91973004e+03 9.99888685e-01 2.53918630e-04 6.93027468e-01 6.10000000e+01 4.00000000e+00
2.91981530e+03 9.99784338e-01 2.00000000e-04 6.97501335e-01 9.10000000e+01 4.00000000e+00
2.91991040e+03 1.00000187e+00 2.00000000e-04 7.02491872e-01 9.20000000e+01 4.00000000e+00
2.92000531e+03 1.00001044e+00 2.00000000e-04 7.07472156e-01 9.00000000e+01 4.00000000e+00
2.92010041e+03 9.99748343e-01 2.00000000e-04 7.12462580e-01 9.30000000e+01 4.00000000e+00
2.92019743e+03 9.99768585e-01 2.35190749e-04 7.17554196e-01 9.20000000e+01 4.00000000e+00
2.92029215e+03 1.00002619e+00 2.00000000e-04 7.22524419e-01 9.10000000e+01 4.00000000e+00
2.92038725e+03 9.99975164e-01 2.00000000e-04 7.27514764e-01 9.00000000e+01 4.00000000e+00
2.92048428e+03 9.99776742e-01 2.20646559e-04 7.32606537e-01 1.25000000e+02 4.00000000e+00
2.92057706e+03 1.00001685e+00 2.00000000e-04 7.37475332e-01 1.32000000e+02 4.00000000e+00
2.92067268e+03 9.99987206e-01 2.00000000e-04 7.42492700e-01 1.32000000e+02 4.00000000e+00
2.92076810e+03 9.99824483e-01 2.00000000e-04 7.47500224e-01 1.33000000e+02 4.00000000e+00
2.92086391e+03 9.99771688e-01 2.00000000e-04 7.52527832e-01 1.31000000e+02 4.00000000e+00
2.92095837e+03 9.99993764e-01 2.00000000e-04 7.57484532e-01 1.32000000e+02 4.00000000e+00
2.92105391e+03 1.00006440e+00 2.00000000e-04 7.62498218e-01 1.32000000e+02 4.00000000e+00
2.92114882e+03 1.00003429e+00 2.00000000e-04 7.67478500e-01 1.34000000e+02 5.00000000e+00
2.92124372e+03 1.00008322e+00 2.00000000e-04 7.72458782e-01 1.32000000e+02 4.00000000e+00
2.92133934e+03 9.99767142e-01 2.00000000e-04 7.77476213e-01 1.29000000e+02 3.00000000e+00
2.92143567e+03 9.99738162e-01 2.00000000e-04 7.82531248e-01 1.31000000e+02 4.00000000e+00
2.92153058e+03 9.99923042e-01 2.00000000e-04 7.87511572e-01 1.33000000e+02 4.00000000e+00
2.92162567e+03 1.00008768e+00 2.00000000e-04 7.92501378e-01 1.32000000e+02 4.00000000e+00
2.92172057e+03 1.00031002e+00 2.00000000e-04 7.97481659e-01 1.32000000e+02 4.00000000e+00
