# Time Flux Flux_Err Phase N NSector
2.90894167e+03 1.00114506e+00 5.85915147e-04 -1.97461025e-01 1.22000000e+02 3.00000000e+00
2.90896432e+03 1.00115639e+00 5.85915147e-04 -1.92433697e-01 1.22000000e+02 3.00000000e+00
2.90898667e+03 1.00089484e+00 2.53960590e-03 -1.87475652e-01 1.20000000e+02 3.00000000e+00
2.90900878e+03 1.00203662e+00 5.85915147e-04 -1.82567456e-01 1.21000000e+02 3.00000000e+00
2.90903145e+03 1.00118271e+00 8.12123283e-04 -1.77537422e-01 1.22000000e+02 3.00000000e+00
2.90905435e+03 1.00120722e+00 5.85915147e-04 -1.72455191e-01 1.24000000e+02 3.00000000e+00
2.90907674e+03 1.00076405e+00 6.73677159e-04 -1.67487104e-01 1.22000000e+02 3.00000000e+00
2.90909906e+03 1.00171041e+00 1.22722906e-03 -1.62535398e-01 1.22000000e+02 3.00000000e+00
2.90912163e+03 9.99329032e-01 8.83008110e-04 -1.57525580e-01 1.24000000e+02 3.00000000e+00
2.90914427e+03 1.00237716e+00 5.85915147e-04 -1.52503434e-01 1.19000000e+02 3.00000000e+00
2.90916671e+03 1.00074559e+00 1.50218818e-03 -1.47522264e-01 1.23000000e+02 3.00000000e+00
2.90918933e+03 1.00080961e+00 1.69734054e-03 -1.42502553e-01 1.20000000e+02 3.00000000e+00
2.90921176e+03 1.00122976e+00 1.10349930e-03 -1.37525419e-01 1.22000000e+02 3.00000000e+00
2.90923437e+03 1.00107830e+00 1.09330922e-03 -1.32508784e-01 1.23000000e+02 3.00000000e+00
2.90925706e+03 1.00107985e+00 5.85915147e-04 -1.27473305e-01 1.23000000e+02 3.00000000e+00
2.90927961e+03 1.00107514e+00 5.85915147e-04 -1.22469712e-01 1.20000000e+02 3.00000000e+00
2.90930221e+03 1.00113660e+00 8.60394808e-04 -1.17453824e-01 1.23000000e+02 3.00000000e+00
2.90932494e+03 9.99830485e-01 5.85915147e-04 -1.12410412e-01 1.20000000e+02 3.00000000e+00
2.90934678e+03 1.00060767e+00 9.15512599e-04 -1.07564640e-01 1.21000000e+02 3.00000000e+00
2.90936988e+03 9.99666752e-01 1.32550649e-03 -1.02437497e-01 1.23000000e+02 3.00000000e+00
2.90939195e+03 9.99692382e-01 5.85915147e-04 -9.75402404e-02 1.33000000e+02 3.00000000e+00
2.90941489e+03 9.99167386e-01 5.85915147e-04 -9.24499496e-02 1.21000000e+02 3.00000000e+00
2.90943706e+03 9.98340253e-01 5.85915147e-04 -8.75311244e-02 1.23000000e+02 3.00000000e+00
2.90945945e+03 9.99237361e-01 5.85915147e-04 -8.25624073e-02 1.32000000e+02 3.00000000e+00
2.90948204e+03 9.98890285e-01 5.85915147e-04 -7.75488974e-02 1.32000000e+02 3.00000000e+00
2.90950467e+03 9.99408903e-01 5.85915147e-04 -7.25265342e-02 1.33000000e+02 3.00000000e+00
2.90952732e+03 9.98854254e-01 5.85915147e-04 -6.75020945e-02 1.32000000e+02 3.00000000e+00
2.90954986e+03 9.98382184e-01 5.85915147e-04 -6.24994671e-02 1.31000000e+02 3.00000000e+00
2.90957232e+03 9.98648646e-01 5.85915147e-04 -5.75155357e-02 1.30000000e+02 3.00000000e+00
2.90959508e+03 9.97714170e-01 5.85915147e-04 -5.24652238e-02 1.21000000e+02 3.00000000e+00
2.90961757e+03 9.98135514e-01 5.85915147e-04 -4.74733882e-02 1.21000000e+02 3.00000000e+00
2.90964017e+03 9.98478299e-01 5.85915147e-04 -4.24581098e-02 1.21000000e+02 3.00000000e+00
2.90966260e+03 9.98204893e-01 5.85915147e-04 -3.74821801e-02 1.20000000e+02 3.00000000e+00
2.90967651e+03 9.97225353e-01 1.23029915e-03 -3.43942444e-02 2.70000000e+01 2.00000000e+00
2.90968428e+03 9.98285164e-01 6.71936917e-04 -3.26697761e-02 5.30000000e+01 2.00000000e+00
2.90969449e+03 9.99522076e-01 1.20057372e-03 -3.04056614e-02 5.10000000e+01 2.00000000e+00
2.90970457e+03 9.97511200e-01 5.85915147e-04 -2.81688711e-02 5.80000000e+01 3.00000000e+00
2.90971479e+03 9.89007593e-01 6.33593218e-04 -2.59012123e-02 5.20000000e+01 2.00000000e+00
2.90972507e+03 9.69026946e-01 5.85915147e-04 -2.36190890e-02 5.70000000e+01 3.00000000e+00
2.90973506e+03 9.42740663e-01 1.11331025e-03 -2.14012016e-02 5.20000000e+01 2.00000000e+00
2.90974507e+03 9.12297402e-01 5.85915147e-04 -1.91799667e-02 5.60000000e+01 3.00000000e+00
2.90975522e+03 8.75577420e-01 1.95154724e-03 -1.69288368e-02 5.20000000e+01 2.00000000e+00
2.90976524e+03 8.34000833e-01 6.67802416e-03 -1.47040814e-02 5.60000000e+01 3.00000000e+00
2.90977557e+03 7.98014835e-01 5.09003691e-03 -1.24127651e-02 5.30000000e+01 2.00000000e+00
2.90978598e+03 7.58324067e-01 5.06416640e-03 -1.01036758e-02 5.30000000e+01 2.00000000e+00
2.90979619e+03 7.18204685e-01 8.45157117e-03 -7.83728044e-03 5.50000000e+01 2.00000000e+00
2.90980615e+03 6.85298814e-01 1.01785217e-02 -5.62769210e-03 5.70000000e+01 2.00000000e+00
2.90981642e+03 6.55920097e-01 9.87546838e-03 -3.34688323e-03 5.80000000e+01 2.00000000e+00
2.90982643e+03 6.40683286e-01 9.93906750e-03 -1.12652515e-03 5.50000000e+01 2.00000000e+00
2.90983651e+03 6.39601449e-01 9.35130073e-03 1.11019184e-03 5.80000000e+01 2.00000000e+00
2.90984674e+03 6.58811064e-01 1.12999497e-02 3.38010066e-03 5.70000000e+01 2.00000000e+00
2.90985701e+03 6.89047565e-01 1.21274392e-02 5.65967713e-03 5.70000000e+01 2.00000000e+00
2.90986701e+03 7.22104622e-01 1.04184538e-02 7.87836335e-03 5.60000000e+01 2.00000000e+00
2.90987685e+03 7.61276459e-01 1.10855159e-02 1.00629649e-02 5.80000000e+01 2.00000000e+00
2.90988744e+03 8.04067165e-01 7.96658761e-03 1.24108815e-02 5.60000000e+01 2.00000000e+00
2.90989718e+03 8.40570822e-01 6.74696985e-03 1.45730002e-02 5.80000000e+01 2.00000000e+00
2.90990794e+03 8.79326827e-01 5.33225470e-03 1.69602483e-02 5.70000000e+01 2.00000000e+00
2.90991764e+03 9.15006094e-01 4.41450970e-03 1.91132958e-02 5.70000000e+01 2.00000000e+00
2.90992821e+03 9.46747905e-01 3.83067502e-03 2.14590126e-02 5.80000000e+01 2.00000000e+00
2.90993817e+03 9.72780560e-01 2.12610480e-03 2.36681278e-02 5.60000000e+01 2.00000000e+00
2.90994856e+03 9.90055381e-01 5.91397661e-04 2.59756094e-02 5.70000000e+01 2.00000000e+00
2.90995837e+03 9.98039593e-01 7.04492708e-04 2.81526051e-02 5.10000000e+01 2.00000000e+00
2.90996886e+03 9.98665679e-01 5.85915147e-04 3.04801302e-02 5.60000000e+01 2.00000000e+00
2.90997868e+03 9.97949964e-01 5.85915147e-04 3.26593794e-02 5.10000000e+01 2.00000000e+00
2.90998664e+03 9.98055985e-01 5.85915147e-04 3.44247615e-02 2.90000000e+01 2.00000000e+00
2.91000053e+03 9.98504585e-01 5.85915147e-04 3.75067339e-02 1.21000000e+02 3.00000000e+00
2.91002286e+03 9.98086996e-01 5.85915147e-04 4.24617978e-02 1.22000000e+02 3.00000000e+00
2.91004495e+03 9.98820428e-01 5.85915147e-04 4.73646672e-02 1.15000000e+02 3.00000000e+00
2.91006799e+03 9.98230461e-01 5.85915147e-04 5.24769570e-02 1.02000000e+02 3.00000000e+00
2.91009063e+03 9.97925826e-01 5.85915147e-04 5.75007654e-02 1.00000000e+02 3.00000000e+00
2.91011340e+03 9.97851231e-01 5.85915147e-04 6.25534171e-02 1.04000000e+02 3.00000000e+00
2.91013586e+03 9.98086754e-01 5.85915147e-04 6.75375400e-02 1.12000000e+02 3.00000000e+00
2.91015867e+03 9.98578554e-01 5.85915147e-04 7.25994345e-02 1.09000000e+02 3.00000000e+00
2.91018073e+03 9.98996854e-01 5.85915147e-04 7.74954347e-02 1.11000000e+02 3.00000000e+00
2.91020325e+03 9.98834761e-01 5.85915147e-04 8.24912935e-02 1.14000000e+02 3.00000000e+00
2.91022580e+03 9.97937031e-01 5.85915147e-04 8.74962614e-02 1.13000000e+02 3.00000000e+00
2.91024836e+03 9.98832766e-01 5.85915147e-04 9.25029691e-02 1.10000000e+02 3.00000000e+00
2.91027055e+03 9.99130757e-01 5.85915147e-04 9.74257076e-02 1.02000000e+02 3.00000000e+00
2.91029278e+03 9.99603035e-01 5.85915147e-04 1.02359753e-01 1.04000000e+02 3.00000000e+00
2.91031557e+03 9.99006037e-01 5.85915147e-04 1.07415725e-01 1.03000000e+02 3.00000000e+00
2.91033853e+03 9.98415146e-01 1.74246843e-03 1.12510954e-01 1.02000000e+02 3.00000000e+00
2.91036102e+03 9.98803976e-01 5.85915147e-04 1.17503390e-01 1.01000000e+02 3.00000000e+00
2.91038377e+03 9.99665499e-01 5.85915147e-04 1.22551887e-01 1.03000000e+02 3.00000000e+00
2.91040670e+03 9.99473514e-01 5.85915147e-04 1.27640168e-01 1.04000000e+02 3.00000000e+00
2.91042899e+03 9.99074372e-01 5.85915147e-04 1.32585729e-01 1.03000000e+02 3.00000000e+00
2.91045143e+03 9.99281944e-01 5.85915147e-04 1.37564036e-01 1.03000000e+02 3.00000000e+00
2.91047357e+03 9.99501468e-01 6.18312768e-04 1.42477619e-01 1.04000000e+02 3.00000000e+00
2.91049633e+03 1.00034404e+00 8.27997001e-04 1.47528602e-01 1.05000000e+02 3.00000000e+00
2.91051855e+03 1.00001365e+00 5.85915147e-04 1.52460421e-01 1.05000000e+02 3.00000000e+00
2.91054096e+03 1.00003022e+00 5.85915147e-04 1.57432729e-01 1.08000000e+02 3.00000000e+00
2.91056268e+03 1.00072980e+00 6.61630521e-04 1.62252310e-01 1.01000000e+02 3.00000000e+00
2.91058605e+03 1.00002396e+00 5.85915147e-04 1.67437130e-01 1.00000000e+02 3.00000000e+00
2.91060883e+03 1.00007389e+00 5.85915147e-04 1.72493488e-01 9.90000000e+01 3.00000000e+00
2.91063102e+03 1.00015242e+00 5.85915147e-04 1.77416590e-01 9.90000000e+01 3.00000000e+00
2.91065363e+03 1.00194376e+00 8.05338501e-04 1.82434801e-01 9.20000000e+01 3.00000000e+00
2.91067654e+03 1.00091058e+00 9.07444925e-04 1.87518988e-01 9.30000000e+01 3.00000000e+00
2.91069983e+03 1.00109065e+00 7.23102320e-04 1.92685511e-01 9.70000000e+01 3.00000000e+00
2.91072180e+03 1.00069701e+00 5.85915147e-04 1.97561642e-01 9.70000000e+01 2.00000000e+00
2.91074434e+03 1.00028914e+00 5.85915147e-04 2.02563894e-01 1.08000000e+02 3.00000000e+00
2.91076661e+03 1.00043905e+00 5.85915147e-04 2.07504377e-01 1.10000000e+02 3.00000000e+00
2.91078928e+03 1.00010383e+00 5.85915147e-04 2.12536281e-01 1.19000000e+02 3.00000000e+00
2.91081146e+03 1.00050592e+00 5.85915147e-04 2.17458147e-01 1.21000000e+02 3.00000000e+00
2.91083395e+03 1.00028604e+00 5.85915147e-04 2.22449739e-01 1.21000000e+02 3.00000000e+00
2.91085641e+03 1.00002795e+00 5.85915147e-04 2.27433326e-01 1.21000000e+02 3.00000000e+00
2.91087892e+03 9.99886126e-01 5.85915147e-04 2.32427775e-01 1.22000000e+02 3.00000000e+00
2.91090176e+03 1.00009078e+00 5.85915147e-04 2.37496077e-01 1.21000000e+02 3.00000000e+00
2.91092436e+03 1.00035804e+00 5.85915147e-04 2.42511800e-01 1.19000000e+02 3.00000000e+00
2.91094687e+03 9.99480190e-01 1.21081184e-03 2.47505923e-01 1.22000000e+02 3.00000000e+00
2.91096946e+03 1.00001374e+00 5.85915147e-04 2.52518128e-01 1.20000000e+02 3.00000000e+00
2.91099257e+03 9.99575736e-01 9.16578195e-04 2.57647432e-01 1.11000000e+02 3.00000000e+00
2.91101500e+03 9.99880881e-01 1.17129719e-03 2.62625457e-01 1.18000000e+02 3.00000000e+00
2.91103707e+03 1.00058120e+00 1.15188491e-03 2.67522094e-01 1.21000000e+02 3.00000000e+00
2.91105970e+03 1.00037223e+00 5.85915147e-04 2.72543895e-01 1.21000000e+02 3.00000000e+00
2.91108209e+03 1.00042164e+00 5.85915147e-04 2.77512932e-01 1.20000000e+02 3.00000000e+00
2.91110435e+03 9.99607743e-01 1.24019320e-03 2.82452867e-01 1.21000000e+02 3.00000000e+00
2.91112683e+03 9.99618502e-01 1.31629639e-03 2.87440356e-01 1.19000000e+02 3.00000000e+00
2.91114926e+03 9.99398919e-01 5.85915147e-04 2.92418421e-01 1.22000000e+02 3.00000000e+00
2.91117199e+03 9.99214771e-01 6.45902204e-04 2.97461437e-01 1.22000000e+02 3.00000000e+00
2.91119447e+03 1.00004420e+00 8.28943061e-04 3.02451509e-01 1.19000000e+02 3.00000000e+00
2.91121714e+03 9.99316576e-01 6.62913457e-04 3.07481476e-01 1.22000000e+02 3.00000000e+00
2.91124003e+03 1.00071162e+00 5.85915147e-04 3.12559429e-01 1.22000000e+02 3.00000000e+00
2.91126269e+03 9.99937192e-01 5.85915147e-04 3.17588335e-01 1.20000000e+02 3.00000000e+00
2.91128491e+03 1.00025409e+00 5.85915147e-04 3.22519692e-01 1.21000000e+02 3.00000000e+00
2.91130742e+03 1.00042623e+00 5.85915147e-04 3.27514843e-01 1.22000000e+02 3.00000000e+00
2.91132999e+03 1.00084282e+00 1.00013544e-03 3.32523080e-01 1.19000000e+02 3.00000000e+00
2.91135249e+03 1.00074162e+00 1.15778377e-03 3.37515670e-01 1.21000000e+02 3.00000000e+00
2.91137499e+03 1.00050231e+00 8.37339736e-04 3.42508855e-01 1.20000000e+02 3.00000000e+00
2.91139716e+03 1.00098655e+00 5.85915147e-04 3.47429479e-01 1.18000000e+02 3.00000000e+00
2.91141983e+03 1.00166112e+00 1.34055715e-03 3.52458534e-01 1.20000000e+02 3.00000000e+00
2.91144262e+03 1.00017507e+00 6.15450083e-04 3.57517521e-01 1.21000000e+02 3.00000000e+00
2.91146487e+03 1.00032216e+00 9.15308345e-04 3.62453303e-01 1.19000000e+02 3.00000000e+00
2.91148741e+03 1.00046574e+00 5.85915147e-04 3.67454789e-01 1.17000000e+02 3.00000000e+00
2.91151020e+03 1.00032848e+00 5.85915147e-04 3.72512080e-01 1.19000000e+02 3.00000000e+00
2.91153260e+03 9.99971330e-01 5.85915147e-04 3.77483135e-01 1.15000000e+02 3.00000000e+00
2.91155566e+03 1.00028545e+00 5.85915147e-04 3.82601779e-01 1.14000000e+02 3.00000000e+00
2.91157798e+03 1.00021082e+00 5.85915147e-04 3.87554399e-01 1.18000000e+02 3.00000000e+00
2.91160038e+03 1.00043082e+00 5.85915147e-04 3.92524520e-01 1.16000000e+02 3.00000000e+00
2.91162268e+03 1.00032312e+00 5.85915147e-04 3.97472522e-01 1.12000000e+02 3.00000000e+00
2.91164535e+03 1.00030595e+00 5.85915147e-04 4.02502648e-01 1.11000000e+02 3.00000000e+00
2.91166769e+03 1.00003260e+00 1.00489321e-03 4.07460688e-01 1.10000000e+02 3.00000000e+00
2.91169030e+03 1.00063068e+00 5.85915147e-04 4.12479234e-01 1.11000000e+02 3.00000000e+00
2.91171292e+03 9.99972642e-01 6.76222333e-04 4.17498971e-01 1.09000000e+02 3.00000000e+00
2.91173570e+03 1.00048071e+00 5.85915147e-04 4.22553973e-01 1.11000000e+02 3.00000000e+00
2.91175824e+03 1.00021943e+00 5.85915147e-04 4.27554288e-01 1.05000000e+02 2.00000000e+00
2.91178058e+03 1.00037271e+00 5.85915147e-04 4.32512012e-01 1.11000000e+02 3.00000000e+00
2.91180335e+03 1.00045544e+00 5.85915147e-04 4.37564686e-01 1.10000000e+02 3.00000000e+00
2.91182590e+03 1.00016802e+00 5.85915147e-04 4.42568967e-01 1.11000000e+02 3.00000000e+00
2.91184797e+03 1.00033463e+00 5.85915147e-04 4.47467103e-01 1.11000000e+02 3.00000000e+00
2.91187056e+03 1.00055432e+00 6.75827023e-04 4.52479941e-01 1.11000000e+02 3.00000000e+00
2.91189307e+03 1.00097519e+00 5.85915147e-04 4.57474842e-01 1.10000000e+02 3.00000000e+00
2.91191391e+03 1.00102442e+00 5.85915147e-04 4.62097923e-01 9.00000000e+01 2.00000000e+00
2.91192881e+03 1.00116759e+00 5.85915147e-04 4.65404987e-01 5.00000000e+01 2.00000000e+00
2.91193909e+03 1.00025855e+00 5.85915147e-04 4.67685966e-01 5.10000000e+01 2.00000000e+00
2.91195010e+03 9.98961615e-01 5.85915147e-04 4.70128829e-01 5.00000000e+01 2.00000000e+00
2.91195992e+03 9.85239310e-01 5.85915147e-04 4.72308939e-01 4.80000000e+01 2.00000000e+00
2.91197121e+03 9.62493006e-01 1.01945630e-03 4.74813016e-01 4.50000000e+01 2.00000000e+00
2.91198148e+03 9.35119489e-01 2.72465030e-03 4.77092743e-01 4.40000000e+01 2.00000000e+00
2.91199206e+03 9.04173932e-01 1.18262429e-03 4.79441679e-01 4.40000000e+01 2.00000000e+00
2.91200229e+03 8.70845212e-01 2.46880862e-03 4.81710285e-01 4.70000000e+01 2.00000000e+00
2.91201340e+03 8.33107252e-01 4.09794784e-03 4.84176290e-01 4.50000000e+01 2.00000000e+00
2.91202317e+03 7.97389435e-01 5.05938666e-03 4.86344418e-01 4.50000000e+01 2.00000000e+00
2.91203423e+03 7.56906076e-01 5.10553147e-03 4.88799326e-01 4.60000000e+01 2.00000000e+00
2.91204473e+03 7.21544083e-01 5.08772527e-03 4.91129206e-01 4.60000000e+01 2.00000000e+00
2.91205534e+03 6.90729436e-01 8.16145416e-03 4.93483539e-01 4.60000000e+01 2.00000000e+00
2.91206611e+03 6.66076951e-01 8.14360979e-03 4.95872554e-01 4.50000000e+01 2.00000000e+00
2.91207639e+03 6.53524830e-01 7.95137477e-03 4.98153566e-01 4.60000000e+01 2.00000000e+00
2.91208694e+03 6.54630165e-01 8.15392643e-03 5.00496346e-01 4.40000000e+01 2.00000000e+00
2.91209724e+03 6.70220967e-01 8.45000126e-03 5.02781756e-01 4.70000000e+01 2.00000000e+00
2.91210783e+03 6.94240721e-01 8.76175149e-03 5.05130040e-01 4.50000000e+01 2.00000000e+00
2.91211825e+03 7.27644930e-01 7.19300219e-03 5.07443324e-01 4.50000000e+01 2.00000000e+00
2.91212890e+03 7.64233971e-01 7.07212007e-03 5.09806384e-01 4.60000000e+01 2.00000000e+00
2.91213964e+03 7.96907985e-01 5.46161021e-03 5.12189742e-01 4.90000000e+01 3.00000000e+00
2.91215025e+03 8.39909181e-01 5.12771920e-03 5.14544642e-01 4.60000000e+01 2.00000000e+00
2.91216101e+03 8.71147773e-01 2.01456655e-03 5.16933077e-01 4.90000000e+01 3.00000000e+00
2.91217130e+03 9.09599625e-01 3.79193431e-03 5.19214385e-01 4.60000000e+01 2.00000000e+00
2.91218185e+03 9.39041628e-01 1.05017868e-03 5.21557106e-01 5.10000000e+01 3.00000000e+00
2.91219213e+03 9.65754116e-01 8.93548168e-04 5.23837491e-01 5.30000000e+01 2.00000000e+00
2.91220271e+03 9.88494378e-01 5.85915147e-04 5.26185565e-01 5.20000000e+01 3.00000000e+00
2.91221316e+03 9.99982924e-01 8.25918457e-04 5.28504052e-01 5.00000000e+01 2.00000000e+00
2.91222405e+03 1.00094026e+00 6.05372290e-04 5.30920309e-01 5.10000000e+01 2.00000000e+00
2.91223399e+03 1.00088739e+00 5.85915147e-04 5.33127138e-01 5.20000000e+01 2.00000000e+00
2.91224094e+03 1.00218415e+00 1.18318463e-03 5.34668167e-01 1.30000000e+01 2.00000000e+00
2.91225362e+03 1.00118869e+00 5.85915147e-04 5.37482163e-01 1.17000000e+02 3.00000000e+00
2.91227557e+03 1.00116242e+00 5.85915147e-04 5.42353700e-01 1.14000000e+02 3.00000000e+00
2.91229872e+03 1.00060582e+00 5.85915147e-04 5.47490413e-01 1.10000000e+02 3.00000000e+00
2.91232136e+03 1.00115064e+00 5.85915147e-04 5.52515171e-01 1.11000000e+02 3.00000000e+00
2.91234393e+03 1.00140434e+00 5.85915147e-04 5.57522995e-01 1.11000000e+02 3.00000000e+00
2.91236703e+03 1.00033665e+00 5.85915147e-04 5.62649831e-01 1.09000000e+02 3.00000000e+00
2.91238900e+03 1.00096300e+00 5.85915147e-04 5.67523594e-01 1.10000000e+02 3.00000000e+00
2.91241155e+03 1.00129872e+00 5.85915147e-04 5.72527613e-01 1.03000000e+02 3.00000000e+00
2.91243417e+03 1.00081712e+00 5.85915147e-04 5.77547802e-01 1.00000000e+02 3.00000000e+00
2.91245668e+03 1.00177472e+00 5.85915147e-04 5.82544102e-01 1.01000000e+02 3.00000000e+00
2.91247877e+03 1.00182705e+00 5.85915147e-04 5.87445433e-01 1.01000000e+02 3.00000000e+00
2.91250129e+03 1.00144297e+00 8.69582016e-04 5.92442777e-01 1.09000000e+02 3.00000000e+00
2.91252382e+03 1.00088304e+00 2.06733608e-03 5.97440992e-01 1.11000000e+02 3.00000000e+00
2.91254654e+03 1.00243163e+00 1.44540729e-03 6.02483463e-01 1.12000000e+02 3.00000000e+00
2.91256900e+03 1.00306126e+00 8.96966794e-04 6.07468078e-01 1.10000000e+02 3.00000000e+00
2.91259157e+03 1.00368250e+00 5.85915147e-04 6.12475966e-01 1.09000000e+02 3.00000000e+00
2.91261473e+03 1.00236397e+00 5.91525621e-04 6.17616420e-01 1.17000000e+02 3.00000000e+00
2.91263691e+03 1.00404005e+00 7.84483510e-04 6.22536717e-01 1.18000000e+02 3.00000000e+00
2.91265952e+03 1.00349739e+00 1.84181251e-03 6.27555383e-01 1.22000000e+02 3.00000000e+00
2.91268187e+03 1.00228917e+00 8.74228915e-04 6.32513166e-01 1.21000000e+02 3.00000000e+00
2.91270445e+03 1.00128036e+00 1.71632019e-03 6.37525518e-01 1.19000000e+02 3.00000000e+00
2.91272685e+03 1.00125819e+00 5.85915147e-04 6.42495285e-01 1.13000000e+02 3.00000000e+00
2.91274901e+03 1.00311874e+00 5.85915147e-04 6.47412785e-01 1.13000000e+02 3.00000000e+00
2.91277166e+03 1.00354224e+00 1.53295927e-03 6.52439960e-01 1.10000000e+02 3.00000000e+00
2.91279455e+03 1.00113874e+00 6.09068423e-03 6.57518932e-01 1.10000000e+02 3.00000000e+00
2.91281714e+03 1.00124198e+00 5.85915147e-04 6.62530579e-01 1.12000000e+02 3.00000000e+00
2.91283928e+03 1.00144356e+00 2.94182103e-03 6.67443456e-01 1.11000000e+02 3.00000000e+00
2.91286194e+03 1.00124198e+00 5.85915147e-04 6.72472413e-01 1.10000000e+02 3.00000000e+00
2.91288446e+03 1.00100726e+00 1.91495473e-03 6.77470071e-01 1.11000000e+02 3.00000000e+00
2.91290742e+03 1.00564842e+00 2.53809199e-03 6.82564934e-01 1.05000000e+02 3.00000000e+00
2.91293014e+03 1.00476637e+00 2.64704653e-03 6.87607414e-01 1.10000000e+02 3.00000000e+00
2.91295221e+03 1.00325351e+00 1.66718433e-03 6.92505358e-01 1.20000000e+02 3.00000000e+00
2.91297454e+03 1.00070488e+00 5.85915147e-04 6.97460658e-01 1.20000000e+02 3.00000000e+00
2.91299730e+03 1.00155300e+00 1.36301702e-03 7.02509758e-01 1.23000000e+02 3.00000000e+00
2.91301982e+03 1.00079137e+00 1.52365071e-03 7.07507839e-01 1.22000000e+02 3.00000000e+00
2.91304235e+03 1.00130242e+00 2.42386446e-03 7.12506567e-01 1.21000000e+02 3.00000000e+00
2.91306482e+03 1.00098800e+00 2.46085450e-03 7.17494187e-01 1.21000000e+02 3.00000000e+00
2.91308752e+03 9.99797225e-01 2.68014472e-03 7.22531283e-01 1.24000000e+02 3.00000000e+00
2.91311009e+03 1.00046867e+00 2.34202922e-03 7.27538412e-01 1.21000000e+02 3.00000000e+00
2.91313251e+03 1.00092107e+00 1.53795075e-03 7.32515255e-01 1.20000000e+02 3.00000000e+00
2.91315490e+03 1.00605440e+00 5.85915147e-04 7.37483556e-01 1.22000000e+02 3.00000000e+00
2.91317724e+03 1.00084215e+00 3.56061584e-03 7.42440801e-01 1.21000000e+02 3.00000000e+00
2.91320017e+03 1.00135499e+00 7.84382282e-04 7.47527817e-01 1.22000000e+02 3.00000000e+00
2.91322279e+03 1.00126296e+00 5.85915147e-04 7.52548515e-01 1.22000000e+02 3.00000000e+00
2.91324518e+03 1.00115555e+00 3.54283901e-03 7.57516778e-01 1.18000000e+02 3.00000000e+00
2.91326751e+03 1.00120145e+00 5.85915147e-04 7.62471532e-01 1.21000000e+02 3.00000000e+00
2.91329017e+03 1.00321357e+00 2.02315266e-03 7.67500451e-01 1.22000000e+02 3.00000000e+00
2.91331252e+03 1.00467601e+00 5.85915147e-04 7.72458736e-01 1.21000000e+02 3.00000000e+00
2.91333465e+03 1.00439203e+00 8.89113296e-04 7.77371053e-01 1.23000000e+02 3.00000000e+00
2.91335777e+03 1.00054735e+00 5.85915147e-04 7.82501284e-01 1.23000000e+02 3.00000000e+00
2.91338035e+03 1.00068235e+00 5.85915147e-04 7.87510943e-01 1.22000000e+02 3.00000000e+00
2.91340288e+03 1.00332062e+00 5.85915147e-04 7.92510618e-01 1.22000000e+02 3.00000000e+00
2.91342549e+03 1.00378661e+00 7.98265846e-04 7.97527786e-01 1.24000000e+02 3.00000000e+00
