# Time Flux Flux_Err Phase N NSector
3.38647799e+03 1.01452106e+00 5.57536150e-03 -1.97566518e-01 3.03000000e+02 9.00000000e+00
3.38648553e+03 1.01315761e+00 6.22519617e-03 -1.92475234e-01 3.02000000e+02 9.00000000e+00
3.38649304e+03 1.01264941e+00 7.91127852e-03 -1.87401190e-01 3.03000000e+02 9.00000000e+00
3.38650042e+03 1.01173630e+00 4.61653368e-03 -1.82423759e-01 2.90000000e+02 8.00000000e+00
3.38650767e+03 1.00974285e+00 4.61653368e-03 -1.77523898e-01 2.92000000e+02 8.00000000e+00
3.38651502e+03 1.00934664e+00 4.61653368e-03 -1.72561558e-01 3.07000000e+02 9.00000000e+00
3.38652260e+03 1.00540504e+00 4.61653368e-03 -1.67449184e-01 2.96000000e+02 9.00000000e+00
3.38653008e+03 1.00461318e+00 4.61653368e-03 -1.62396935e-01 2.91000000e+02 9.00000000e+00
3.38653728e+03 1.00586867e+00 4.61653368e-03 -1.57533931e-01 2.93000000e+02 9.00000000e+00
3.38654467e+03 1.00513095e+00 4.61653368e-03 -1.52546297e-01 2.81000000e+02 8.00000000e+00
3.38655220e+03 1.00361274e+00 4.61653368e-03 -1.47466118e-01 2.95000000e+02 9.00000000e+00
3.38655958e+03 1.00885115e+00 4.61653368e-03 -1.42478200e-01 2.91000000e+02 9.00000000e+00
3.38656495e+03 1.00000881e+00 4.61653368e-03 -1.38856122e-01 1.21000000e+02 8.00000000e+00
3.38657348e+03 9.99238403e-01 4.61653368e-03 -1.33098795e-01 5.25000000e+02 9.00000000e+00
3.38658689e+03 9.96155279e-01 9.19436473e-03 -1.24040897e-01 5.20000000e+02 9.00000000e+00
3.38660047e+03 9.94564485e-01 4.68650030e-03 -1.14872997e-01 5.40000000e+02 9.00000000e+00
3.38661427e+03 9.90162935e-01 5.16203300e-03 -1.05559825e-01 5.35000000e+02 9.00000000e+00
3.38662778e+03 9.85502276e-01 1.45050817e-02 -9.64398880e-02 5.36000000e+02 9.00000000e+00
3.38664142e+03 9.76485529e-01 4.61653368e-03 -8.72297830e-02 5.45000000e+02 9.00000000e+00
3.38665507e+03 9.66610502e-01 7.29117573e-03 -7.80135498e-02 5.50000000e+02 9.00000000e+00
3.38666861e+03 9.56648432e-01 4.61653368e-03 -6.88737355e-02 5.49000000e+02 9.00000000e+00
3.38668212e+03 9.45098783e-01 7.98841664e-03 -5.97505331e-02 5.55000000e+02 9.00000000e+00
3.38669583e+03 9.29994968e-01 9.18512791e-03 -5.04925093e-02 5.47000000e+02 9.00000000e+00
3.38670933e+03 9.14460894e-01 1.02296069e-02 -4.13834942e-02 5.48000000e+02 9.00000000e+00
3.38672295e+03 9.22650502e-01 1.18991253e-02 -3.21869706e-02 5.42000000e+02 9.00000000e+00
3.38673661e+03 8.87253188e-01 4.61653368e-03 -2.29635620e-02 5.42000000e+02 9.00000000e+00
3.38675021e+03 8.70424630e-01 2.02163151e-02 -1.37787441e-02 5.43000000e+02 9.00000000e+00
3.38676386e+03 8.62384904e-01 2.45765214e-02 -4.56785875e-03 5.53000000e+02 9.00000000e+00
3.38677752e+03 8.62002510e-01 4.61653368e-03 4.65685612e-03 5.52000000e+02 9.00000000e+00
3.38679097e+03 8.78203586e-01 4.61653368e-03 1.37372982e-02 5.65000000e+02 9.00000000e+00
3.38680474e+03 8.84914773e-01 1.40578191e-02 2.30321067e-02 5.64000000e+02 9.00000000e+00
3.38681815e+03 8.98155538e-01 1.47429871e-02 3.20856551e-02 5.62000000e+02 9.00000000e+00
3.38683182e+03 9.14856064e-01 4.61653368e-03 4.13120862e-02 5.62000000e+02 9.00000000e+00
3.38684544e+03 9.65481955e-01 1.74973129e-02 5.05091639e-02 5.58000000e+02 9.00000000e+00
3.38685903e+03 9.60103042e-01 8.88416232e-03 5.96854373e-02 5.57000000e+02 9.00000000e+00
3.38687265e+03 9.55267707e-01 4.61653368e-03 6.88791986e-02 5.62000000e+02 9.00000000e+00
3.38688630e+03 9.67711973e-01 4.61653368e-03 7.80941356e-02 5.66000000e+02 9.00000000e+00
3.38689989e+03 9.76123382e-01 4.61653368e-03 8.72733587e-02 5.51000000e+02 9.00000000e+00
3.38691341e+03 9.84477784e-01 9.28000532e-03 9.63974247e-02 5.60000000e+02 9.00000000e+00
3.38692722e+03 9.91464376e-01 6.51351149e-03 1.05722026e-01 5.57000000e+02 9.00000000e+00
3.38694065e+03 1.00857787e+00 6.82287169e-03 1.14791201e-01 5.50000000e+02 9.00000000e+00
3.38695437e+03 9.97565877e-01 4.61653368e-03 1.24050402e-01 5.59000000e+02 9.00000000e+00
3.38696786e+03 1.00021213e+00 4.61653368e-03 1.33159524e-01 5.60000000e+02 9.00000000e+00
3.38697639e+03 1.00120876e+00 4.61653368e-03 1.38919273e-01 1.38000000e+02 8.00000000e+00
3.38698172e+03 1.00068223e+00 4.61653368e-03 1.42513947e-01 3.05000000e+02 9.00000000e+00
3.38698909e+03 1.00429090e+00 4.61653368e-03 1.47493824e-01 3.08000000e+02 9.00000000e+00
3.38699640e+03 1.00570250e+00 4.61653368e-03 1.52424024e-01 3.09000000e+02 9.00000000e+00
3.38700390e+03 1.00503597e+00 4.61653368e-03 1.57493074e-01 3.12000000e+02 9.00000000e+00
3.38701150e+03 1.00172573e+00 4.61653368e-03 1.62621797e-01 3.06000000e+02 9.00000000e+00
3.38701874e+03 1.00724284e+00 4.61653368e-03 1.67510896e-01 3.06000000e+02 9.00000000e+00
3.38702598e+03 1.00879483e+00 4.61653368e-03 1.72395359e-01 3.02000000e+02 9.00000000e+00
3.38703343e+03 1.00962396e+00 4.61653368e-03 1.77423643e-01 3.10000000e+02 9.00000000e+00
3.38704089e+03 1.01049461e+00 4.77777576e-03 1.82461380e-01 3.11000000e+02 9.00000000e+00
3.38704839e+03 1.01271305e+00 5.46057143e-03 1.87526323e-01 3.07000000e+02 9.00000000e+00
3.38705578e+03 1.01297604e+00 6.48527054e-03 1.92514961e-01 3.08000000e+02 9.00000000e+00
3.38706305e+03 1.00792279e+00 4.61653368e-03 1.97424720e-01 3.08000000e+02 9.00000000e+00
3.38707043e+03 1.01418733e+00 7.37436909e-03 2.02409030e-01 3.08000000e+02 9.00000000e+00
3.38707791e+03 1.01575997e+00 4.61653368e-03 2.07458103e-01 3.12000000e+02 9.00000000e+00
3.38708544e+03 1.01683590e+00 1.21084897e-02 2.12541769e-01 3.10000000e+02 9.00000000e+00
3.38709283e+03 1.01739060e+00 4.62718287e-03 2.17526173e-01 3.06000000e+02 9.00000000e+00
3.38710016e+03 1.01656996e+00 9.16341063e-03 2.22478447e-01 3.09000000e+02 9.00000000e+00
3.38710744e+03 1.01871261e+00 4.61653368e-03 2.27391232e-01 3.03000000e+02 9.00000000e+00
3.38711498e+03 9.93482028e-01 1.24733382e-02 2.32480258e-01 3.10000000e+02 9.00000000e+00
3.38712244e+03 1.01897146e+00 4.61653368e-03 2.37520768e-01 3.09000000e+02 9.00000000e+00
3.38712985e+03 1.01831033e+00 4.61653368e-03 2.42523024e-01 3.00000000e+02 9.00000000e+00
3.38713718e+03 1.01921590e+00 4.61653368e-03 2.47473339e-01 3.06000000e+02 9.00000000e+00
3.38714448e+03 1.02041872e+00 4.61653368e-03 2.52398514e-01 3.03000000e+02 9.00000000e+00
3.38715199e+03 1.02086081e+00 4.61653368e-03 2.57467467e-01 3.06000000e+02 9.00000000e+00
3.38715962e+03 1.00714929e+00 6.56922969e-03 2.62620458e-01 3.05000000e+02 9.00000000e+00
3.38716688e+03 1.02002299e+00 1.04664931e-02 2.67519687e-01 3.04000000e+02 9.00000000e+00
3.38717416e+03 1.01911517e+00 4.61653368e-03 2.72437982e-01 2.97000000e+02 8.00000000e+00
3.38718151e+03 1.01996382e+00 4.61653368e-03 2.77401024e-01 3.01000000e+02 9.00000000e+00
3.38718903e+03 1.01927723e+00 9.31946216e-03 2.82477865e-01 3.04000000e+02 9.00000000e+00
3.38719657e+03 1.01336856e+00 4.61653368e-03 2.87568207e-01 2.99000000e+02 9.00000000e+00
3.38720392e+03 1.01897104e+00 1.01143778e-02 2.92531085e-01 3.04000000e+02 9.00000000e+00
3.38721116e+03 1.01773930e+00 4.61653368e-03 2.97413965e-01 2.91000000e+02 8.00000000e+00
3.38721862e+03 1.01751723e+00 6.76386677e-03 3.02451166e-01 3.03000000e+02 9.00000000e+00
3.38722609e+03 1.01723838e+00 6.89029471e-03 3.07497581e-01 3.09000000e+02 9.00000000e+00
3.38723361e+03 1.01584181e+00 9.31416147e-03 3.12573222e-01 2.97000000e+02 9.00000000e+00
3.38724097e+03 1.00263085e+00 5.69856327e-03 3.17543974e-01 3.00000000e+02 9.00000000e+00
3.38724819e+03 1.01361060e+00 4.61653368e-03 3.22418151e-01 2.95000000e+02 9.00000000e+00
3.38725558e+03 1.01266453e+00 4.69309493e-03 3.27402553e-01 3.00000000e+02 9.00000000e+00
3.38726311e+03 1.01170129e+00 4.61653368e-03 3.32487272e-01 3.09000000e+02 9.00000000e+00
3.38727060e+03 1.01100893e+00 4.61653368e-03 3.37543459e-01 3.06000000e+02 9.00000000e+00
3.38727801e+03 1.01121100e+00 4.61653368e-03 3.42546355e-01 2.92000000e+02 8.00000000e+00
3.38728522e+03 1.00954773e+00 4.61653368e-03 3.47414968e-01 3.00000000e+02 9.00000000e+00
3.38729263e+03 1.00911801e+00 4.61653368e-03 3.52415710e-01 3.07000000e+02 9.00000000e+00
3.38730018e+03 1.00710069e+00 4.61653368e-03 3.57513501e-01 3.05000000e+02 9.00000000e+00
3.38730761e+03 1.00676629e+00 4.61653368e-03 3.62528982e-01 3.06000000e+02 9.00000000e+00
3.38731504e+03 1.01021441e+00 4.61653368e-03 3.67550673e-01 2.98000000e+02 8.00000000e+00
3.38732226e+03 1.00438950e+00 4.61653368e-03 3.72421827e-01 2.95000000e+02 8.00000000e+00
3.38732625e+03 1.00768300e+00 4.61653368e-03 3.75113384e-01 1.60000000e+01 5.00000000e+00
3.38733253e+03 1.00170484e+00 7.30399417e-03 3.79358848e-01 5.07000000e+02 9.00000000e+00
3.38734505e+03 1.00008196e+00 6.34730920e-03 3.87806904e-01 5.00000000e+02 9.00000000e+00
3.38735701e+03 9.96821776e-01 5.17099349e-03 3.95883483e-01 5.00000000e+02 9.00000000e+00
3.38736944e+03 9.92961852e-01 4.61653368e-03 4.04274404e-01 5.16000000e+02 9.00000000e+00
3.38738192e+03 9.87082242e-01 1.42197303e-02 4.12698509e-01 4.94000000e+02 9.00000000e+00
3.38739402e+03 9.80034014e-01 1.03906759e-02 4.20867975e-01 5.01000000e+02 9.00000000e+00
3.38740653e+03 9.72134882e-01 8.49887051e-03 4.29315838e-01 5.09000000e+02 9.00000000e+00
3.38741884e+03 9.64135799e-01 4.61653368e-03 4.37625357e-01 4.98000000e+02 9.00000000e+00
3.38743103e+03 9.54410909e-01 9.76522276e-03 4.45856513e-01 5.05000000e+02 9.00000000e+00
3.38744350e+03 9.44705656e-01 4.61653368e-03 4.54271979e-01 4.99000000e+02 9.00000000e+00
3.38745579e+03 9.60601601e-01 1.33086613e-02 4.62570987e-01 5.05000000e+02 9.00000000e+00
3.38746806e+03 9.34471031e-01 6.06249870e-03 4.70854387e-01 4.92000000e+02 9.00000000e+00
3.38748030e+03 9.13094735e-01 4.61653368e-03 4.79117434e-01 5.00000000e+02 9.00000000e+00
3.38749281e+03 9.03716404e-01 1.55690313e-02 4.87561783e-01 4.98000000e+02 9.00000000e+00
3.38750490e+03 8.97440916e-01 4.61653368e-03 4.95724797e-01 4.84000000e+02 9.00000000e+00
3.38751728e+03 8.97990361e-01 2.64372381e-02 5.04084202e-01 4.97000000e+02 9.00000000e+00
3.38752982e+03 9.04889243e-01 1.46609383e-02 5.12547716e-01 4.95000000e+02 9.00000000e+00
3.38754192e+03 9.17205294e-01 4.61653368e-03 5.20721924e-01 4.97000000e+02 9.00000000e+00
3.38755437e+03 9.50997370e-01 1.41970100e-02 5.29125421e-01 5.06000000e+02 9.00000000e+00
3.38756683e+03 9.33888622e-01 5.54169468e-03 5.37535373e-01 4.94000000e+02 9.00000000e+00
3.38757893e+03 9.43054467e-01 2.27194240e-02 5.45705052e-01 5.01000000e+02 9.00000000e+00
3.38759137e+03 9.54509611e-01 2.19642067e-02 5.54107500e-01 5.06000000e+02 9.00000000e+00
3.38760369e+03 9.62656069e-01 8.26828252e-03 5.62425191e-01 4.95000000e+02 9.00000000e+00
3.38761601e+03 9.72234733e-01 4.61653368e-03 5.70739509e-01 5.00000000e+02 9.00000000e+00
3.38762820e+03 1.01295572e+00 1.69651897e-02 5.78971559e-01 5.03000000e+02 9.00000000e+00
3.38764070e+03 1.01596967e+00 1.49193521e-02 5.87408028e-01 5.13000000e+02 9.00000000e+00
3.38765298e+03 9.92008192e-01 1.18335988e-02 5.95696340e-01 4.99000000e+02 9.00000000e+00
3.38766511e+03 1.01909029e+00 1.13905139e-02 6.03891397e-01 5.18000000e+02 9.00000000e+00
3.38767776e+03 9.99652482e-01 4.61653368e-03 6.12428232e-01 5.10000000e+02 9.00000000e+00
3.38768996e+03 1.01306331e+00 5.82769902e-03 6.20663767e-01 5.08000000e+02 9.00000000e+00
3.38769623e+03 1.00160747e+00 4.82207972e-03 6.24896153e-01 9.00000000e+00 1.00000000e+00
3.38770003e+03 1.00874485e+00 4.61653368e-03 6.27461366e-01 3.15000000e+02 9.00000000e+00
3.38770751e+03 1.00914850e+00 4.61653368e-03 6.32514297e-01 3.12000000e+02 9.00000000e+00
3.38771500e+03 1.00604648e+00 4.61653368e-03 6.37569018e-01 3.05000000e+02 9.00000000e+00
3.38772229e+03 1.00659977e+00 4.61653368e-03 6.42493580e-01 3.08000000e+02 9.00000000e+00
3.38772960e+03 1.00642452e+00 4.61653368e-03 6.47428371e-01 3.03000000e+02 9.00000000e+00
3.38773698e+03 1.00893419e+00 4.61653368e-03 6.52412221e-01 3.10000000e+02 9.00000000e+00
3.38774457e+03 1.00867764e+00 4.61653368e-03 6.57531911e-01 3.17000000e+02 9.00000000e+00
3.38775202e+03 1.01003082e+00 4.61653368e-03 6.62562094e-01 3.07000000e+02 9.00000000e+00
3.38775944e+03 1.01098381e+00 4.61653368e-03 6.67570127e-01 2.98000000e+02 8.00000000e+00
3.38776667e+03 1.01172096e+00 4.61653368e-03 6.72450856e-01 3.14000000e+02 9.00000000e+00
3.38777401e+03 1.01448743e+00 4.61653368e-03 6.77408663e-01 3.11000000e+02 9.00000000e+00
3.38778167e+03 1.01500442e+00 7.67533646e-03 6.82582374e-01 3.12000000e+02 9.00000000e+00
3.38778905e+03 1.01538997e+00 7.45656062e-03 6.87561893e-01 3.10000000e+02 9.00000000e+00
3.38779640e+03 1.01639725e+00 1.08291562e-02 6.92522028e-01 3.03000000e+02 9.00000000e+00
3.38780371e+03 1.01663318e+00 4.61653368e-03 6.97461174e-01 3.07000000e+02 9.00000000e+00
3.38781099e+03 1.01770320e+00 4.61653368e-03 7.02377113e-01 3.12000000e+02 9.00000000e+00
3.38781859e+03 1.01691058e+00 4.77674068e-03 7.07505902e-01 3.12000000e+02 9.00000000e+00
3.38782611e+03 1.01795497e+00 1.34225776e-02 7.12581654e-01 3.12000000e+02 9.00000000e+00
3.38783343e+03 1.01925679e+00 4.61653368e-03 7.17526869e-01 3.05000000e+02 9.00000000e+00
3.38784070e+03 1.01804924e+00 6.78093700e-03 7.22430086e-01 3.00000000e+02 8.00000000e+00
3.38784811e+03 1.01993662e+00 1.27091420e-02 7.27432690e-01 3.15000000e+02 9.00000000e+00
3.38785563e+03 1.02008465e+00 4.61653368e-03 7.32510619e-01 3.10000000e+02 9.00000000e+00
3.38786314e+03 1.02009860e+00 1.17952300e-02 7.37585722e-01 3.00000000e+02 9.00000000e+00
3.38787037e+03 1.01986709e+00 4.61653368e-03 7.42462866e-01 3.02000000e+02 9.00000000e+00
3.38787773e+03 1.01979100e+00 5.66945788e-03 7.47433143e-01 2.92000000e+02 8.00000000e+00
3.38788513e+03 1.02043703e+00 1.28444306e-02 7.52430115e-01 3.04000000e+02 9.00000000e+00
3.38789271e+03 1.01999345e+00 1.24922551e-02 7.57549203e-01 2.99000000e+02 9.00000000e+00
3.38790020e+03 1.01946945e+00 4.61653368e-03 7.62601954e-01 2.93000000e+02 9.00000000e+00
3.38790755e+03 1.01858536e+00 8.28497492e-03 7.67564004e-01 2.92000000e+02 9.00000000e+00
3.38791477e+03 1.01963033e+00 7.34629293e-03 7.72438872e-01 2.99000000e+02 9.00000000e+00
3.38792215e+03 1.01855370e+00 8.66764821e-03 7.77419935e-01 2.94000000e+02 9.00000000e+00
3.38792979e+03 1.01597455e+00 9.40311722e-03 7.82578064e-01 2.99000000e+02 9.00000000e+00
3.38793719e+03 1.01679544e+00 9.28013321e-03 7.87577069e-01 2.97000000e+02 9.00000000e+00
3.38794444e+03 1.01660050e+00 6.27216509e-03 7.92471794e-01 2.92000000e+02 9.00000000e+00
3.38795185e+03 1.01495605e+00 8.76700867e-03 7.97471896e-01 3.04000000e+02 9.00000000e+00
