# Time Flux Flux_Err Phase N NSector
2.87580570e+03 1.00004151e+00 2.00000000e-04 -1.97512243e-01 9.62000000e+02 1.20000000e+01
2.87582881e+03 1.00009940e+00 2.00000000e-04 -1.92487569e-01 9.74000000e+02 1.20000000e+01
2.87585180e+03 1.00008861e+00 2.00000000e-04 -1.87487782e-01 9.97000000e+02 1.20000000e+01
2.87587472e+03 1.00002967e+00 2.00000000e-04 -1.82505560e-01 1.00500000e+03 1.20000000e+01
2.87589770e+03 1.00007754e+00 2.00000000e-04 -1.77508088e-01 1.00700000e+03 1.20000000e+01
2.87592058e+03 1.00002805e+00 2.00000000e-04 -1.72534522e-01 1.00800000e+03 1.20000000e+01
2.87594356e+03 1.00004613e+00 2.00000000e-04 -1.67538472e-01 1.00600000e+03 1.20000000e+01
2.87596680e+03 1.00003493e+00 2.00000000e-04 -1.62484699e-01 1.00700000e+03 1.20000000e+01
2.87598981e+03 1.00009593e+00 2.00000000e-04 -1.57481171e-01 1.00600000e+03 1.20000000e+01
2.87601280e+03 1.00006887e+00 2.00000000e-04 -1.52483786e-01 1.01800000e+03 1.20000000e+01
2.87603582e+03 1.00010293e+00 2.00000000e-04 -1.47477744e-01 1.01700000e+03 1.20000000e+01
2.87605872e+03 1.00003186e+00 2.00000000e-04 -1.42499300e-01 1.01700000e+03 1.20000000e+01
2.87608167e+03 1.00006966e+00 2.00000000e-04 -1.37508084e-01 1.01200000e+03 1.20000000e+01
2.87610464e+03 1.00003929e+00 2.00000000e-04 -1.32513900e-01 1.02400000e+03 1.20000000e+01
2.87612766e+03 1.00006784e+00 2.00000000e-04 -1.27510543e-01 1.02600000e+03 1.20000000e+01
2.87615073e+03 1.00003196e+00 2.00000000e-04 -1.22493582e-01 1.00600000e+03 1.20000000e+01
2.87617374e+03 1.00001345e+00 2.00000000e-04 -1.17491267e-01 1.00800000e+03 1.20000000e+01
2.87619676e+03 1.00005665e+00 2.00000000e-04 -1.12485685e-01 1.00700000e+03 1.20000000e+01
2.87621973e+03 1.00005580e+00 2.00000000e-04 -1.07490923e-01 1.00500000e+03 1.20000000e+01
2.87624269e+03 1.00001964e+00 2.00000000e-04 -1.02498189e-01 9.86000000e+02 1.20000000e+01
2.87626571e+03 1.00008035e+00 2.00000000e-04 -9.74948894e-02 9.89000000e+02 1.20000000e+01
2.87628860e+03 1.00003189e+00 2.00000000e-04 -9.25165766e-02 9.85000000e+02 1.20000000e+01
2.87631163e+03 1.00007165e+00 2.00000000e-04 -8.75091422e-02 1.00100000e+03 1.20000000e+01
2.87633469e+03 1.00003054e+00 2.00000000e-04 -8.24951788e-02 9.99000000e+02 1.20000000e+01
2.87635379e+03 1.00000558e+00 2.00000000e-04 -7.83430742e-02 6.63000000e+02 1.20000000e+01
2.87637296e+03 1.00000835e+00 2.00000000e-04 -7.41757538e-02 1.03700000e+03 1.20000000e+01
2.87639663e+03 1.00008892e+00 2.00000000e-04 -6.90296132e-02 1.02600000e+03 1.20000000e+01
2.87642024e+03 1.00002220e+00 2.00000000e-04 -6.38959776e-02 1.03200000e+03 1.20000000e+01
2.87644358e+03 9.99922734e-01 2.00000000e-04 -5.88205332e-02 1.03500000e+03 1.20000000e+01
2.87646717e+03 9.99780209e-01 2.00000000e-04 -5.36917641e-02 1.02100000e+03 1.20000000e+01
2.87649070e+03 9.99684049e-01 2.00000000e-04 -4.85757617e-02 1.02200000e+03 1.20000000e+01
2.87651423e+03 9.99418348e-01 2.00000000e-04 -4.34598602e-02 1.02000000e+03 1.20000000e+01
2.87653766e+03 9.99242659e-01 2.00000000e-04 -3.83646041e-02 1.01500000e+03 1.20000000e+01
2.87656125e+03 9.99025525e-01 2.00000000e-04 -3.32364079e-02 9.81000000e+02 1.20000000e+01
2.87658483e+03 9.98739569e-01 2.00000000e-04 -2.81093827e-02 9.77000000e+02 1.20000000e+01
2.87660831e+03 9.98508803e-01 2.00000000e-04 -2.30034486e-02 9.79000000e+02 1.20000000e+01
2.87663178e+03 9.98360856e-01 2.00000000e-04 -1.79020554e-02 9.79000000e+02 1.20000000e+01
2.87665536e+03 9.98140202e-01 2.00000000e-04 -1.27753699e-02 9.83000000e+02 1.20000000e+01
2.87667884e+03 9.97986582e-01 2.00000000e-04 -7.66895015e-03 9.98000000e+02 1.20000000e+01
2.87670235e+03 9.97930000e-01 2.00000000e-04 -2.55693446e-03 9.91000000e+02 1.20000000e+01
2.87672579e+03 9.97943558e-01 2.00000000e-04 2.53930291e-03 9.78000000e+02 1.20000000e+01
2.87674940e+03 9.98066417e-01 2.00000000e-04 7.67293799e-03 9.92000000e+02 1.20000000e+01
2.87677287e+03 9.98151345e-01 2.00000000e-04 1.27741128e-02 1.01400000e+03 1.20000000e+01
2.87679649e+03 9.98344272e-01 2.00000000e-04 1.79112328e-02 1.01500000e+03 1.20000000e+01
2.87681993e+03 9.98612535e-01 2.00000000e-04 2.30061192e-02 1.02900000e+03 1.20000000e+01
2.87684342e+03 9.98828349e-01 2.00000000e-04 2.81141282e-02 1.01700000e+03 1.20000000e+01
2.87686697e+03 9.99029238e-01 2.00000000e-04 3.32343520e-02 1.00700000e+03 1.20000000e+01
2.87689053e+03 9.99287016e-01 2.00000000e-04 3.83573168e-02 1.01600000e+03 1.20000000e+01
2.87691406e+03 9.99531456e-01 2.00000000e-04 4.34741074e-02 1.01200000e+03 1.20000000e+01
2.87693747e+03 9.99678187e-01 2.00000000e-04 4.85635460e-02 1.01400000e+03 1.20000000e+01
2.87696110e+03 9.99876568e-01 2.00000000e-04 5.37007995e-02 1.02400000e+03 1.20000000e+01
2.87698446e+03 1.00002498e+00 2.00000000e-04 5.87797470e-02 1.02600000e+03 1.20000000e+01
2.87700806e+03 1.00008123e+00 2.00000000e-04 6.39101370e-02 1.02600000e+03 1.20000000e+01
2.87703167e+03 1.00006775e+00 2.00000000e-04 6.90438183e-02 1.02400000e+03 1.20000000e+01
2.87705512e+03 1.00014322e+00 2.00000000e-04 7.41428968e-02 1.03000000e+03 1.20000000e+01
2.87707445e+03 1.00010574e+00 2.00000000e-04 7.83464555e-02 6.64000000e+02 1.20000000e+01
2.87709346e+03 1.00014231e+00 2.00000000e-04 8.24801278e-02 9.88000000e+02 1.20000000e+01
2.87711640e+03 1.00011670e+00 2.00000000e-04 8.74675362e-02 9.98000000e+02 1.20000000e+01
2.87713952e+03 1.00015634e+00 2.00000000e-04 9.24935716e-02 9.99000000e+02 1.20000000e+01
2.87716254e+03 1.00012391e+00 2.00000000e-04 9.74977953e-02 9.97000000e+02 1.20000000e+01
2.87718566e+03 1.00008798e+00 2.00000000e-04 1.02526132e-01 9.97000000e+02 1.20000000e+01
2.87720859e+03 1.00010016e+00 2.00000000e-04 1.07512272e-01 9.95000000e+02 1.20000000e+01
2.87723158e+03 1.00003773e+00 2.00000000e-04 1.12510019e-01 9.76000000e+02 1.20000000e+01
2.87725453e+03 1.00006019e+00 2.00000000e-04 1.17498792e-01 9.81000000e+02 1.20000000e+01
2.87727751e+03 1.00014938e+00 2.00000000e-04 1.22495538e-01 9.77000000e+02 1.20000000e+01
2.87730041e+03 1.00011198e+00 2.00000000e-04 1.27476176e-01 9.73000000e+02 1.20000000e+01
2.87732335e+03 1.00012233e+00 2.00000000e-04 1.32462448e-01 9.75000000e+02 1.20000000e+01
2.87734653e+03 1.00024260e+00 2.00000000e-04 1.37502664e-01 9.77000000e+02 1.20000000e+01
2.87736956e+03 1.00012721e+00 2.00000000e-04 1.42510991e-01 9.60000000e+02 1.20000000e+01
2.87739261e+03 1.00016572e+00 2.00000000e-04 1.47521193e-01 9.62000000e+02 1.20000000e+01
2.87741554e+03 1.00012358e+00 2.00000000e-04 1.52506188e-01 9.42000000e+02 1.20000000e+01
2.87743855e+03 1.00016453e+00 2.00000000e-04 1.57511237e-01 9.54000000e+02 1.20000000e+01
2.87746150e+03 1.00016086e+00 2.00000000e-04 1.62500058e-01 9.56000000e+02 1.20000000e+01
2.87748445e+03 1.00019165e+00 2.00000000e-04 1.67491010e-01 9.55000000e+02 1.20000000e+01
2.87750742e+03 1.00016995e+00 2.00000000e-04 1.72484443e-01 9.63000000e+02 1.20000000e+01
2.87753039e+03 1.00020337e+00 2.00000000e-04 1.77478263e-01 9.52000000e+02 1.20000000e+01
2.87755353e+03 1.00013087e+00 2.00000000e-04 1.82510263e-01 9.50000000e+02 1.20000000e+01
2.87757663e+03 1.00023516e+00 2.00000000e-04 1.87532440e-01 9.61000000e+02 1.20000000e+01
2.87759958e+03 1.00019776e+00 2.00000000e-04 1.92522090e-01 9.71000000e+02 1.20000000e+01
2.87762253e+03 1.00018879e+00 2.00000000e-04 1.97510963e-01 9.64000000e+02 1.20000000e+01
2.87764544e+03 1.00015273e+00 2.00000000e-04 2.02494208e-01 9.67000000e+02 1.20000000e+01
2.87766839e+03 1.00028376e+00 2.00000000e-04 2.07483103e-01 9.49000000e+02 1.20000000e+01
2.87769140e+03 1.00021432e+00 2.00000000e-04 2.12486571e-01 9.33000000e+02 1.20000000e+01
2.87771449e+03 1.00020979e+00 2.00000000e-04 2.17505783e-01 9.39000000e+02 1.20000000e+01
2.87773742e+03 1.00021697e+00 2.00000000e-04 2.22491918e-01 9.52000000e+02 1.20000000e+01
2.87776063e+03 1.00021496e+00 2.00000000e-04 2.27538335e-01 9.65000000e+02 1.20000000e+01
2.87778352e+03 1.00024022e+00 2.00000000e-04 2.32514425e-01 9.71000000e+02 1.20000000e+01
2.87780654e+03 1.00022166e+00 2.00000000e-04 2.37519276e-01 9.67000000e+02 1.20000000e+01
2.87782947e+03 1.00028582e+00 2.00000000e-04 2.42506500e-01 9.66000000e+02 1.20000000e+01
2.87785237e+03 1.00030554e+00 2.00000000e-04 2.47485537e-01 9.49000000e+02 1.20000000e+01
2.87787539e+03 1.00024156e+00 2.00000000e-04 2.52489822e-01 9.36000000e+02 1.20000000e+01
2.87789833e+03 1.00032892e+00 2.00000000e-04 2.57478130e-01 9.27000000e+02 1.20000000e+01
2.87792142e+03 1.00026382e+00 2.00000000e-04 2.62498000e-01 9.24000000e+02 1.20000000e+01
2.87794439e+03 1.00034034e+00 2.00000000e-04 2.67491450e-01 9.35000000e+02 1.20000000e+01
2.87796759e+03 1.00021870e+00 2.00000000e-04 2.72537263e-01 9.34000000e+02 1.20000000e+01
2.87799057e+03 1.00026410e+00 2.00000000e-04 2.77532009e-01 9.37000000e+02 1.20000000e+01
2.87801346e+03 1.00023867e+00 2.00000000e-04 2.82509723e-01 9.26000000e+02 1.20000000e+01
2.87803644e+03 1.00021453e+00 2.00000000e-04 2.87506086e-01 9.22000000e+02 1.20000000e+01
2.87805945e+03 1.00022944e+00 2.00000000e-04 2.92509196e-01 9.33000000e+02 1.20000000e+01
2.87808234e+03 1.00023665e+00 2.00000000e-04 2.97485569e-01 9.27000000e+02 1.20000000e+01
2.87810529e+03 1.00023579e+00 2.00000000e-04 3.02474927e-01 9.20000000e+02 1.20000000e+01
2.87812835e+03 1.00024938e+00 2.00000000e-04 3.07488657e-01 9.33000000e+02 1.20000000e+01
2.87815143e+03 1.00025392e+00 2.00000000e-04 3.12508681e-01 9.34000000e+02 1.20000000e+01
2.87817441e+03 1.00029184e+00 2.00000000e-04 3.17504483e-01 9.37000000e+02 1.20000000e+01
2.87819745e+03 1.00028942e+00 2.00000000e-04 3.22514729e-01 9.29000000e+02 1.20000000e+01
2.87822047e+03 1.00029183e+00 2.00000000e-04 3.27519302e-01 9.34000000e+02 1.20000000e+01
2.87824339e+03 1.00022088e+00 2.00000000e-04 3.32501510e-01 9.38000000e+02 1.20000000e+01
2.87826639e+03 1.00019937e+00 2.00000000e-04 3.37502584e-01 9.43000000e+02 1.20000000e+01
2.87828929e+03 1.00024749e+00 2.00000000e-04 3.42482215e-01 9.34000000e+02 1.20000000e+01
2.87831231e+03 1.00022084e+00 2.00000000e-04 3.47486193e-01 9.25000000e+02 1.20000000e+01
2.87833534e+03 1.00028922e+00 2.00000000e-04 3.52494343e-01 9.28000000e+02 1.20000000e+01
2.87835845e+03 1.00023858e+00 2.00000000e-04 3.57518527e-01 9.26000000e+02 1.20000000e+01
2.87838153e+03 1.00027443e+00 2.00000000e-04 3.62536840e-01 9.23000000e+02 1.20000000e+01
2.87840444e+03 1.00028963e+00 2.00000000e-04 3.67519435e-01 9.24000000e+02 1.20000000e+01
2.87842738e+03 1.00021410e+00 2.00000000e-04 3.72506085e-01 9.36000000e+02 1.20000000e+01
2.87845035e+03 1.00022728e+00 2.00000000e-04 3.77500294e-01 9.33000000e+02 1.20000000e+01
2.87847330e+03 1.00022061e+00 2.00000000e-04 3.82489565e-01 9.32000000e+02 1.20000000e+01
2.87849622e+03 1.00018720e+00 2.00000000e-04 3.87474512e-01 9.45000000e+02 1.20000000e+01
2.87851917e+03 1.00018367e+00 2.00000000e-04 3.92463969e-01 9.48000000e+02 1.20000000e+01
2.87854241e+03 1.00020879e+00 2.00000000e-04 3.97516227e-01 9.52000000e+02 1.20000000e+01
2.87856534e+03 1.00018879e+00 2.00000000e-04 4.02502901e-01 9.59000000e+02 1.20000000e+01
2.87858842e+03 1.00016612e+00 2.00000000e-04 4.07521285e-01 9.64000000e+02 1.20000000e+01
2.87861137e+03 1.00008714e+00 2.00000000e-04 4.12510099e-01 9.59000000e+02 1.20000000e+01
2.87863439e+03 1.00015105e+00 2.00000000e-04 4.17515939e-01 9.61000000e+02 1.20000000e+01
2.87865732e+03 1.00007160e+00 2.00000000e-04 4.22499880e-01 9.60000000e+02 1.20000000e+01
2.87868024e+03 1.00006999e+00 2.00000000e-04 4.27484379e-01 9.61000000e+02 1.20000000e+01
2.87869878e+03 9.99999169e-01 2.00000000e-04 4.31516111e-01 5.78000000e+02 1.20000000e+01
2.87871663e+03 9.99976306e-01 2.00000000e-04 4.35396164e-01 9.24000000e+02 1.20000000e+01
2.87873857e+03 9.99977565e-01 2.00000000e-04 4.40165721e-01 8.94000000e+02 1.20000000e+01
2.87876068e+03 9.99997922e-01 2.00000000e-04 4.44973541e-01 9.17000000e+02 1.20000000e+01
2.87878239e+03 1.00000275e+00 2.00000000e-04 4.49694868e-01 9.20000000e+02 1.20000000e+01
2.87880440e+03 9.99967209e-01 2.00000000e-04 4.54479581e-01 9.22000000e+02 1.20000000e+01
2.87882620e+03 9.99870747e-01 2.00000000e-04 4.59218723e-01 9.22000000e+02 1.20000000e+01
2.87884819e+03 9.99975631e-01 2.00000000e-04 4.64000650e-01 9.00000000e+02 1.20000000e+01
2.87887011e+03 9.99902708e-01 2.00000000e-04 4.68765688e-01 8.99000000e+02 1.20000000e+01
2.87889199e+03 9.99900905e-01 2.00000000e-04 4.73523605e-01 8.93000000e+02 1.20000000e+01
2.87891395e+03 9.99830766e-01 2.00000000e-04 4.78297893e-01 9.01000000e+02 1.20000000e+01
2.87893588e+03 9.99816797e-01 2.00000000e-04 4.83067466e-01 9.01000000e+02 1.20000000e+01
2.87895790e+03 9.99763276e-01 2.00000000e-04 4.87854956e-01 9.13000000e+02 1.20000000e+01
2.87897963e+03 9.99713228e-01 2.00000000e-04 4.92578968e-01 9.05000000e+02 1.20000000e+01
2.87900164e+03 9.99750589e-01 2.00000000e-04 4.97364191e-01 8.88000000e+02 1.20000000e+01
2.87902357e+03 9.99678721e-01 2.00000000e-04 5.02133096e-01 8.78000000e+02 1.20000000e+01
2.87904551e+03 9.99737127e-01 2.00000000e-04 5.06903155e-01 8.84000000e+02 1.20000000e+01
2.87906732e+03 9.99753704e-01 2.00000000e-04 5.11645667e-01 8.81000000e+02 1.20000000e+01
2.87908931e+03 9.99798664e-01 2.00000000e-04 5.16426450e-01 8.86000000e+02 1.20000000e+01
2.87911131e+03 9.99705471e-01 2.00000000e-04 5.21208908e-01 8.96000000e+02 1.20000000e+01
2.87913310e+03 9.99782514e-01 2.00000000e-04 5.25947341e-01 8.94000000e+02 1.20000000e+01
2.87915514e+03 9.99748268e-01 2.00000000e-04 5.30738430e-01 8.74000000e+02 1.20000000e+01
2.87917706e+03 9.99871514e-01 2.00000000e-04 5.35505526e-01 8.88000000e+02 1.20000000e+01
2.87919897e+03 9.99824122e-01 2.00000000e-04 5.40269965e-01 8.87000000e+02 1.20000000e+01
2.87922088e+03 9.99843363e-01 2.00000000e-04 5.45031767e-01 8.88000000e+02 1.20000000e+01
2.87924280e+03 9.99911573e-01 2.00000000e-04 5.49798253e-01 8.78000000e+02 1.20000000e+01
2.87926472e+03 9.99942361e-01 2.00000000e-04 5.54565025e-01 8.81000000e+02 1.20000000e+01
2.87928666e+03 1.00000821e+00 2.00000000e-04 5.59334932e-01 8.91000000e+02 1.20000000e+01
2.87930858e+03 1.00003198e+00 2.00000000e-04 5.64101694e-01 8.96000000e+02 1.20000000e+01
2.87933059e+03 9.99961412e-01 2.00000000e-04 5.68886992e-01 8.98000000e+02 1.20000000e+01
2.87935245e+03 1.00003111e+00 2.00000000e-04 5.73639988e-01 8.93000000e+02 1.20000000e+01
2.87937246e+03 1.00004135e+00 2.00000000e-04 5.77989777e-01 7.45000000e+02 1.20000000e+01
2.87939329e+03 1.00005608e+00 2.00000000e-04 5.82519405e-01 9.31000000e+02 1.20000000e+01
2.87941631e+03 9.99952316e-01 2.00000000e-04 5.87523375e-01 9.50000000e+02 1.20000000e+01
2.87943921e+03 1.00000915e+00 2.00000000e-04 5.92503913e-01 9.54000000e+02 1.20000000e+01
2.87946218e+03 9.99980600e-01 2.00000000e-04 5.97497146e-01 9.52000000e+02 1.20000000e+01
2.87948512e+03 1.00005496e+00 2.00000000e-04 6.02485156e-01 9.49000000e+02 1.20000000e+01
2.87950812e+03 1.00002634e+00 2.00000000e-04 6.07486010e-01 9.51000000e+02 1.20000000e+01
2.87953125e+03 9.99991745e-01 2.00000000e-04 6.12515174e-01 9.50000000e+02 1.20000000e+01
2.87955414e+03 9.99933739e-01 2.00000000e-04 6.17490567e-01 9.29000000e+02 1.20000000e+01
2.87957726e+03 9.99993213e-01 2.00000000e-04 6.22519573e-01 9.14000000e+02 1.20000000e+01
2.87960021e+03 1.00000286e+00 2.00000000e-04 6.27508174e-01 9.20000000e+02 1.20000000e+01
2.87962321e+03 9.99960946e-01 2.00000000e-04 6.32509482e-01 9.14000000e+02 1.20000000e+01
2.87964613e+03 9.99984609e-01 2.00000000e-04 6.37493607e-01 9.23000000e+02 1.20000000e+01
2.87966917e+03 1.00003531e+00 2.00000000e-04 6.42501347e-01 9.05000000e+02 1.20000000e+01
2.87969208e+03 9.99995464e-01 2.00000000e-04 6.47484196e-01 9.22000000e+02 1.20000000e+01
2.87971507e+03 1.00009108e+00 2.00000000e-04 6.52481893e-01 9.24000000e+02 1.20000000e+01
2.87973825e+03 1.00007032e+00 2.00000000e-04 6.57522193e-01 9.36000000e+02 1.20000000e+01
2.87976130e+03 1.00007214e+00 2.00000000e-04 6.62532884e-01 9.32000000e+02 1.20000000e+01
2.87978430e+03 1.00003491e+00 2.00000000e-04 6.67534454e-01 9.48000000e+02 1.20000000e+01
2.87980718e+03 1.00002914e+00 2.00000000e-04 6.72508009e-01 9.53000000e+02 1.20000000e+01
2.87983013e+03 1.00013525e+00 2.00000000e-04 6.77498779e-01 9.42000000e+02 1.20000000e+01
2.87985310e+03 1.00007717e+00 2.00000000e-04 6.82493209e-01 9.41000000e+02 1.20000000e+01
2.87987613e+03 1.00009816e+00 2.00000000e-04 6.87501276e-01 9.38000000e+02 1.20000000e+01
2.87989899e+03 1.00003350e+00 2.00000000e-04 6.92471137e-01 9.46000000e+02 1.20000000e+01
2.87992204e+03 1.00004241e+00 2.00000000e-04 6.97483255e-01 9.26000000e+02 1.20000000e+01
2.87994506e+03 1.00010125e+00 2.00000000e-04 7.02486238e-01 9.42000000e+02 1.20000000e+01
2.87996810e+03 1.00007656e+00 2.00000000e-04 7.07497178e-01 9.47000000e+02 1.20000000e+01
2.87999116e+03 1.00009253e+00 2.00000000e-04 7.12509803e-01 9.42000000e+02 1.20000000e+01
2.88001414e+03 1.00003434e+00 2.00000000e-04 7.17506515e-01 9.31000000e+02 1.20000000e+01
2.88003727e+03 1.00003954e+00 2.00000000e-04 7.22536416e-01 9.41000000e+02 1.20000000e+01
2.88006000e+03 1.00008219e+00 2.00000000e-04 7.27477576e-01 9.32000000e+02 1.20000000e+01
2.88008306e+03 1.00002364e+00 2.00000000e-04 7.32491050e-01 9.27000000e+02 1.20000000e+01
2.88010599e+03 1.00002034e+00 2.00000000e-04 7.37477098e-01 9.19000000e+02 1.20000000e+01
2.88012907e+03 1.00007050e+00 2.00000000e-04 7.42496427e-01 9.42000000e+02 1.20000000e+01
2.88015210e+03 1.00006519e+00 2.00000000e-04 7.47503402e-01 9.43000000e+02 1.20000000e+01
2.88017522e+03 1.00007352e+00 2.00000000e-04 7.52530192e-01 9.52000000e+02 1.20000000e+01
2.88019820e+03 1.00006709e+00 2.00000000e-04 7.57525838e-01 9.58000000e+02 1.20000000e+01
2.88022090e+03 1.00012450e+00 2.00000000e-04 7.62462058e-01 9.57000000e+02 1.20000000e+01
2.88024414e+03 1.00004827e+00 2.00000000e-04 7.67514481e-01 9.44000000e+02 1.20000000e+01
2.88026705e+03 1.00006798e+00 2.00000000e-04 7.72495529e-01 9.58000000e+02 1.20000000e+01
2.88029003e+03 1.00005532e+00 2.00000000e-04 7.77491637e-01 9.76000000e+02 1.20000000e+01
2.88031293e+03 1.00009460e+00 2.00000000e-04 7.82470912e-01 9.74000000e+02 1.20000000e+01
2.88033602e+03 1.00002374e+00 2.00000000e-04 7.87492478e-01 9.77000000e+02 1.20000000e+01
2.88035914e+03 1.00005549e+00 2.00000000e-04 7.92519127e-01 9.77000000e+02 1.20000000e+01
2.88038217e+03 1.00010061e+00 2.00000000e-04 7.97525021e-01 9.78000000e+02 1.20000000e+01
