# Time Flux Flux_Err Phase N NSector
3.03303158e+03 1.00206219e+00 3.08140842e-03 -1.97461348e-01 2.54000000e+02 8.00000000e+00
3.03304240e+03 1.00222439e+00 3.08140842e-03 -1.92532071e-01 2.67000000e+02 8.00000000e+00
3.03305324e+03 1.00215140e+00 3.08140842e-03 -1.87593172e-01 2.64000000e+02 8.00000000e+00
3.03306449e+03 1.00217906e+00 3.08140842e-03 -1.82464941e-01 2.67000000e+02 8.00000000e+00
3.03307546e+03 1.00188174e+00 3.08140842e-03 -1.77470577e-01 2.70000000e+02 8.00000000e+00
3.03308634e+03 1.00144301e+00 3.08140842e-03 -1.72512008e-01 2.74000000e+02 8.00000000e+00
3.03309747e+03 1.00123409e+00 3.08140842e-03 -1.67442667e-01 2.72000000e+02 8.00000000e+00
3.03310816e+03 1.00162281e+00 3.08140842e-03 -1.62571309e-01 2.75000000e+02 8.00000000e+00
3.03311934e+03 1.00061948e+00 3.08140842e-03 -1.57482214e-01 2.75000000e+02 8.00000000e+00
3.03313025e+03 1.00149745e+00 3.08140842e-03 -1.52511265e-01 2.74000000e+02 8.00000000e+00
3.03314131e+03 1.00047789e+00 3.08140842e-03 -1.47473282e-01 2.70000000e+02 8.00000000e+00
3.03315233e+03 1.00115064e+00 3.08140842e-03 -1.42450414e-01 2.68000000e+02 8.00000000e+00
3.03316321e+03 1.00033496e+00 3.08140842e-03 -1.37493167e-01 2.69000000e+02 8.00000000e+00
3.03317417e+03 1.00126565e+00 3.08140842e-03 -1.32500343e-01 2.75000000e+02 8.00000000e+00
3.03318514e+03 1.00154081e+00 3.58947232e-03 -1.27504330e-01 2.78000000e+02 8.00000000e+00
3.03319092e+03 9.96408633e-01 3.08140842e-03 -1.24874145e-01 8.00000000e+00 1.00000000e+00
3.03320020e+03 1.00209787e+00 3.84997809e-03 -1.20642830e-01 4.47000000e+02 8.00000000e+00
3.03321848e+03 1.00157997e+00 4.51664232e-03 -1.12317276e-01 4.49000000e+02 8.00000000e+00
3.03323663e+03 1.00153575e+00 5.12057175e-03 -1.04050714e-01 4.32000000e+02 8.00000000e+00
3.03325518e+03 9.99073989e-01 5.99907134e-03 -9.55973663e-02 4.31000000e+02 8.00000000e+00
3.03327321e+03 9.92287195e-01 7.38029303e-03 -8.73850479e-02 4.61000000e+02 8.00000000e+00
3.03329147e+03 9.83062146e-01 8.12571721e-03 -7.90645743e-02 4.49000000e+02 8.00000000e+00
3.03330986e+03 9.78059783e-01 8.91528087e-03 -7.06867726e-02 4.39000000e+02 8.00000000e+00
3.03332807e+03 9.77233803e-01 9.18597844e-03 -6.23944621e-02 4.50000000e+02 8.00000000e+00
3.03334638e+03 9.77013104e-01 9.65360962e-03 -5.40504497e-02 4.38000000e+02 8.00000000e+00
3.03336458e+03 9.77137382e-01 1.00941192e-02 -4.57609462e-02 4.44000000e+02 8.00000000e+00
3.03338292e+03 9.77218007e-01 1.03463735e-02 -3.74065579e-02 4.45000000e+02 8.00000000e+00
3.03340107e+03 9.77342658e-01 1.06756285e-02 -2.91387382e-02 4.43000000e+02 8.00000000e+00
3.03341932e+03 9.77575582e-01 1.09893972e-02 -2.08262111e-02 4.47000000e+02 8.00000000e+00
3.03343754e+03 9.77743830e-01 1.10683487e-02 -1.25217654e-02 4.47000000e+02 8.00000000e+00
3.03345586e+03 9.77876858e-01 1.11834508e-02 -4.17956462e-03 4.39000000e+02 8.00000000e+00
3.03347421e+03 9.77406653e-01 1.11308561e-02 4.18332816e-03 4.43000000e+02 8.00000000e+00
3.03349246e+03 9.76813602e-01 1.09522940e-02 1.24965731e-02 4.46000000e+02 8.00000000e+00
3.03351073e+03 9.76524410e-01 1.06076259e-02 2.08186316e-02 4.41000000e+02 8.00000000e+00
3.03352888e+03 9.75967341e-01 1.02201726e-02 2.90877531e-02 4.41000000e+02 8.00000000e+00
3.03354711e+03 9.77405227e-01 9.62976008e-03 3.73908945e-02 4.39000000e+02 8.00000000e+00
3.03356551e+03 9.76838300e-01 9.06109265e-03 4.57712392e-02 4.41000000e+02 8.00000000e+00
3.03358368e+03 9.76075770e-01 8.67289293e-03 5.40509891e-02 4.28000000e+02 8.00000000e+00
3.03360202e+03 9.78455479e-01 8.45151954e-03 6.24068065e-02 4.18000000e+02 8.00000000e+00
3.03362023e+03 9.83484395e-01 7.38909273e-03 7.07002918e-02 4.36000000e+02 8.00000000e+00
3.03363846e+03 9.92359194e-01 6.58339568e-03 7.90048853e-02 4.36000000e+02 8.00000000e+00
3.03365668e+03 9.98963621e-01 5.38629789e-03 8.73044170e-02 4.18000000e+02 8.00000000e+00
3.03367529e+03 1.00061254e+00 4.61724972e-03 9.57844554e-02 4.06000000e+02 8.00000000e+00
3.03369342e+03 1.00142537e+00 4.12719152e-03 1.04043323e-01 4.16000000e+02 8.00000000e+00
3.03371150e+03 1.00050237e+00 3.52494284e-03 1.12279145e-01 4.26000000e+02 8.00000000e+00
3.03372987e+03 1.00148522e+00 3.12497374e-03 1.20647173e-01 4.23000000e+02 8.00000000e+00
3.03373916e+03 9.97236477e-01 3.08140842e-03 1.24878907e-01 1.10000000e+01 1.00000000e+00
3.03374516e+03 1.00121232e+00 3.08140842e-03 1.27611906e-01 2.57000000e+02 8.00000000e+00
3.03375577e+03 1.00127209e+00 3.08140842e-03 1.32444604e-01 2.57000000e+02 8.00000000e+00
3.03376684e+03 1.00156302e+00 3.08140842e-03 1.37487283e-01 2.58000000e+02 8.00000000e+00
3.03377795e+03 1.00088434e+00 3.08140842e-03 1.42550684e-01 2.52000000e+02 8.00000000e+00
3.03378879e+03 1.00185253e+00 3.08140842e-03 1.47486530e-01 2.54000000e+02 8.00000000e+00
3.03379972e+03 1.00172833e+00 3.08140842e-03 1.52469367e-01 2.53000000e+02 8.00000000e+00
3.03381074e+03 1.00170275e+00 3.08140842e-03 1.57488944e-01 2.61000000e+02 8.00000000e+00
3.03382171e+03 1.00249679e+00 3.08140842e-03 1.62486851e-01 2.53000000e+02 8.00000000e+00
3.03383250e+03 1.00270269e+00 3.08140842e-03 1.67399218e-01 2.57000000e+02 8.00000000e+00
3.03384357e+03 1.00251637e+00 3.08140842e-03 1.72445276e-01 2.54000000e+02 8.00000000e+00
3.03385468e+03 1.00225191e+00 3.08140842e-03 1.77504557e-01 2.54000000e+02 8.00000000e+00
3.03386569e+03 1.00254533e+00 3.08140842e-03 1.82519919e-01 2.47000000e+02 8.00000000e+00
3.03387655e+03 1.00330412e+00 3.08140842e-03 1.87468416e-01 2.51000000e+02 8.00000000e+00
3.03388764e+03 1.00369090e+00 3.08140842e-03 1.92519379e-01 2.48000000e+02 8.00000000e+00
3.03389861e+03 1.00324754e+00 3.08140842e-03 1.97517326e-01 2.47000000e+02 8.00000000e+00
3.03390958e+03 1.00275346e+00 3.08140842e-03 2.02516622e-01 2.54000000e+02 8.00000000e+00
3.03392045e+03 1.00374556e+00 3.08140842e-03 2.07468358e-01 2.53000000e+02 8.00000000e+00
3.03393159e+03 1.00401253e+00 3.08140842e-03 2.12539361e-01 2.49000000e+02 8.00000000e+00
3.03394260e+03 1.00458697e+00 3.08140842e-03 2.17555071e-01 2.54000000e+02 8.00000000e+00
3.03395354e+03 1.00450741e+00 3.21108423e-03 2.22538722e-01 2.45000000e+02 8.00000000e+00
3.03396438e+03 1.00504813e+00 3.08140842e-03 2.27479271e-01 2.59000000e+02 8.00000000e+00
3.03397538e+03 1.00528735e+00 3.55223717e-03 2.32488549e-01 2.45000000e+02 8.00000000e+00
3.03398647e+03 1.00554989e+00 3.29623458e-03 2.37543906e-01 2.47000000e+02 8.00000000e+00
3.03399725e+03 1.00494973e+00 3.60045789e-03 2.42454407e-01 2.47000000e+02 8.00000000e+00
3.03400834e+03 1.00501301e+00 3.71889026e-03 2.47502692e-01 2.46000000e+02 8.00000000e+00
3.03401921e+03 1.00496897e+00 3.61837777e-03 2.52458573e-01 2.50000000e+02 8.00000000e+00
3.03403014e+03 1.00460330e+00 3.57105775e-03 2.57436522e-01 2.40000000e+02 8.00000000e+00
3.03404116e+03 1.00544224e+00 3.54561866e-03 2.62455909e-01 2.49000000e+02 8.00000000e+00
3.03405220e+03 1.00505014e+00 3.71451139e-03 2.67484806e-01 2.45000000e+02 8.00000000e+00
3.03406336e+03 1.00469954e+00 3.52874804e-03 2.72567198e-01 2.50000000e+02 8.00000000e+00
3.03407412e+03 1.00492594e+00 3.37252630e-03 2.77471687e-01 2.45000000e+02 8.00000000e+00
3.03408522e+03 1.00508005e+00 3.70623264e-03 2.82525848e-01 2.41000000e+02 8.00000000e+00
3.03409602e+03 1.00511760e+00 3.40908317e-03 2.87446244e-01 2.42000000e+02 8.00000000e+00
3.03410696e+03 1.00488954e+00 3.27454131e-03 2.92429523e-01 2.45000000e+02 8.00000000e+00
3.03411825e+03 1.00495898e+00 3.09744795e-03 2.97573743e-01 2.45000000e+02 8.00000000e+00
3.03412912e+03 1.00491282e+00 3.08140842e-03 3.02526709e-01 2.41000000e+02 8.00000000e+00
3.03413996e+03 1.00469491e+00 3.08140842e-03 3.07462284e-01 2.48000000e+02 8.00000000e+00
3.03414850e+03 1.00439172e+00 3.08140842e-03 3.11354799e-01 1.37000000e+02 8.00000000e+00
3.03416509e+03 1.00457218e+00 3.08140842e-03 3.18910936e-01 6.27000000e+02 8.00000000e+00
3.03419260e+03 1.00461220e+00 3.08140842e-03 3.31445896e-01 6.26000000e+02 8.00000000e+00
3.03421980e+03 1.00465752e+00 3.08140842e-03 3.43835779e-01 6.36000000e+02 8.00000000e+00
3.03424718e+03 1.00417481e+00 3.08140842e-03 3.56309321e-01 6.39000000e+02 8.00000000e+00
3.03427478e+03 1.00420735e+00 3.08140842e-03 3.68879384e-01 6.38000000e+02 8.00000000e+00
3.03430206e+03 1.00442333e+00 3.08140842e-03 3.81309516e-01 6.50000000e+02 8.00000000e+00
3.03432922e+03 1.00458515e+00 3.08140842e-03 3.93681838e-01 6.42000000e+02 8.00000000e+00
3.03435696e+03 1.00171635e+00 3.08140842e-03 4.06319920e-01 6.49000000e+02 8.00000000e+00
3.03438407e+03 9.94641125e-01 3.08140842e-03 4.18668599e-01 6.46000000e+02 8.00000000e+00
3.03441166e+03 9.91385729e-01 3.08140842e-03 4.31235626e-01 6.30000000e+02 8.00000000e+00
3.03443886e+03 9.92033939e-01 3.08140842e-03 4.43626833e-01 6.30000000e+02 8.00000000e+00
3.03446642e+03 9.92006838e-01 3.08140842e-03 4.56185389e-01 6.39000000e+02 8.00000000e+00
3.03449377e+03 9.91759645e-01 3.31952366e-03 4.68643900e-01 6.43000000e+02 8.00000000e+00
3.03452124e+03 9.91722511e-01 3.55526340e-03 4.81155523e-01 6.35000000e+02 8.00000000e+00
3.03454846e+03 9.92199193e-01 3.67835492e-03 4.93559116e-01 6.40000000e+02 8.00000000e+00
3.03457606e+03 9.92295850e-01 4.12939449e-03 5.06129426e-01 6.45000000e+02 8.00000000e+00
3.03460348e+03 9.91881669e-01 3.52287124e-03 5.18621203e-01 6.58000000e+02 8.00000000e+00
3.03463079e+03 9.92115841e-01 3.33278432e-03 5.31061698e-01 6.60000000e+02 8.00000000e+00
3.03465804e+03 9.92073814e-01 3.10530868e-03 5.43474677e-01 6.62000000e+02 8.00000000e+00
3.03468551e+03 9.91532135e-01 3.08140842e-03 5.55991828e-01 6.56000000e+02 8.00000000e+00
3.03471297e+03 9.92669761e-01 3.08140842e-03 5.68498456e-01 6.60000000e+02 8.00000000e+00
3.03474030e+03 9.99546294e-01 3.08140842e-03 5.80949488e-01 6.68000000e+02 8.00000000e+00
3.03476776e+03 1.00412943e+00 3.08140842e-03 5.93459809e-01 6.54000000e+02 8.00000000e+00
3.03479518e+03 1.00463675e+00 3.08140842e-03 6.05949745e-01 6.61000000e+02 8.00000000e+00
3.03482250e+03 1.00437711e+00 3.08140842e-03 6.18395336e-01 6.61000000e+02 8.00000000e+00
3.03484992e+03 1.00434255e+00 3.08140842e-03 6.30887301e-01 6.63000000e+02 8.00000000e+00
3.03487727e+03 1.00379385e+00 3.08140842e-03 6.43348222e-01 6.57000000e+02 8.00000000e+00
3.03490476e+03 1.00419624e+00 3.08140842e-03 6.55869694e-01 6.51000000e+02 8.00000000e+00
3.03493209e+03 1.00475545e+00 3.08140842e-03 6.68320752e-01 6.48000000e+02 8.00000000e+00
3.03495943e+03 1.00503823e+00 3.08140842e-03 6.80775667e-01 6.42000000e+02 8.00000000e+00
3.03497638e+03 1.00481027e+00 3.08140842e-03 6.88494768e-01 1.53000000e+02 8.00000000e+00
3.03498513e+03 1.00475046e+00 3.16183188e-03 6.92482789e-01 2.67000000e+02 8.00000000e+00
3.03499621e+03 1.00506797e+00 3.08140842e-03 6.97528865e-01 2.61000000e+02 8.00000000e+00
3.03500717e+03 1.00536559e+00 3.13495785e-03 7.02521561e-01 2.66000000e+02 8.00000000e+00
3.03501802e+03 1.00524584e+00 3.22139090e-03 7.07464194e-01 2.58000000e+02 8.00000000e+00
3.03502893e+03 1.00538728e+00 3.56032549e-03 7.12436065e-01 2.59000000e+02 8.00000000e+00
3.03503998e+03 1.00521554e+00 3.26575940e-03 7.17469163e-01 2.64000000e+02 8.00000000e+00
3.03505110e+03 1.00517502e+00 3.38311522e-03 7.22534828e-01 2.55000000e+02 8.00000000e+00
3.03506192e+03 1.00542860e+00 3.27624249e-03 7.27466050e-01 2.60000000e+02 8.00000000e+00
3.03507281e+03 1.00468393e+00 3.45242620e-03 7.32423663e-01 2.57000000e+02 8.00000000e+00
3.03508407e+03 1.00500532e+00 3.26986706e-03 7.37553345e-01 2.64000000e+02 8.00000000e+00
3.03509497e+03 1.00456305e+00 3.70383749e-03 7.42520754e-01 2.57000000e+02 8.00000000e+00
3.03510599e+03 1.00479850e+00 3.45323540e-03 7.47540738e-01 2.55000000e+02 8.00000000e+00
3.03511689e+03 1.00503653e+00 3.50590857e-03 7.52506222e-01 2.66000000e+02 8.00000000e+00
3.03512786e+03 1.00551162e+00 3.16236535e-03 7.57502476e-01 2.63000000e+02 8.00000000e+00
3.03513885e+03 1.00440165e+00 3.36731200e-03 7.62509038e-01 2.61000000e+02 8.00000000e+00
3.03514984e+03 1.00400884e+00 3.44967295e-03 7.67517333e-01 2.60000000e+02 8.00000000e+00
3.03516085e+03 1.00324596e+00 3.13092600e-03 7.72530399e-01 2.62000000e+02 8.00000000e+00
3.03517182e+03 1.00331774e+00 3.08140842e-03 7.77528056e-01 2.64000000e+02 8.00000000e+00
3.03518279e+03 1.00318836e+00 3.08140842e-03 7.82525337e-01 2.59000000e+02 8.00000000e+00
3.03519354e+03 1.00329157e+00 3.08140842e-03 7.87425464e-01 2.64000000e+02 8.00000000e+00
3.03520470e+03 1.00239529e+00 3.08140842e-03 7.92508960e-01 2.60000000e+02 8.00000000e+00
3.03521573e+03 1.00201437e+00 3.08140842e-03 7.97533434e-01 2.63000000e+02 8.00000000e+00
