# Time Flux Flux_Err Phase N NSector
3.04437675e+03 1.00248456e+00 1.43293426e-03 -1.97527338e-01 2.19000000e+02 7.00000000e+00
3.04438788e+03 1.00133914e+00 1.43293426e-03 -1.92497085e-01 2.20000000e+02 7.00000000e+00
3.04439902e+03 1.00147515e+00 1.43293426e-03 -1.87465427e-01 2.18000000e+02 7.00000000e+00
3.04441004e+03 1.00200763e+00 1.43293426e-03 -1.82487867e-01 2.16000000e+02 7.00000000e+00
3.04442102e+03 1.00112296e+00 1.43293426e-03 -1.77527610e-01 2.21000000e+02 7.00000000e+00
3.04443199e+03 1.00044191e+00 1.43293426e-03 -1.72573832e-01 2.16000000e+02 7.00000000e+00
3.04444313e+03 1.00016906e+00 1.43293426e-03 -1.67539928e-01 2.21000000e+02 7.00000000e+00
3.04445419e+03 9.99316961e-01 1.43293426e-03 -1.62543832e-01 2.26000000e+02 7.00000000e+00
3.04446550e+03 1.00048126e+00 1.43293426e-03 -1.57434306e-01 2.17000000e+02 7.00000000e+00
3.04447642e+03 9.99995946e-01 1.43293426e-03 -1.52499365e-01 2.16000000e+02 7.00000000e+00
3.04448733e+03 1.00127408e+00 1.49572884e-03 -1.47569574e-01 2.19000000e+02 7.00000000e+00
3.04449861e+03 9.99810755e-01 1.43293426e-03 -1.42474246e-01 2.18000000e+02 7.00000000e+00
3.04450961e+03 9.98169380e-01 1.43293426e-03 -1.37506115e-01 2.21000000e+02 7.00000000e+00
3.04452070e+03 9.97889743e-01 1.43293426e-03 -1.32493556e-01 2.10000000e+02 7.00000000e+00
3.04453160e+03 9.99732106e-01 1.43293426e-03 -1.27570280e-01 2.16000000e+02 7.00000000e+00
3.04454272e+03 9.98971124e-01 1.43293426e-03 -1.22547082e-01 2.20000000e+02 7.00000000e+00
3.04455400e+03 1.00188061e+00 1.43293426e-03 -1.17452486e-01 2.14000000e+02 7.00000000e+00
3.04456510e+03 9.98563174e-01 1.84352627e-03 -1.12438650e-01 2.17000000e+02 7.00000000e+00
3.04457611e+03 1.00078988e+00 1.43293426e-03 -1.07463903e-01 2.10000000e+02 7.00000000e+00
3.04458708e+03 9.98437324e-01 1.97612443e-03 -1.02507698e-01 2.14000000e+02 7.00000000e+00
3.04459815e+03 1.00054398e+00 1.69511957e-03 -9.75067985e-02 2.22000000e+02 7.00000000e+00
3.04460935e+03 1.00023976e+00 3.26386919e-03 -9.24454312e-02 2.19000000e+02 7.00000000e+00
3.04462013e+03 9.99093768e-01 1.43293426e-03 -8.75757024e-02 2.13000000e+02 7.00000000e+00
3.04463123e+03 1.00084967e+00 1.43293426e-03 -8.25613731e-02 2.23000000e+02 7.00000000e+00
3.04464246e+03 9.99653108e-01 1.72677987e-03 -7.74875453e-02 2.16000000e+02 7.00000000e+00
3.04464898e+03 9.98130889e-01 1.64183926e-03 -7.45412497e-02 3.30000000e+01 5.00000000e+00
3.04465541e+03 9.98270220e-01 3.01535799e-03 -7.16386856e-02 2.14000000e+02 7.00000000e+00
3.04466639e+03 9.99050934e-01 2.54187845e-03 -6.66769653e-02 2.05000000e+02 7.00000000e+00
3.04467722e+03 9.99825901e-01 1.60724165e-03 -6.17818734e-02 2.12000000e+02 7.00000000e+00
3.04468831e+03 1.00040857e+00 1.43293426e-03 -5.67731858e-02 2.10000000e+02 7.00000000e+00
3.04469904e+03 9.89048358e-01 2.71528227e-03 -5.19268945e-02 2.13000000e+02 7.00000000e+00
3.04471000e+03 9.63640264e-01 2.75651842e-03 -4.69758582e-02 2.10000000e+02 7.00000000e+00
3.04472094e+03 9.36170064e-01 3.24025627e-03 -4.20312149e-02 2.12000000e+02 7.00000000e+00
3.04473197e+03 8.97008499e-01 4.89816334e-03 -3.70505836e-02 2.17000000e+02 7.00000000e+00
3.04474278e+03 8.54390973e-01 4.40534151e-03 -3.21668633e-02 2.13000000e+02 7.00000000e+00
3.04475382e+03 8.09550732e-01 3.92952823e-03 -2.71793454e-02 2.19000000e+02 7.00000000e+00
3.04476480e+03 7.67602056e-01 4.17458348e-03 -2.22170754e-02 2.17000000e+02 7.00000000e+00
3.04477578e+03 7.47559077e-01 4.56403803e-03 -1.72591975e-02 2.16000000e+02 7.00000000e+00
3.04478655e+03 7.43646024e-01 4.23498072e-03 -1.23900337e-02 2.13000000e+02 7.00000000e+00
3.04479768e+03 7.37792969e-01 4.40321794e-03 -7.36411899e-03 2.20000000e+02 7.00000000e+00
3.04480856e+03 7.38599837e-01 5.42342761e-03 -2.44870653e-03 2.19000000e+02 7.00000000e+00
3.04481931e+03 7.38477031e-01 4.97575306e-03 2.41023479e-03 2.16000000e+02 7.00000000e+00
3.04483029e+03 7.38801062e-01 5.38454922e-03 7.36916060e-03 2.14000000e+02 7.00000000e+00
3.04484128e+03 7.40547479e-01 4.10672337e-03 1.23344318e-02 2.19000000e+02 7.00000000e+00
3.04485227e+03 7.47517509e-01 3.71495694e-03 1.72983556e-02 2.12000000e+02 7.00000000e+00
3.04486315e+03 7.60641180e-01 4.27882324e-03 2.22126872e-02 2.15000000e+02 7.00000000e+00
3.04487418e+03 8.01760627e-01 6.33752900e-03 2.71952303e-02 2.17000000e+02 7.00000000e+00
3.04488513e+03 8.44916416e-01 3.45413680e-03 3.21445601e-02 2.18000000e+02 7.00000000e+00
3.04489611e+03 8.88050047e-01 5.34961556e-03 3.71017709e-02 2.12000000e+02 7.00000000e+00
3.04490698e+03 9.26240984e-01 4.09278519e-03 4.20145391e-02 2.20000000e+02 7.00000000e+00
3.04491786e+03 9.58923304e-01 3.68315438e-03 4.69288583e-02 2.18000000e+02 7.00000000e+00
3.04492877e+03 9.86354770e-01 2.13407119e-03 5.18565639e-02 2.18000000e+02 7.00000000e+00
3.04493959e+03 9.99618657e-01 1.58763650e-03 5.67447227e-02 2.12000000e+02 7.00000000e+00
3.04495057e+03 1.00066428e+00 1.43293426e-03 6.17082956e-02 2.18000000e+02 7.00000000e+00
3.04496161e+03 1.00001138e+00 1.61209480e-03 6.66935016e-02 2.13000000e+02 7.00000000e+00
3.04497257e+03 9.99085167e-01 1.78610374e-03 7.16456452e-02 2.13000000e+02 7.00000000e+00
3.04497890e+03 9.96907800e-01 2.14051560e-03 7.45043868e-02 3.70000000e+01 5.00000000e+00
3.04498538e+03 1.00061083e+00 1.67000800e-03 7.74334429e-02 2.21000000e+02 7.00000000e+00
3.04499668e+03 9.98985995e-01 1.86520258e-03 8.25365826e-02 2.20000000e+02 7.00000000e+00
3.04500787e+03 9.99836710e-01 2.65971454e-03 8.75917238e-02 2.18000000e+02 7.00000000e+00
3.04501883e+03 1.00138173e+00 1.43293426e-03 9.25455190e-02 2.12000000e+02 7.00000000e+00
3.04502981e+03 1.00004357e+00 2.43786457e-03 9.75074411e-02 2.17000000e+02 7.00000000e+00
3.04504086e+03 1.00065664e+00 2.07669819e-03 1.02495952e-01 2.17000000e+02 7.00000000e+00
3.04505188e+03 9.98922112e-01 1.53272295e-03 1.07478401e-01 2.15000000e+02 7.00000000e+00
3.04506303e+03 9.99713241e-01 1.53812045e-03 1.12511834e-01 2.16000000e+02 7.00000000e+00
3.04507398e+03 1.00081023e+00 1.43293426e-03 1.17462013e-01 2.21000000e+02 7.00000000e+00
3.04508512e+03 1.00063347e+00 1.55636947e-03 1.22494835e-01 2.17000000e+02 7.00000000e+00
3.04509626e+03 1.00253684e+00 1.43293426e-03 1.27525951e-01 2.18000000e+02 7.00000000e+00
3.04510735e+03 9.99768142e-01 1.43293426e-03 1.32537662e-01 2.10000000e+02 7.00000000e+00
3.04511833e+03 9.99355701e-01 1.43293426e-03 1.37495501e-01 2.10000000e+02 7.00000000e+00
3.04512935e+03 1.00002975e+00 1.43293426e-03 1.42475137e-01 2.13000000e+02 7.00000000e+00
3.04514039e+03 1.00092723e+00 1.43293426e-03 1.47463990e-01 2.09000000e+02 7.00000000e+00
3.04515155e+03 1.00090466e+00 1.43293426e-03 1.52504634e-01 2.13000000e+02 7.00000000e+00
3.04516254e+03 1.00115174e+00 1.43293426e-03 1.57469173e-01 2.14000000e+02 7.00000000e+00
3.04517386e+03 1.00077565e+00 1.43293426e-03 1.62583554e-01 2.08000000e+02 7.00000000e+00
3.04518485e+03 1.00069767e+00 1.43293426e-03 1.67548622e-01 2.10000000e+02 7.00000000e+00
3.04519576e+03 1.00062450e+00 1.43293426e-03 1.72478031e-01 2.09000000e+02 7.00000000e+00
3.04520685e+03 1.00088188e+00 1.43293426e-03 1.77487979e-01 2.09000000e+02 7.00000000e+00
3.04521794e+03 1.00212796e+00 1.43293426e-03 1.82494963e-01 2.13000000e+02 7.00000000e+00
3.04522894e+03 1.00173725e+00 1.43293426e-03 1.87465320e-01 2.07000000e+02 7.00000000e+00
3.04523995e+03 1.00146732e+00 1.43293426e-03 1.92441876e-01 2.11000000e+02 7.00000000e+00
3.04525110e+03 1.00302782e+00 1.43293426e-03 1.97475946e-01 2.18000000e+02 7.00000000e+00
3.04526238e+03 1.00313462e+00 1.43293426e-03 2.02571776e-01 2.12000000e+02 7.00000000e+00
3.04527342e+03 1.00193140e+00 1.43293426e-03 2.07559250e-01 2.05000000e+02 7.00000000e+00
3.04528445e+03 1.00137295e+00 1.43293426e-03 2.12542356e-01 2.04000000e+02 7.00000000e+00
3.04529537e+03 1.00083481e+00 1.43293426e-03 2.17475523e-01 2.05000000e+02 7.00000000e+00
3.04530648e+03 1.00172932e+00 1.49888353e-03 2.22497561e-01 2.05000000e+02 7.00000000e+00
3.04531782e+03 1.00291634e+00 1.43293426e-03 2.27620964e-01 2.05000000e+02 7.00000000e+00
3.04532851e+03 1.00180252e+00 1.43293426e-03 2.32447476e-01 2.03000000e+02 7.00000000e+00
3.04533955e+03 1.00214924e+00 1.43293426e-03 2.37437862e-01 2.09000000e+02 7.00000000e+00
3.04535077e+03 1.00157556e+00 1.43293426e-03 2.42503831e-01 2.03000000e+02 7.00000000e+00
3.04536203e+03 1.00077904e+00 1.43293426e-03 2.47592083e-01 2.04000000e+02 7.00000000e+00
3.04537296e+03 9.99921868e-01 1.43293426e-03 2.52532408e-01 1.99000000e+02 7.00000000e+00
3.04538399e+03 1.00210842e+00 1.75468771e-03 2.57512322e-01 2.07000000e+02 7.00000000e+00
3.04539502e+03 1.00222691e+00 1.47474481e-03 2.62495847e-01 2.08000000e+02 7.00000000e+00
3.04540603e+03 1.00239689e+00 1.92538006e-03 2.67472742e-01 2.06000000e+02 7.00000000e+00
3.04541716e+03 1.00203852e+00 1.43293426e-03 2.72500217e-01 2.09000000e+02 7.00000000e+00
3.04542818e+03 1.00347155e+00 2.19238530e-03 2.77477199e-01 2.13000000e+02 7.00000000e+00
3.04543943e+03 1.00200995e+00 1.43293426e-03 2.82559476e-01 2.07000000e+02 7.00000000e+00
3.04545043e+03 1.00176397e+00 1.43293426e-03 2.87528841e-01 2.08000000e+02 7.00000000e+00
3.04546146e+03 1.00270910e+00 1.43293426e-03 2.92514174e-01 2.04000000e+02 7.00000000e+00
3.04547250e+03 1.00175328e+00 1.43293426e-03 2.97500171e-01 2.05000000e+02 7.00000000e+00
3.04548353e+03 1.00311691e+00 1.43293426e-03 3.02481699e-01 2.12000000e+02 7.00000000e+00
3.04549456e+03 1.00024746e+00 1.43293426e-03 3.07466508e-01 2.09000000e+02 7.00000000e+00
3.04550564e+03 1.00311869e+00 2.24212002e-03 3.12473672e-01 2.09000000e+02 7.00000000e+00
3.04551669e+03 1.00303461e+00 2.02378441e-03 3.17463394e-01 2.15000000e+02 7.00000000e+00
3.04552775e+03 1.00180154e+00 1.52660787e-03 3.22461351e-01 2.11000000e+02 7.00000000e+00
3.04553879e+03 1.00374265e+00 2.40071475e-03 3.27447802e-01 2.06000000e+02 7.00000000e+00
3.04555004e+03 1.00386570e+00 1.43293426e-03 3.32529643e-01 2.08000000e+02 7.00000000e+00
3.04556106e+03 1.00391164e+00 1.43293426e-03 3.37506837e-01 2.10000000e+02 7.00000000e+00
3.04557213e+03 1.00195075e+00 1.43293426e-03 3.42508930e-01 2.12000000e+02 7.00000000e+00
3.04558306e+03 1.00318531e+00 1.74198880e-03 3.47449681e-01 2.11000000e+02 7.00000000e+00
3.04559408e+03 1.00102708e+00 1.60377142e-03 3.52426115e-01 2.16000000e+02 7.00000000e+00
3.04560527e+03 1.00313087e+00 1.66621075e-03 3.57482151e-01 2.25000000e+02 7.00000000e+00
3.04561657e+03 1.00335688e+00 1.43293426e-03 3.62588203e-01 2.15000000e+02 7.00000000e+00
3.04562759e+03 1.00361486e+00 1.81173744e-03 3.67564378e-01 2.14000000e+02 7.00000000e+00
3.04563850e+03 1.00252850e+00 1.43293426e-03 3.72495563e-01 2.11000000e+02 7.00000000e+00
3.04564947e+03 1.00485124e+00 1.91331428e-03 3.77450813e-01 2.13000000e+02 7.00000000e+00
3.04566067e+03 1.00308080e+00 1.43293426e-03 3.82509965e-01 2.17000000e+02 7.00000000e+00
3.04567187e+03 1.00249977e+00 1.63553719e-03 3.87568070e-01 2.11000000e+02 7.00000000e+00
3.04568267e+03 1.00238614e+00 1.94401212e-03 3.92447123e-01 2.12000000e+02 7.00000000e+00
3.04569373e+03 1.00357754e+00 1.59706489e-03 3.97443194e-01 2.17000000e+02 7.00000000e+00
3.04570502e+03 1.00575567e+00 1.43293426e-03 4.02544370e-01 2.11000000e+02 7.00000000e+00
3.04571611e+03 1.00242918e+00 1.43293426e-03 4.07556043e-01 2.17000000e+02 7.00000000e+00
3.04572719e+03 1.00468340e+00 1.46591841e-03 4.12559567e-01 2.11000000e+02 7.00000000e+00
3.04573816e+03 1.00386073e+00 1.84252860e-03 4.17517133e-01 2.14000000e+02 7.00000000e+00
3.04574878e+03 1.00377263e+00 1.43293426e-03 4.22314125e-01 2.00000000e+02 7.00000000e+00
3.04576054e+03 1.00335351e+00 1.69646191e-03 4.27629303e-01 2.62000000e+02 7.00000000e+00
3.04577343e+03 1.00387321e+00 1.43293426e-03 4.33450672e-01 2.58000000e+02 7.00000000e+00
3.04578676e+03 1.00514067e+00 1.82586386e-03 4.39470999e-01 2.59000000e+02 7.00000000e+00
3.04579943e+03 1.00099478e+00 1.43293426e-03 4.45196574e-01 2.54000000e+02 7.00000000e+00
3.04581278e+03 9.92499798e-01 1.76788085e-03 4.51228869e-01 2.60000000e+02 7.00000000e+00
3.04582558e+03 9.76796486e-01 1.43293426e-03 4.57009857e-01 2.54000000e+02 7.00000000e+00
3.04583878e+03 9.57619083e-01 1.59899990e-03 4.62975537e-01 2.59000000e+02 7.00000000e+00
3.04585159e+03 9.35467180e-01 1.43293426e-03 4.68760182e-01 2.58000000e+02 7.00000000e+00
3.04586490e+03 9.14359151e-01 1.85818249e-03 4.74772743e-01 2.65000000e+02 7.00000000e+00
3.04587768e+03 8.99163567e-01 2.41840635e-03 4.80549144e-01 2.52000000e+02 7.00000000e+00
3.04589094e+03 8.97240114e-01 1.95547052e-03 4.86538824e-01 2.61000000e+02 7.00000000e+00
3.04590380e+03 8.96869335e-01 1.43293426e-03 4.92348069e-01 2.45000000e+02 7.00000000e+00
3.04591700e+03 8.97173288e-01 1.43558723e-03 4.98313328e-01 2.55000000e+02 7.00000000e+00
3.04592988e+03 8.96747149e-01 2.13024030e-03 5.04131516e-01 2.41000000e+02 7.00000000e+00
3.04594322e+03 8.97421986e-01 2.99827689e-03 5.10157365e-01 2.51000000e+02 7.00000000e+00
3.04595596e+03 8.98373464e-01 3.03324383e-03 5.15912158e-01 2.44000000e+02 7.00000000e+00
3.04596913e+03 8.99883956e-01 2.79388490e-03 5.21863053e-01 2.51000000e+02 7.00000000e+00
3.04598199e+03 9.16504830e-01 1.45036145e-03 5.27670289e-01 2.45000000e+02 7.00000000e+00
3.04599519e+03 9.36544466e-01 2.22352238e-03 5.33633490e-01 2.59000000e+02 7.00000000e+00
3.04600824e+03 9.60133613e-01 1.43293426e-03 5.39530607e-01 2.50000000e+02 7.00000000e+00
3.04602141e+03 9.81167612e-01 1.45427779e-03 5.45480896e-01 2.59000000e+02 7.00000000e+00
3.04603417e+03 9.97420867e-01 1.43293426e-03 5.51245343e-01 2.50000000e+02 7.00000000e+00
3.04604754e+03 1.00250301e+00 1.57338889e-03 5.57287214e-01 2.56000000e+02 7.00000000e+00
3.04606044e+03 1.00320943e+00 1.43293426e-03 5.63111772e-01 2.55000000e+02 7.00000000e+00
3.04607368e+03 1.00318229e+00 1.43293426e-03 5.69096325e-01 2.53000000e+02 7.00000000e+00
3.04608655e+03 1.00373893e+00 1.67905669e-03 5.74910762e-01 2.55000000e+02 7.00000000e+00
3.04609980e+03 1.00236471e+00 1.43293426e-03 5.80897359e-01 2.54000000e+02 7.00000000e+00
3.04611261e+03 1.00271065e+00 1.43293426e-03 5.86683988e-01 2.54000000e+02 7.00000000e+00
3.04612585e+03 1.00366741e+00 1.69384971e-03 5.92665954e-01 2.60000000e+02 7.00000000e+00
3.04613863e+03 1.00306812e+00 1.43293426e-03 5.98435302e-01 2.61000000e+02 7.00000000e+00
3.04614924e+03 1.00231543e+00 1.98590439e-03 6.03232007e-01 1.61000000e+02 7.00000000e+00
3.04615883e+03 1.00309354e+00 1.43293426e-03 6.07565176e-01 2.20000000e+02 7.00000000e+00
3.04616979e+03 1.00331793e+00 1.80870052e-03 6.12513685e-01 2.19000000e+02 7.00000000e+00
3.04618083e+03 1.00220907e+00 1.59849880e-03 6.17502188e-01 2.19000000e+02 7.00000000e+00
3.04619187e+03 1.00179953e+00 1.50444783e-03 6.22488002e-01 2.21000000e+02 7.00000000e+00
3.04620291e+03 1.00251130e+00 1.43293426e-03 6.27479175e-01 2.20000000e+02 7.00000000e+00
3.04621406e+03 1.00150408e+00 1.43293426e-03 6.32513913e-01 2.21000000e+02 7.00000000e+00
3.04622503e+03 1.00307925e+00 2.27863882e-03 6.37472636e-01 2.22000000e+02 7.00000000e+00
3.04623613e+03 1.00151116e+00 1.43293426e-03 6.42486045e-01 2.14000000e+02 7.00000000e+00
3.04624727e+03 1.00399867e+00 2.40055446e-03 6.47516915e-01 2.18000000e+02 7.00000000e+00
3.04625844e+03 1.00201753e+00 1.43293426e-03 6.52563800e-01 2.13000000e+02 7.00000000e+00
3.04626935e+03 1.00414545e+00 2.36453564e-03 6.57492885e-01 2.14000000e+02 7.00000000e+00
3.04628037e+03 1.00406034e+00 2.16239733e-03 6.62470391e-01 2.19000000e+02 7.00000000e+00
3.04629140e+03 1.00139848e+00 1.43293426e-03 6.67456090e-01 2.13000000e+02 7.00000000e+00
3.04630245e+03 1.00155429e+00 1.43293426e-03 6.72447467e-01 2.16000000e+02 7.00000000e+00
3.04631354e+03 1.00258100e+00 1.55803711e-03 6.77454524e-01 2.25000000e+02 7.00000000e+00
3.04632486e+03 1.00275970e+00 1.43293426e-03 6.82570513e-01 2.16000000e+02 7.00000000e+00
3.04633590e+03 1.00331330e+00 1.43293426e-03 6.87560127e-01 2.15000000e+02 7.00000000e+00
3.04634680e+03 1.00389145e+00 1.74791140e-03 6.92482783e-01 2.16000000e+02 7.00000000e+00
3.04635792e+03 1.00250100e+00 1.94440547e-03 6.97506531e-01 2.16000000e+02 7.00000000e+00
3.04636899e+03 1.00311112e+00 1.43293426e-03 7.02505327e-01 2.20000000e+02 7.00000000e+00
3.04638005e+03 1.00253600e+00 1.48496130e-03 7.07504223e-01 2.14000000e+02 7.00000000e+00
3.04639119e+03 1.00178558e+00 2.02131023e-03 7.12535939e-01 2.17000000e+02 7.00000000e+00
3.04640215e+03 1.00265261e+00 1.43293426e-03 7.17487901e-01 2.27000000e+02 7.00000000e+00
3.04641331e+03 1.00268268e+00 1.69844765e-03 7.22527655e-01 2.15000000e+02 7.00000000e+00
3.04642442e+03 1.00269849e+00 1.43293426e-03 7.27548936e-01 2.17000000e+02 7.00000000e+00
3.04643535e+03 1.00365787e+00 2.27231932e-03 7.32484797e-01 2.15000000e+02 7.00000000e+00
3.04644650e+03 1.00217785e+00 1.64828708e-03 7.37522636e-01 2.21000000e+02 7.00000000e+00
3.04645749e+03 1.00129022e+00 1.43293426e-03 7.42487127e-01 2.23000000e+02 7.00000000e+00
3.04646859e+03 1.00330337e+00 2.04246261e-03 7.47503172e-01 2.22000000e+02 7.00000000e+00
3.04647950e+03 1.00141516e+00 1.43293426e-03 7.52431811e-01 2.23000000e+02 7.00000000e+00
3.04649061e+03 1.00163597e+00 1.43293426e-03 7.57452472e-01 2.27000000e+02 7.00000000e+00
3.04650189e+03 1.00285928e+00 1.43293426e-03 7.62549620e-01 2.24000000e+02 7.00000000e+00
3.04651300e+03 1.00184801e+00 1.43293426e-03 7.67566802e-01 2.22000000e+02 7.00000000e+00
3.04652405e+03 1.00298477e+00 1.43293426e-03 7.72558821e-01 2.19000000e+02 7.00000000e+00
3.04653500e+03 1.00146237e+00 1.43293426e-03 7.77504987e-01 2.24000000e+02 7.00000000e+00
3.04654603e+03 1.00235940e+00 1.43293426e-03 7.82487963e-01 2.22000000e+02 7.00000000e+00
3.04655708e+03 1.00166407e+00 1.43293426e-03 7.87482621e-01 2.20000000e+02 7.00000000e+00
3.04656824e+03 1.00083217e+00 1.43293426e-03 7.92521117e-01 2.26000000e+02 7.00000000e+00
3.04657919e+03 1.00194305e+00 1.43293426e-03 7.97468321e-01 2.26000000e+02 7.00000000e+00
