# Time	Flux	Flux_Err	Phase	N
1.57213959e+03	1.00035487e+00	3.26081924e-04	-1.97727273e-01	22
1.57216137e+03	1.00056770e+00	4.27052924e-04	-1.93181818e-01	21
1.57218315e+03	9.99791044e-01	3.40255043e-04	-1.88636364e-01	21
1.57220492e+03	9.99996605e-01	3.20281924e-04	-1.84090909e-01	20
1.57222670e+03	1.00046122e+00	4.27852042e-04	-1.79545455e-01	21
1.57224848e+03	1.00028573e+00	2.91264213e-04	-1.75000000e-01	21
1.57227026e+03	1.00021330e+00	3.29574580e-04	-1.70454545e-01	20
1.57229203e+03	9.99821448e-01	2.91854978e-04	-1.65909091e-01	21
1.57231381e+03	1.00049971e+00	2.42402869e-04	-1.61363636e-01	20
1.57233559e+03	9.99938468e-01	2.30878922e-04	-1.56818182e-01	20
1.57235736e+03	1.00042583e+00	2.42048853e-04	-1.52272727e-01	21
1.57237914e+03	1.00047144e+00	3.23342844e-04	-1.47727273e-01	21
1.57240092e+03	9.99940227e-01	2.63032867e-04	-1.43181818e-01	23
1.57242270e+03	9.99719793e-01	2.24916977e-04	-1.38636364e-01	21
1.57244447e+03	1.00013057e+00	2.40453851e-04	-1.34090909e-01	21
1.57246625e+03	1.00027669e+00	3.75028127e-04	-1.29545455e-01	23
1.57248803e+03	9.99815577e-01	2.72052424e-04	-1.25000000e-01	22
1.57250980e+03	1.00017570e+00	3.43222519e-04	-1.20454545e-01	23
1.57253158e+03	1.00027883e+00	3.78311535e-04	-1.15909091e-01	21
1.57255336e+03	9.99716489e-01	3.88822745e-04	-1.11363636e-01	22
1.57257514e+03	1.00017955e+00	4.25043340e-04	-1.06818182e-01	22
1.57259691e+03	1.00009314e+00	3.21541904e-04	-1.02272727e-01	22
1.57261869e+03	1.00041160e+00	2.74916897e-04	-9.77272727e-02	21
1.57264047e+03	9.99488817e-01	4.73681015e-04	-9.31818182e-02	21
1.57266225e+03	1.00007719e+00	4.23300761e-04	-8.86363636e-02	20
1.57268402e+03	9.99247622e-01	2.24647153e-04	-8.40909091e-02	21
1.57270580e+03	1.00004833e+00	3.33371308e-04	-7.95454545e-02	22
1.57272758e+03	9.99915263e-01	3.77797793e-04	-7.50000000e-02	22
1.57274935e+03	9.98955624e-01	2.42291824e-04	-7.04545455e-02	21
1.57277113e+03	9.99180018e-01	2.88017224e-04	-6.59090909e-02	23
1.57279291e+03	9.99527504e-01	2.33280871e-04	-6.13636364e-02	21
1.57281469e+03	9.98703378e-01	3.06852851e-04	-5.68181818e-02	21
1.57283646e+03	9.99267864e-01	2.98062105e-04	-5.22727273e-02	24
1.57285824e+03	1.00055195e+00	4.61678675e-04	-4.77272727e-02	25
1.57288002e+03	9.99940471e-01	3.15353979e-04	-4.31818182e-02	27
1.57290179e+03	1.00018069e+00	3.37924201e-04	-3.86363636e-02	28
1.57292357e+03	9.99719474e-01	3.04292441e-04	-3.40909091e-02	27
1.57294535e+03	9.98890393e-01	4.54661907e-04	-2.95454545e-02	28
1.57296713e+03	9.98909414e-01	7.19139977e-04	-2.50000000e-02	22
1.57298890e+03	9.98891692e-01	5.65852731e-04	-2.04545455e-02	19
1.57301068e+03	1.00010189e+00	3.86097765e-04	-1.59090909e-02	16
1.57303246e+03	9.99429529e-01	3.95366610e-04	-1.13636364e-02	16
1.57305423e+03	9.95589229e-01	4.35135747e-04	-6.81818182e-03	18
1.57307601e+03	9.92549472e-01	4.12392802e-04	-2.27272727e-03	17
1.57309779e+03	9.91040149e-01	3.97918338e-04	2.27272727e-03	12
1.57311957e+03	9.94054689e-01	7.32269268e-04	6.81818182e-03	7
1.57314134e+03	9.96768116e-01	8.83265375e-04	1.13636364e-02	9
1.57316312e+03	9.99207512e-01	4.49701244e-04	1.59090909e-02	9
1.57318490e+03	9.99924082e-01	4.14644672e-04	2.04545455e-02	9
1.57320667e+03	9.98909126e-01	8.95357206e-04	2.50000000e-02	15
1.57322845e+03	9.93969638e-01	8.91500338e-04	2.95454545e-02	26
1.57325023e+03	9.97620320e-01	4.43878876e-04	3.40909091e-02	25
1.57327201e+03	9.99747001e-01	2.39472221e-04	3.86363636e-02	25
1.57329378e+03	9.99996151e-01	2.87809304e-04	4.31818182e-02	24
1.57331556e+03	9.99888331e-01	2.32213411e-04	4.77272727e-02	25
1.57333734e+03	1.00014521e+00	2.66255507e-04	5.22727273e-02	26
1.57335911e+03	9.99195580e-01	2.71307201e-04	5.68181818e-02	25
1.57338089e+03	1.00006120e+00	2.61695511e-04	6.13636364e-02	28
1.57340267e+03	9.99224164e-01	2.95486924e-04	6.59090909e-02	25
1.57342445e+03	1.00012140e+00	2.86695164e-04	7.04545455e-02	28
1.57344622e+03	9.99979599e-01	3.26962500e-04	7.50000000e-02	23
1.57346800e+03	1.00004983e+00	2.56784523e-04	7.95454545e-02	26
1.57348978e+03	1.00016124e+00	2.10791709e-04	8.40909091e-02	24
1.57351155e+03	9.99597939e-01	1.88948771e-04	8.86363636e-02	25
1.57353333e+03	9.99943462e-01	2.99493503e-04	9.31818182e-02	25
1.57355511e+03	1.00061363e+00	2.74986718e-04	9.77272727e-02	25
1.57357689e+03	9.99737779e-01	2.74832398e-04	1.02272727e-01	26
1.57359866e+03	9.99624245e-01	4.18091717e-04	1.06818182e-01	25
1.57362044e+03	9.99916215e-01	3.17995461e-04	1.11363636e-01	25
1.57364222e+03	1.00071806e+00	2.86542102e-04	1.15909091e-01	25
1.57366400e+03	1.00039731e+00	2.83541320e-04	1.20454545e-01	25
1.57368577e+03	1.00028966e+00	1.97408350e-04	1.25000000e-01	26
1.57370755e+03	1.00076093e+00	2.70860301e-04	1.29545455e-01	26
1.57372933e+03	1.00120753e+00	2.31606297e-04	1.34090909e-01	26
1.57375110e+03	1.00022449e+00	3.12687110e-04	1.38636364e-01	26
1.57377288e+03	9.99858676e-01	2.39733158e-04	1.43181818e-01	25
1.57379466e+03	1.00040285e+00	2.76719344e-04	1.47727273e-01	27
1.57381644e+03	1.00038677e+00	3.94664632e-04	1.52272727e-01	26
1.57383821e+03	1.00025518e+00	2.25405905e-04	1.56818182e-01	25
1.57385999e+03	1.00012589e+00	2.42090846e-04	1.61363636e-01	29
1.57388177e+03	1.00030004e+00	5.06229783e-04	1.65909091e-01	26
1.57390354e+03	1.00018564e+00	2.52189615e-04	1.70454545e-01	26
1.57392532e+03	1.00020800e+00	3.38462754e-04	1.75000000e-01	25
1.57394710e+03	9.99248592e-01	3.41997272e-04	1.79545455e-01	25
1.57396888e+03	1.00006690e+00	3.14367277e-04	1.84090909e-01	26
1.57399065e+03	9.99363026e-01	3.72492575e-04	1.88636364e-01	25
1.57401243e+03	1.00035976e+00	3.02301826e-04	1.93181818e-01	26
1.57403421e+03	1.00008594e+00	2.23166791e-04	1.97727273e-01	26
1.57405598e+03	9.99578824e-01	3.54197473e-04	2.02272727e-01	27
1.57407776e+03	1.00012157e+00	2.68778892e-04	2.06818182e-01	24
1.57409954e+03	1.00044071e+00	4.00082753e-04	2.11363636e-01	24
1.57412132e+03	1.00022796e+00	3.90420587e-04	2.15909091e-01	22
1.57414309e+03	1.00014884e+00	2.60888674e-04	2.20454545e-01	25
1.57416487e+03	1.00058290e+00	3.02744725e-04	2.25000000e-01	28
1.57418665e+03	1.00039255e+00	3.34470569e-04	2.29545455e-01	27
1.57420842e+03	1.00009744e+00	1.96317474e-04	2.34090909e-01	27
1.57423020e+03	1.00047098e+00	2.17060939e-04	2.38636364e-01	26
1.57425198e+03	9.99876457e-01	3.04733228e-04	2.43181818e-01	24
1.57427376e+03	1.00032882e+00	2.01589166e-04	2.47727273e-01	27
1.57429553e+03	1.00059428e+00	2.79668326e-04	2.52272727e-01	31
1.57431731e+03	1.00059902e+00	2.87206260e-04	2.56818182e-01	31
1.57433909e+03	1.00017875e+00	2.41430645e-04	2.61363636e-01	31
1.57436086e+03	1.00059227e+00	2.40645111e-04	2.65909091e-01	31
1.57438264e+03	1.00021981e+00	2.93922736e-04	2.70454545e-01	32
1.57440442e+03	1.00068117e+00	3.13864898e-04	2.75000000e-01	31
1.57442620e+03	1.00035324e+00	3.40671316e-04	2.79545455e-01	30
1.57444797e+03	1.00089955e+00	2.35399339e-04	2.84090909e-01	31
1.57446975e+03	1.00041696e+00	4.32250709e-04	2.88636364e-01	29
1.57449153e+03	1.00090566e+00	3.20059179e-04	2.93181818e-01	29
1.57451330e+03	1.00061165e+00	3.59832940e-04	2.97727273e-01	29
1.57453508e+03	1.00048784e+00	2.52912969e-04	3.02272727e-01	30
1.57455686e+03	1.00062125e+00	1.58456073e-04	3.06818182e-01	27
1.57457864e+03	1.00053422e+00	2.61755051e-04	3.11363636e-01	28
1.57460041e+03	1.00037149e+00	2.17750165e-04	3.15909091e-01	28
1.57462219e+03	1.00084382e+00	2.17689126e-04	3.20454545e-01	29
1.57464397e+03	9.99938452e-01	2.35171401e-04	3.25000000e-01	31
1.57466575e+03	1.00050232e+00	3.22365465e-04	3.29545455e-01	30
1.57468752e+03	1.00042712e+00	2.90275111e-04	3.34090909e-01	29
1.57470930e+03	9.99865441e-01	3.28274914e-04	3.38636364e-01	30
1.57473108e+03	9.99615964e-01	2.29593888e-04	3.43181818e-01	29
1.57475285e+03	9.99818421e-01	3.53357037e-04	3.47727273e-01	31
1.57477463e+03	9.99679773e-01	2.44156849e-04	3.52272727e-01	31
1.57479641e+03	9.99857988e-01	2.39607140e-04	3.56818182e-01	31
1.57481819e+03	9.99860052e-01	2.92572391e-04	3.61363636e-01	31
1.57483996e+03	1.00011713e+00	3.50383942e-04	3.65909091e-01	32
1.57486174e+03	9.99619799e-01	2.54954669e-04	3.70454545e-01	32
1.57488352e+03	1.00025276e+00	2.69986016e-04	3.75000000e-01	31
1.57490529e+03	9.99966811e-01	2.73344369e-04	3.79545455e-01	30
1.57492707e+03	9.99650249e-01	2.32504847e-04	3.84090909e-01	30
1.57494885e+03	9.99839205e-01	3.03787425e-04	3.88636364e-01	31
1.57497063e+03	9.99253104e-01	2.49814849e-04	3.93181818e-01	30
1.57499240e+03	9.99752754e-01	2.34834820e-04	3.97727273e-01	31
1.57501418e+03	9.99867830e-01	2.84311273e-04	4.02272727e-01	32
1.57503596e+03	1.00006259e+00	2.66873598e-04	4.06818182e-01	29
1.57505773e+03	1.00023008e+00	2.66105860e-04	4.11363636e-01	30
1.57507951e+03	9.99679400e-01	2.37555633e-04	4.15909091e-01	29
1.57510129e+03	9.99950202e-01	2.35366853e-04	4.20454545e-01	31
1.57512307e+03	9.99274973e-01	2.45356453e-04	4.25000000e-01	31
1.57514484e+03	9.99569981e-01	3.14611397e-04	4.29545455e-01	32
1.57516662e+03	1.00040582e+00	3.03821412e-04	4.34090909e-01	30
1.57518840e+03	9.99983790e-01	3.64815966e-04	4.38636364e-01	30
1.57521017e+03	9.99788989e-01	2.26871387e-04	4.43181818e-01	26
1.57523195e+03	1.00002949e+00	2.41047974e-04	4.47727273e-01	28
1.57525373e+03	1.00004013e+00	2.03220372e-04	4.52272727e-01	32
1.57527551e+03	9.99805369e-01	3.29072951e-04	4.56818182e-01	32
1.57529728e+03	9.99769222e-01	3.00528123e-04	4.61363636e-01	31
1.57531906e+03	9.99933266e-01	2.48286659e-04	4.65909091e-01	33
1.57534084e+03	9.99558163e-01	2.29476854e-04	4.70454545e-01	32
1.57536261e+03	9.99355392e-01	2.82978025e-04	4.75000000e-01	32
1.57538439e+03	9.99415437e-01	3.23736801e-04	4.79545455e-01	31
1.57540617e+03	9.99026763e-01	4.07869923e-04	4.84090909e-01	31
1.57542795e+03	9.98388500e-01	3.25178830e-04	4.88636364e-01	32
1.57544972e+03	9.98128770e-01	1.74835708e-04	4.93181818e-01	31
1.57547150e+03	9.98317859e-01	2.62882922e-04	4.97727273e-01	31
1.57549328e+03	9.98412771e-01	2.60782749e-04	5.02272727e-01	31
1.57551506e+03	9.97807128e-01	1.70124100e-04	5.06818182e-01	31
1.57553683e+03	9.98631887e-01	4.28349811e-04	5.11363636e-01	30
1.57555861e+03	9.98380825e-01	3.75054742e-04	5.15909091e-01	30
1.57558039e+03	9.98704014e-01	4.44648907e-04	5.20454545e-01	31
1.57560216e+03	9.98854729e-01	3.68184228e-04	5.25000000e-01	30
1.57562394e+03	9.99554255e-01	4.03029263e-04	5.29545455e-01	28
1.57564572e+03	9.99980975e-01	2.88087684e-04	5.34090909e-01	28
1.57566750e+03	9.99351912e-01	2.49588788e-04	5.38636364e-01	27
1.57568927e+03	1.00009807e+00	3.25354147e-04	5.43181818e-01	26
1.57571105e+03	1.00024470e+00	3.00934169e-04	5.47727273e-01	28
1.57573283e+03	9.99983715e-01	2.32342327e-04	5.52272727e-01	29
1.57575460e+03	9.99833275e-01	1.89324841e-04	5.56818182e-01	29
1.57577638e+03	9.99697628e-01	3.58660661e-04	5.61363636e-01	29
1.57579816e+03	9.99713183e-01	2.05096824e-04	5.65909091e-01	30
1.57581994e+03	1.00035386e+00	2.18014269e-04	5.70454545e-01	29
1.57584171e+03	1.00010204e+00	2.08177375e-04	5.75000000e-01	29
1.57586349e+03	9.99837937e-01	2.37862690e-04	5.79545455e-01	28
1.57588527e+03	9.99954595e-01	1.75780964e-04	5.84090909e-01	28
1.57590704e+03	1.00051837e+00	2.20276034e-04	5.88636364e-01	28
1.57592882e+03	1.00012262e+00	3.10375082e-04	5.93181818e-01	29
1.57595060e+03	1.00020438e+00	2.76570677e-04	5.97727273e-01	28
1.57597238e+03	1.00026576e+00	3.11801949e-04	6.02272727e-01	27
1.57599415e+03	1.00018250e+00	3.12600280e-04	6.06818182e-01	25
1.57601593e+03	1.00106384e+00	3.00122718e-04	6.11363636e-01	25
1.57603771e+03	1.00056214e+00	2.78923021e-04	6.15909091e-01	25
1.57605948e+03	1.00104492e+00	4.12569161e-04	6.20454545e-01	26
1.57608126e+03	1.00060823e+00	3.04660195e-04	6.25000000e-01	26
1.57610304e+03	1.00024831e+00	2.00042411e-04	6.29545455e-01	27
1.57612482e+03	1.00017401e+00	1.90708811e-04	6.34090909e-01	27
1.57614659e+03	1.00039239e+00	2.99509811e-04	6.38636364e-01	25
1.57616837e+03	9.99752116e-01	1.48985584e-04	6.43181818e-01	25
1.57619015e+03	1.00022878e+00	3.30165092e-04	6.47727273e-01	26
1.57621192e+03	1.00078796e+00	1.80306377e-04	6.52272727e-01	27
1.57623370e+03	1.00039623e+00	2.06671003e-04	6.56818182e-01	26
1.57625548e+03	1.00029410e+00	2.31633762e-04	6.61363636e-01	27
1.57627726e+03	9.99841585e-01	2.06292488e-04	6.65909091e-01	27
1.57629903e+03	1.00043944e+00	3.23738529e-04	6.70454545e-01	26
1.57632081e+03	1.00082906e+00	2.75968199e-04	6.75000000e-01	25
1.57634259e+03	9.99933606e-01	1.99415043e-04	6.79545455e-01	26
1.57636436e+03	1.00000572e+00	2.22660723e-04	6.84090909e-01	25
1.57638614e+03	1.00049732e+00	2.84536572e-04	6.88636364e-01	26
1.57640792e+03	1.00046074e+00	2.09369449e-04	6.93181818e-01	27
1.57642970e+03	9.99949751e-01	2.08793262e-04	6.97727273e-01	24
1.57645147e+03	1.00000986e+00	2.31562225e-04	7.02272727e-01	22
1.57647325e+03	1.00031421e+00	2.83751915e-04	7.06818182e-01	22
1.57649503e+03	1.00175068e+00	2.46385330e-04	7.11363636e-01	22
1.57651681e+03	1.00018473e+00	1.75281999e-04	7.15909091e-01	21
1.57653858e+03	1.00036092e+00	2.14500244e-04	7.20454545e-01	22
1.57656036e+03	1.00038225e+00	3.88197200e-04	7.25000000e-01	22
1.57658214e+03	1.00022026e+00	2.24309711e-04	7.29545455e-01	21
1.57660391e+03	1.00059017e+00	3.34773173e-04	7.34090909e-01	22
1.57662569e+03	9.99829671e-01	2.75818574e-04	7.38636364e-01	21
1.57664747e+03	1.00008527e+00	1.70714081e-04	7.43181818e-01	21
1.57666925e+03	1.00069578e+00	2.98065955e-04	7.47727273e-01	22
1.57669102e+03	1.00006813e+00	3.65393261e-04	7.52272727e-01	22
1.57671280e+03	1.00075301e+00	2.49674288e-04	7.56818182e-01	25
1.57673458e+03	9.99954713e-01	2.93451495e-04	7.61363636e-01	22
1.57675635e+03	1.00015645e+00	2.16456218e-04	7.65909091e-01	22
1.57677813e+03	1.00024348e+00	2.30283941e-04	7.70454545e-01	24
1.57679991e+03	1.00008456e+00	2.63613815e-04	7.75000000e-01	20
1.57682169e+03	1.00037741e+00	2.72203917e-04	7.79545455e-01	23
1.57684346e+03	1.00040629e+00	4.02160861e-04	7.84090909e-01	21
1.57686524e+03	1.00020104e+00	2.83956900e-04	7.88636364e-01	22
1.57688702e+03	1.00029396e+00	3.44419808e-04	7.93181818e-01	22
1.57690879e+03	9.99841280e-01	3.72289427e-04	7.97727273e-01	22
