# Time	Flux	Flux_Err	Phase	N
1.57213110e+03	9.99802181e-01	2.06790943e-04	-1.99500000e-01	2
1.57213589e+03	1.00063687e+00	7.96908363e-04	-1.98500000e-01	3
1.57214068e+03	1.00037846e+00	4.63472127e-04	-1.97500000e-01	9
1.57214547e+03	1.00039195e+00	8.97509998e-04	-1.96500000e-01	6
1.57215026e+03	9.99793772e-01	1.48843299e-03	-1.95500000e-01	2
1.57215505e+03	9.99721313e-01	5.51329644e-04	-1.94500000e-01	4
1.57215985e+03	1.00114977e+00	4.43326191e-04	-1.93500000e-01	6
1.57216464e+03	1.00038039e+00	8.06024624e-04	-1.92500000e-01	7
1.57216943e+03	1.00063972e+00	4.51522865e-04	-1.91500000e-01	4
1.57217422e+03	1.00023529e+00	6.36818923e-04	-1.90500000e-01	2
1.57217901e+03	9.98518629e-01	4.16909344e-04	-1.89500000e-01	4
1.57218380e+03	1.00138143e+00	7.85968761e-04	-1.88500000e-01	9
1.57218859e+03	1.00036829e+00	1.85484379e-04	-1.87500000e-01	4
1.57219338e+03	9.99522521e-01	9.62193726e-04	-1.86500000e-01	3
1.57219817e+03	9.99873120e-01	8.68314174e-04	-1.85500000e-01	3
1.57220296e+03	9.99430730e-01	7.49223266e-04	-1.84500000e-01	7
1.57220776e+03	1.00012908e+00	5.70088265e-04	-1.83500000e-01	6
1.57221255e+03	9.99661622e-01	8.91167115e-04	-1.82500000e-01	3
1.57221734e+03	1.00031241e+00	4.05107477e-04	-1.81500000e-01	4
1.57222213e+03	9.99011814e-01	2.46741298e-04	-1.80500000e-01	5
1.57222692e+03	1.00046122e+00	7.16763827e-04	-1.79500000e-01	7
1.57223171e+03	1.00126956e+00	3.10708482e-04	-1.78500000e-01	4
1.57223650e+03	1.00108526e+00	8.82946823e-04	-1.77500000e-01	2
1.57224129e+03	9.99733147e-01	6.57293289e-04	-1.76500000e-01	4
1.57224608e+03	1.00118922e+00	5.44270272e-04	-1.75500000e-01	8
1.57225087e+03	1.00015685e+00	6.31628372e-04	-1.74500000e-01	4
1.57225567e+03	1.00075632e+00	6.45881965e-04	-1.73500000e-01	2
1.57226046e+03	1.00110953e+00	3.30393703e-04	-1.72500000e-01	4
1.57226525e+03	1.00020005e+00	7.75322505e-04	-1.71500000e-01	7
1.57227004e+03	9.99940392e-01	5.99870219e-04	-1.70500000e-01	6
1.57227483e+03	9.99263773e-01	7.71572226e-04	-1.69500000e-01	3
1.57227962e+03	9.99675330e-01	3.74444344e-04	-1.68500000e-01	4
1.57228441e+03	1.00024707e+00	3.65043347e-04	-1.67500000e-01	5
1.57228920e+03	1.00003947e+00	1.92934006e-04	-1.66500000e-01	6
1.57229399e+03	9.98438894e-01	4.70595031e-04	-1.65500000e-01	4
1.57229878e+03	9.99703911e-01	8.22497538e-04	-1.64500000e-01	2
1.57230358e+03	1.00031169e+00	1.11388614e-04	-1.63500000e-01	3
1.57230837e+03	1.00050214e+00	5.18806218e-04	-1.62500000e-01	9
1.57231316e+03	1.00062469e+00	3.25123061e-04	-1.61500000e-01	4
1.57231795e+03	1.00032715e+00	3.85341783e-04	-1.60500000e-01	2
1.57232274e+03	1.00131111e+00	6.05026821e-04	-1.59500000e-01	4
1.57232753e+03	9.99939658e-01	3.36419327e-04	-1.58500000e-01	7
1.57233232e+03	1.00035879e+00	2.96760323e-04	-1.57500000e-01	6
1.57233711e+03	9.99609407e-01	5.63611148e-05	-1.56500000e-01	3
1.57234190e+03	9.98164931e-01	1.65600963e-03	-1.55500000e-01	3
1.57234669e+03	1.00030015e+00	3.30073091e-04	-1.54500000e-01	4
1.57235148e+03	1.00042583e+00	3.69735730e-04	-1.53500000e-01	9
1.57235628e+03	9.99401012e-01	6.02549396e-04	-1.52500000e-01	4
1.57236107e+03	1.00096903e+00	3.31333076e-05	-1.51500000e-01	2
1.57236586e+03	1.00018262e+00	8.59249351e-04	-1.50500000e-01	3
1.57237065e+03	1.00087444e+00	1.68591388e-04	-1.49500000e-01	9
1.57237544e+03	1.00014219e+00	8.33923582e-04	-1.48500000e-01	4
1.57238023e+03	9.99202503e-01	2.28491399e-04	-1.47500000e-01	2
1.57238502e+03	9.99658069e-01	4.43785175e-04	-1.46500000e-01	4
1.57238981e+03	1.00006056e+00	4.12766768e-04	-1.45500000e-01	6
1.57239460e+03	9.99644944e-01	3.52578525e-04	-1.44500000e-01	6
1.57239939e+03	9.98893519e-01	1.16284025e-04	-1.43500000e-01	4
1.57240419e+03	1.00065825e+00	7.40935863e-05	-1.42500000e-01	3
1.57240898e+03	1.00029316e+00	5.65305372e-04	-1.41500000e-01	4
1.57241377e+03	1.00007450e+00	2.34052668e-04	-1.40500000e-01	8
1.57241856e+03	9.99648807e-01	4.61976316e-04	-1.39500000e-01	5
1.57242335e+03	1.00115068e+00	8.57477002e-04	-1.38500000e-01	2
1.57242814e+03	9.99926283e-01	1.73110728e-04	-1.37500000e-01	3
1.57243293e+03	9.99519360e-01	4.94062612e-04	-1.36500000e-01	9
1.57243772e+03	1.00024631e+00	2.49458569e-04	-1.35500000e-01	4
1.57244251e+03	9.98544532e-01	1.79710112e-03	-1.34500000e-01	2
1.57244730e+03	9.99952208e-01	1.25123026e-03	-1.33500000e-01	4
1.57245210e+03	1.00014162e+00	1.60318486e-04	-1.32500000e-01	6
1.57245689e+03	1.00011526e+00	8.97155310e-04	-1.31500000e-01	6
1.57246168e+03	9.98625910e-01	9.84350031e-05	-1.30500000e-01	4
1.57246647e+03	1.00128654e+00	1.73994955e-04	-1.29500000e-01	3
1.57247126e+03	1.00004846e+00	2.93792387e-04	-1.28500000e-01	4
1.57247605e+03	1.00039828e+00	6.88361296e-04	-1.27500000e-01	9
1.57248084e+03	9.99309074e-01	7.30358783e-04	-1.26500000e-01	4
1.57248563e+03	1.00177768e+00	8.54096052e-05	-1.25500000e-01	2
1.57249042e+03	9.99255545e-01	4.44196226e-04	-1.24500000e-01	4
1.57249521e+03	9.99501353e-01	2.00911236e-04	-1.23500000e-01	8
1.57250001e+03	1.00035859e+00	3.03000645e-04	-1.22500000e-01	6
1.57250480e+03	1.00021871e+00	7.79336176e-04	-1.21500000e-01	2
1.57250959e+03	9.99635752e-01	1.25483446e-03	-1.20500000e-01	4
1.57251438e+03	1.00065749e+00	3.22605608e-04	-1.19500000e-01	6
1.57251917e+03	1.00010396e+00	9.01736402e-04	-1.18500000e-01	7
1.57252396e+03	1.00097612e+00	6.04811844e-04	-1.17500000e-01	4
1.57252875e+03	1.00071508e+00	2.12460508e-03	-1.16500000e-01	2
1.57253354e+03	9.99653163e-01	5.67882131e-04	-1.15500000e-01	4
1.57253833e+03	1.00028270e+00	2.75367252e-04	-1.14500000e-01	9
1.57254312e+03	1.00039451e+00	3.53114615e-04	-1.13500000e-01	5
1.57254791e+03	1.00113420e+00	3.16654512e-03	-1.12500000e-01	2
1.57255271e+03	9.99373898e-01	3.20162016e-04	-1.11500000e-01	3
1.57255750e+03	9.99532330e-01	7.99739150e-04	-1.10500000e-01	9
1.57256229e+03	1.00003062e+00	5.28999585e-04	-1.09500000e-01	6
1.57256708e+03	9.98955497e-01	1.60687212e-03	-1.08500000e-01	2
1.57257187e+03	1.00027803e+00	1.13861308e-03	-1.07500000e-01	4
1.57257666e+03	1.00020603e+00	8.19262108e-04	-1.06500000e-01	5
1.57258145e+03	9.99892890e-01	3.03088779e-04	-1.05500000e-01	8
1.57258624e+03	1.00087345e+00	4.80380933e-04	-1.04500000e-01	4
1.57259103e+03	1.00119033e+00	1.79489119e-04	-1.03500000e-01	2
1.57259582e+03	1.00025086e+00	2.62768611e-04	-1.02500000e-01	4
1.57260062e+03	9.99381865e-01	4.07536594e-04	-1.01500000e-01	9
1.57260541e+03	1.00045117e+00	1.03180121e-03	-1.00500000e-01	5
1.57261020e+03	1.00100401e+00	2.23116475e-04	-9.95000000e-02	2
1.57261499e+03	1.00060366e+00	3.48383660e-06	-9.85000000e-02	3
1.57261978e+03	9.99561858e-01	4.76170033e-04	-9.75000000e-02	7
1.57262457e+03	1.00030035e+00	4.32791485e-04	-9.65000000e-02	6
1.57262936e+03	9.97742936e-01	6.29164627e-04	-9.55000000e-02	3
1.57263415e+03	9.98900807e-01	6.07108762e-04	-9.45000000e-02	4
1.57263894e+03	1.00116198e+00	2.92042104e-04	-9.35000000e-02	5
1.57264373e+03	9.99902548e-01	5.70058531e-04	-9.25000000e-02	8
1.57264853e+03	9.98598526e-01	5.33783443e-04	-9.15000000e-02	4
1.57265332e+03	9.98978982e-01	1.99966667e-04	-9.05000000e-02	2
1.57265811e+03	9.99920183e-01	1.14184070e-03	-8.95000000e-02	4
1.57266290e+03	1.00100436e+00	4.64353792e-04	-8.85000000e-02	8
1.57266769e+03	1.00007719e+00	5.99818447e-04	-8.75000000e-02	4
1.57267248e+03	1.00122228e+00	2.52366727e-03	-8.65000000e-02	3
1.57267727e+03	9.98861858e-01	9.24566579e-04	-8.55000000e-02	3
1.57268206e+03	1.00132258e+00	7.14673646e-04	-8.45000000e-02	7
1.57268685e+03	9.99232884e-01	5.01256683e-04	-8.35000000e-02	7
1.57269164e+03	9.99233762e-01	2.55764109e-04	-8.25000000e-02	3
1.57269644e+03	9.99654820e-01	5.83099167e-04	-8.15000000e-02	4
1.57270123e+03	9.99188975e-01	6.21773326e-04	-8.05000000e-02	5
1.57270602e+03	9.99861596e-01	4.56715205e-04	-7.95000000e-02	8
1.57271081e+03	1.00128868e+00	3.36813362e-04	-7.85000000e-02	4
1.57271560e+03	1.00102043e+00	1.26812034e-03	-7.75000000e-02	2
1.57272039e+03	9.98354765e-01	5.11152295e-05	-7.65000000e-02	4
1.57272518e+03	9.99672868e-01	5.31683965e-04	-7.55000000e-02	8
1.57272997e+03	1.00046843e+00	8.04839023e-04	-7.45000000e-02	5
1.57273476e+03	9.99276014e-01	2.24384515e-03	-7.35000000e-02	2
1.57273955e+03	1.00049773e+00	8.58135181e-04	-7.25000000e-02	4
1.57274435e+03	9.99769106e-01	7.00436883e-04	-7.15000000e-02	7
1.57274914e+03	9.99513818e-01	3.12795243e-04	-7.05000000e-02	7
1.57275393e+03	9.98381945e-01	1.01161542e-03	-6.95000000e-02	3
1.57275872e+03	9.98540563e-01	2.76424031e-04	-6.85000000e-02	3
1.57276351e+03	1.00004989e+00	2.87526809e-04	-6.75000000e-02	5
1.57276830e+03	9.99634619e-01	2.35763546e-04	-6.65000000e-02	9
1.57277309e+03	9.98528430e-01	4.96624669e-04	-6.55000000e-02	4
1.57277788e+03	9.99078422e-01	4.89295766e-04	-6.45000000e-02	2
1.57278267e+03	9.98628717e-01	3.91749294e-04	-6.35000000e-02	3
1.57278746e+03	9.99527504e-01	4.07970007e-04	-6.25000000e-02	9
1.57279225e+03	1.00011954e+00	1.86095122e-04	-6.15000000e-02	5
1.57279705e+03	9.98571926e-01	5.70186955e-04	-6.05000000e-02	2
1.57280184e+03	9.99401890e-01	2.37038829e-04	-5.95000000e-02	4
1.57280663e+03	9.98906185e-01	4.24711145e-04	-5.85000000e-02	6
1.57281142e+03	9.98707939e-01	2.43931069e-04	-5.75000000e-02	8
1.57281621e+03	9.98703378e-01	1.30225641e-03	-5.65000000e-02	3
1.57282100e+03	9.96782046e-01	1.72351389e-03	-5.55000000e-02	3
1.57282579e+03	9.99757281e-01	5.98303971e-04	-5.45000000e-02	4
1.57283058e+03	9.99259768e-01	4.51714614e-04	-5.35000000e-02	9
1.57283537e+03	9.99065997e-01	6.35566862e-04	-5.25000000e-02	6
1.57284016e+03	9.99696109e-01	4.40467513e-04	-5.15000000e-02	2
1.57284496e+03	9.98856128e-01	7.31534484e-04	-5.05000000e-02	4
1.57284975e+03	1.00144168e+00	3.51841068e-04	-4.95000000e-02	11
1.57285454e+03	9.98901374e-01	3.44646679e-04	-4.85000000e-02	4
1.57285933e+03	1.00097221e+00	8.97588673e-04	-4.75000000e-02	3
1.57286412e+03	9.97816492e-01	7.81370099e-04	-4.65000000e-02	5
1.57286891e+03	1.00125849e+00	3.24712074e-04	-4.55000000e-02	7
1.57287370e+03	9.98915780e-01	4.49658455e-04	-4.45000000e-02	8
1.57287849e+03	9.99940471e-01	4.88824749e-04	-4.35000000e-02	5
1.57288328e+03	9.99173415e-01	2.53076855e-04	-4.25000000e-02	4
1.57288807e+03	1.00059772e+00	3.71572919e-04	-4.15000000e-02	4
1.57289287e+03	1.00018508e+00	4.23144449e-04	-4.05000000e-02	11
1.57289766e+03	9.98193227e-01	5.37393010e-04	-3.95000000e-02	5
1.57290245e+03	9.97872226e-01	1.49617001e-03	-3.85000000e-02	3
1.57290724e+03	1.00055395e+00	7.39298490e-04	-3.75000000e-02	4
1.57291203e+03	1.00030865e+00	2.74096105e-04	-3.65000000e-02	10
1.57291682e+03	9.98855647e-01	4.17967239e-04	-3.55000000e-02	6
1.57292161e+03	1.00003239e+00	5.99185656e-06	-3.45000000e-02	3
1.57292640e+03	1.00037070e+00	1.05529732e-03	-3.35000000e-02	5
1.57293119e+03	9.99812641e-01	5.92579642e-04	-3.25000000e-02	7
1.57293598e+03	9.98526094e-01	7.56502709e-04	-3.15000000e-02	8
1.57294078e+03	1.00052441e+00	5.98850083e-04	-3.05000000e-02	5
1.57294557e+03	1.00097156e+00	2.58428300e-04	-2.95000000e-02	4
1.57295036e+03	9.98676500e-01	1.39829047e-03	-2.85000000e-02	4
1.57295515e+03	9.97812687e-01	1.22965700e-03	-2.75000000e-02	11
1.57295994e+03	9.99360919e-01	1.30382020e-03	-2.65000000e-02	5
1.57296473e+03	9.98624829e-01	7.94848183e-05	-2.55000000e-02	2
1.57296952e+03	9.99372498e-01	2.86407185e-04	-2.45000000e-02	4
1.57297431e+03	9.96799610e-01	1.23175891e-03	-2.35000000e-02	9
1.57297910e+03	9.98954740e-01	1.62187095e-03	-2.25000000e-02	2
1.57298389e+03	9.99165050e-01	2.60082526e-04	-2.15000000e-02	3
1.57298868e+03	9.99563433e-01	7.52673113e-04	-2.05000000e-02	5
1.57299348e+03	9.93295750e-01	8.15027530e-04	-1.95000000e-02	7
1.57299827e+03	9.98564927e-01	2.08664094e-03	-1.85000000e-02	2
1.57300306e+03	9.99994975e-01	7.04760598e-04	-1.75000000e-02	5
1.57300785e+03	1.00214066e+00	5.22036223e-04	-1.65000000e-02	3
1.57301264e+03	9.99380070e-01	9.46193647e-04	-1.55000000e-02	2
1.57301743e+03	9.99782125e-01	5.49199829e-04	-1.45000000e-02	6
1.57302222e+03	9.99824112e-01	4.20209982e-04	-1.35000000e-02	4
1.57302701e+03	1.00106318e+00	9.02068846e-04	-1.25000000e-02	2
1.57303180e+03	9.98994883e-01	4.59006659e-04	-1.15000000e-02	4
1.57303659e+03	9.97824318e-01	6.90877227e-04	-1.05000000e-02	5
1.57304139e+03	9.97092442e-01	4.30048422e-04	-9.50000000e-03	2
1.57304618e+03	9.96536608e-01	1.05176428e-03	-8.50000000e-03	3
1.57305097e+03	9.95103993e-01	3.33840074e-04	-7.50000000e-03	5
1.57305576e+03	9.93436627e-01	1.68324545e-03	-6.50000000e-03	4
1.57306055e+03	9.97372615e-01	2.13669605e-05	-5.50000000e-03	3
1.57306534e+03	9.93877903e-01	8.41246488e-04	-4.50000000e-03	5
1.57307013e+03	9.94091826e-01	8.07376137e-04	-3.50000000e-03	3
1.57307492e+03	9.92100612e-01	5.57866669e-04	-2.50000000e-03	3
1.57307971e+03	9.91767679e-01	2.72013903e-04	-1.50000000e-03	6
1.57308450e+03	9.91269716e-01	1.38008272e-04	-5.00000000e-04	2
1.57308930e+03	9.90526356e-01	1.08220153e-03	5.00000000e-04	1
1.57309409e+03	9.90501567e-01	6.53853143e-04	1.50000000e-03	2
1.57309888e+03	9.92125792e-01	4.06915937e-04	2.50000000e-03	6
1.57310846e+03	9.89461458e-01	1.15284176e-04	4.50000000e-03	3
1.57311804e+03	9.94054689e-01	4.48120681e-04	6.50000000e-03	3
1.57312283e+03	9.94498515e-01	1.02734877e-03	7.50000000e-03	4
1.57313721e+03	9.97966381e-01	6.17479366e-04	1.05000000e-02	2
1.57314200e+03	9.97476572e-01	7.92674314e-04	1.15000000e-02	4
1.57314679e+03	9.93642092e-01	2.35289080e-04	1.25000000e-02	3
1.57316116e+03	1.00040951e+00	5.35118525e-04	1.55000000e-02	4
1.57316595e+03	9.98801842e-01	2.34674654e-04	1.65000000e-02	5
1.57318032e+03	1.00073980e+00	1.59083792e-04	1.95000000e-02	3
1.57318512e+03	9.99504571e-01	6.63429811e-04	2.05000000e-02	6
1.57319949e+03	1.00046160e+00	6.34946655e-04	2.35000000e-02	1
1.57320428e+03	9.97767115e-01	1.72028302e-03	2.45000000e-02	9
1.57320907e+03	9.99423551e-01	1.18170037e-03	2.55000000e-02	5
1.57321865e+03	9.90131027e-01	1.01108744e-05	2.75000000e-02	2
1.57322344e+03	9.95086509e-01	2.12649302e-03	2.85000000e-02	10
1.57322823e+03	9.99287978e-01	6.03906404e-04	2.95000000e-02	7
1.57323302e+03	9.92645750e-01	2.01211059e-04	3.05000000e-02	4
1.57323782e+03	9.95198322e-01	7.50979154e-04	3.15000000e-02	4
1.57324261e+03	9.97335685e-01	2.59451294e-03	3.25000000e-02	4
1.57324740e+03	9.98833898e-01	7.46444138e-04	3.35000000e-02	11
1.57325219e+03	9.97419111e-01	1.82896622e-04	3.45000000e-02	5
1.57325698e+03	9.98484653e-01	1.20310337e-03	3.55000000e-02	2
1.57326177e+03	9.98408570e-01	7.04733524e-04	3.65000000e-02	4
1.57326656e+03	9.98886665e-01	4.26775963e-04	3.75000000e-02	10
1.57327135e+03	1.00034484e+00	3.60565048e-04	3.85000000e-02	6
1.57327614e+03	1.00115821e+00	8.31430584e-04	3.95000000e-02	2
1.57328093e+03	9.99747001e-01	2.35181879e-04	4.05000000e-02	5
1.57328573e+03	1.00026630e+00	7.92185723e-04	4.15000000e-02	7
1.57329052e+03	9.99935989e-01	5.67375315e-04	4.25000000e-02	7
1.57329531e+03	9.99129835e-01	7.00826125e-04	4.35000000e-02	5
1.57330010e+03	1.00025919e+00	1.35895116e-04	4.45000000e-02	4
1.57330489e+03	1.00030390e+00	3.59933397e-04	4.55000000e-02	4
1.57330968e+03	9.99901037e-01	6.08407584e-04	4.65000000e-02	10
1.57331447e+03	9.99726495e-01	2.40146192e-04	4.75000000e-02	6
1.57331926e+03	1.00064120e+00	5.98255128e-04	4.85000000e-02	2
1.57332405e+03	9.99154045e-01	2.96036302e-04	4.95000000e-02	4
1.57332884e+03	1.00041441e+00	2.05920094e-04	5.05000000e-02	11
1.57333364e+03	1.00051219e+00	6.99094268e-04	5.15000000e-02	5
1.57333843e+03	9.98923644e-01	1.60915588e-04	5.25000000e-02	3
1.57334322e+03	9.99566689e-01	7.46032116e-04	5.35000000e-02	5
1.57334801e+03	9.99045473e-01	3.86235111e-04	5.45000000e-02	7
1.57335280e+03	9.99230234e-01	4.21379283e-04	5.55000000e-02	7
1.57335759e+03	9.99334057e-01	9.63953104e-04	5.65000000e-02	5
1.57336238e+03	9.98866141e-01	4.78572161e-04	5.75000000e-02	4
1.57336717e+03	9.99749892e-01	5.53266290e-04	5.85000000e-02	4
1.57337196e+03	9.99609774e-01	2.11643665e-04	5.95000000e-02	10
1.57337675e+03	1.00008208e+00	6.49214516e-04	6.05000000e-02	5
1.57338155e+03	9.99855916e-01	3.54946258e-04	6.15000000e-02	2
1.57338634e+03	1.00101572e+00	6.22407854e-04	6.25000000e-02	5
1.57339113e+03	1.00008222e+00	5.55938429e-04	6.35000000e-02	9
1.57339592e+03	9.99525959e-01	7.75616707e-04	6.45000000e-02	6
1.57340071e+03	9.99663126e-01	6.17541281e-04	6.55000000e-02	3
1.57340550e+03	9.99224164e-01	4.60757650e-04	6.65000000e-02	5
1.57341029e+03	9.98505083e-01	8.13725230e-04	6.75000000e-02	7
1.57341508e+03	1.00011796e+00	2.23694151e-04	6.85000000e-02	7
1.57341987e+03	1.00000100e+00	1.11040447e-03	6.95000000e-02	5
1.57342466e+03	1.00089815e+00	6.61937514e-04	7.05000000e-02	3
1.57342945e+03	9.99911513e-01	9.30482901e-04	7.15000000e-02	5
1.57343425e+03	9.99987290e-01	6.51079929e-04	7.25000000e-02	10
1.57343904e+03	9.99488028e-01	7.10241940e-04	7.35000000e-02	5
1.57344383e+03	1.00256889e+00	2.11623867e-03	7.45000000e-02	2
1.57344862e+03	9.99580706e-01	4.18619152e-04	7.55000000e-02	4
1.57345341e+03	9.99933016e-01	5.40560444e-04	7.65000000e-02	10
1.57345820e+03	9.99434732e-01	7.91375356e-04	7.75000000e-02	5
1.57346299e+03	9.99106557e-01	1.03850516e-03	7.85000000e-02	3
1.57346778e+03	1.00005056e+00	5.72532744e-04	7.95000000e-02	5
1.57347257e+03	9.99637413e-01	5.34452452e-04	8.05000000e-02	6
1.57347736e+03	1.00014627e+00	3.12077912e-04	8.15000000e-02	8
1.57348216e+03	1.00009505e+00	7.31410120e-04	8.25000000e-02	5
1.57348695e+03	1.00070799e+00	1.27593162e-03	8.35000000e-02	3
1.57349174e+03	9.99815985e-01	3.23004796e-04	8.45000000e-02	4
1.57349653e+03	1.00035877e+00	4.31436225e-04	8.55000000e-02	10
1.57350132e+03	1.00042124e+00	2.28434239e-04	8.65000000e-02	6
1.57350611e+03	9.99907630e-01	3.15513901e-04	8.75000000e-02	2
1.57351090e+03	1.00059176e+00	3.87555347e-04	8.85000000e-02	4
1.57351569e+03	9.99398379e-01	3.37255321e-04	8.95000000e-02	10
1.57352048e+03	9.99502297e-01	6.34143642e-05	9.05000000e-02	5
1.57352527e+03	1.00074482e+00	4.61822487e-04	9.15000000e-02	4
1.57353007e+03	9.98934731e-01	5.06365442e-04	9.25000000e-02	5
1.57353486e+03	9.99508658e-01	1.10884102e-03	9.35000000e-02	5
1.57353965e+03	1.00015821e+00	3.93027376e-04	9.45000000e-02	9
1.57354444e+03	9.98985335e-01	1.33274129e-04	9.55000000e-02	5
1.57354923e+03	1.00164756e+00	2.89800423e-04	9.65000000e-02	3
1.57355402e+03	9.99520436e-01	9.42988827e-04	9.75000000e-02	4
1.57355881e+03	1.00082419e+00	2.86106830e-04	9.85000000e-02	10
1.57356360e+03	1.00121391e+00	8.99999026e-04	9.95000000e-02	5
1.57356839e+03	9.99971061e-01	1.00518530e-03	1.00500000e-01	3
1.57357318e+03	9.98330863e-01	1.30881296e-03	1.01500000e-01	4
1.57357798e+03	9.99420678e-01	2.89226596e-04	1.02500000e-01	9
1.57358277e+03	1.00012944e+00	7.50232031e-04	1.03500000e-01	6
1.57358756e+03	1.00147169e+00	7.74324915e-04	1.04500000e-01	4
1.57359235e+03	9.99624245e-01	4.52398056e-04	1.05500000e-01	5
1.57359714e+03	9.98103405e-01	7.09143048e-04	1.06500000e-01	6
1.57360193e+03	1.00041911e+00	4.40565462e-04	1.07500000e-01	9
1.57360672e+03	9.99840042e-01	1.21193230e-03	1.08500000e-01	5
1.57361151e+03	1.00072007e+00	9.62497599e-04	1.09500000e-01	3
1.57361630e+03	1.00021057e+00	1.19252931e-04	1.10500000e-01	4
1.57362109e+03	9.99838512e-01	3.82900962e-04	1.11500000e-01	11
1.57362589e+03	9.99096844e-01	1.16425847e-03	1.12500000e-01	5
1.57363068e+03	9.98736327e-01	1.84613800e-03	1.13500000e-01	2
1.57363547e+03	9.98258217e-01	1.67106550e-03	1.14500000e-01	5
1.57364026e+03	1.00079914e+00	2.09926276e-04	1.15500000e-01	9
1.57364505e+03	1.00071806e+00	8.02489249e-04	1.16500000e-01	7
1.57364984e+03	1.00046973e+00	4.20437561e-04	1.17500000e-01	4
1.57365463e+03	1.00012571e+00	1.33855615e-03	1.18500000e-01	5
1.57365942e+03	9.99971525e-01	7.44538569e-04	1.19500000e-01	6
1.57366421e+03	1.00037800e+00	4.15781332e-04	1.20500000e-01	9
1.57366900e+03	1.00084769e+00	5.65755824e-04	1.21500000e-01	5
1.57367379e+03	1.00018971e+00	8.78867144e-04	1.22500000e-01	2
1.57367859e+03	1.00005212e+00	2.85139562e-04	1.23500000e-01	4
1.57368338e+03	9.99839392e-01	4.59072191e-04	1.24500000e-01	10
1.57368817e+03	1.00023322e+00	2.99266136e-04	1.25500000e-01	6
1.57369296e+03	1.00078916e+00	9.01114841e-05	1.26500000e-01	2
1.57369775e+03	1.00088305e+00	2.47412957e-04	1.27500000e-01	5
1.57370254e+03	1.00088117e+00	5.51723892e-04	1.28500000e-01	9
1.57370733e+03	1.00078773e+00	9.94713014e-05	1.29500000e-01	7
1.57371212e+03	9.99928547e-01	1.06523439e-03	1.30500000e-01	4
1.57371691e+03	1.00012878e+00	4.02452141e-04	1.31500000e-01	4
1.57372170e+03	1.00143164e+00	2.95285735e-04	1.32500000e-01	4
1.57372650e+03	1.00097536e+00	2.63523992e-04	1.33500000e-01	12
1.57373129e+03	1.00151855e+00	3.72269808e-04	1.34500000e-01	5
1.57373608e+03	1.00052763e+00	1.70661223e-03	1.35500000e-01	2
1.57374087e+03	1.00101502e+00	8.05110733e-04	1.36500000e-01	4
1.57374566e+03	1.00026969e+00	4.23923159e-04	1.37500000e-01	11
1.57375045e+03	9.99435510e-01	4.63446843e-04	1.38500000e-01	6
1.57375524e+03	1.00034267e+00	1.23751305e-03	1.39500000e-01	2
1.57376003e+03	1.00077443e+00	1.14815392e-03	1.40500000e-01	5
1.57376482e+03	1.00057932e+00	4.87185789e-04	1.41500000e-01	7
1.57376961e+03	9.99507193e-01	5.64922895e-04	1.42500000e-01	8
1.57377441e+03	1.00030673e+00	2.47910236e-04	1.43500000e-01	5
1.57377920e+03	1.00014574e+00	7.48854959e-04	1.44500000e-01	4
1.57378399e+03	1.00088415e+00	8.82763330e-04	1.45500000e-01	5
1.57378878e+03	1.00040285e+00	3.92937471e-04	1.46500000e-01	11
1.57379357e+03	1.00059090e+00	6.64982326e-04	1.47500000e-01	6
1.57379836e+03	1.00077609e+00	2.69694955e-04	1.48500000e-01	2
1.57380315e+03	9.99855907e-01	2.24427092e-04	1.49500000e-01	4
1.57380794e+03	1.00113571e+00	5.61291444e-04	1.50500000e-01	12
1.57381273e+03	1.00130805e+00	1.01430226e-03	1.51500000e-01	4
1.57381752e+03	1.00034258e+00	1.13359250e-03	1.52500000e-01	3
1.57382232e+03	1.00021330e+00	1.77434508e-04	1.53500000e-01	5
1.57382711e+03	9.99974387e-01	2.68629111e-04	1.54500000e-01	7
1.57383190e+03	1.00025518e+00	4.66300794e-04	1.55500000e-01	7
1.57383669e+03	1.00029570e+00	4.00376026e-04	1.56500000e-01	5
1.57384148e+03	9.99616418e-01	5.57466496e-04	1.57500000e-01	4
1.57384627e+03	1.00009371e+00	5.48907075e-04	1.58500000e-01	4
1.57385106e+03	1.00009592e+00	3.00480505e-04	1.59500000e-01	10
1.57385585e+03	1.00012589e+00	4.82663792e-04	1.60500000e-01	5
1.57386064e+03	9.99773122e-01	7.13249354e-06	1.61500000e-01	2
1.57386543e+03	1.00124201e+00	1.03720498e-03	1.62500000e-01	5
1.57387022e+03	9.99913506e-01	7.70021799e-04	1.63500000e-01	11
1.57387502e+03	1.00055668e+00	7.54072462e-04	1.64500000e-01	6
1.57387981e+03	1.00168339e+00	2.78244699e-04	1.65500000e-01	3
1.57388460e+03	1.00061178e+00	1.06239382e-03	1.66500000e-01	5
1.57388939e+03	9.99677655e-01	6.73242120e-04	1.67500000e-01	7
1.57389418e+03	1.00047492e+00	2.73565412e-04	1.68500000e-01	7
1.57389897e+03	9.99207634e-01	2.40860807e-04	1.69500000e-01	5
1.57390376e+03	9.99171498e-01	9.23350232e-04	1.70500000e-01	3
1.57390855e+03	1.00018172e+00	3.85163542e-04	1.71500000e-01	4
1.57391334e+03	1.00018564e+00	4.80926432e-04	1.72500000e-01	10
1.57391813e+03	9.99365333e-01	2.52027044e-04	1.73500000e-01	5
1.57392293e+03	9.99181649e-01	1.59068287e-03	1.74500000e-01	2
1.57392772e+03	1.00104591e+00	3.56917417e-04	1.75500000e-01	4
1.57393251e+03	1.00048486e+00	6.06258894e-04	1.76500000e-01	10
1.57393730e+03	1.00024413e+00	5.94617090e-04	1.77500000e-01	6
1.57394209e+03	9.99248592e-01	5.09152020e-04	1.78500000e-01	3
1.57394688e+03	9.99188037e-01	3.77928845e-04	1.79500000e-01	5
1.57395167e+03	9.98670733e-01	3.19960019e-04	1.80500000e-01	5
1.57395646e+03	1.00082279e+00	5.15781714e-04	1.81500000e-01	9
1.57396125e+03	9.98928100e-01	2.61862563e-04	1.82500000e-01	5
1.57396604e+03	1.00036300e+00	1.24348143e-04	1.83500000e-01	3
1.57397084e+03	1.00006690e+00	4.12062725e-04	1.84500000e-01	4
1.57397563e+03	1.00004583e+00	4.99272971e-04	1.85500000e-01	11
1.57398042e+03	1.00144989e+00	7.21208176e-04	1.86500000e-01	6
1.57398521e+03	1.00036936e+00	2.62692877e-03	1.87500000e-01	2
1.57399000e+03	9.99095000e-01	8.32121481e-04	1.88500000e-01	4
1.57399479e+03	9.99363026e-01	6.04646781e-04	1.89500000e-01	9
1.57399958e+03	9.98702640e-01	5.46962453e-04	1.90500000e-01	6
1.57400437e+03	9.98778194e-01	4.91770636e-04	1.91500000e-01	4
1.57400916e+03	9.99284282e-01	7.44160357e-04	1.92500000e-01	5
1.57401395e+03	1.00079061e+00	1.77701049e-04	1.93500000e-01	5
1.57401875e+03	1.00108542e+00	4.64844775e-04	1.94500000e-01	10
1.57402354e+03	9.99651443e-01	1.18995388e-03	1.95500000e-01	5
1.57402833e+03	9.99404194e-01	7.10745466e-05	1.96500000e-01	3
1.57403312e+03	1.00018132e+00	2.70265749e-04	1.97500000e-01	4
1.57403791e+03	1.00020897e+00	4.72115569e-04	1.98500000e-01	11
1.57404270e+03	1.00008482e+00	8.10114160e-04	1.99500000e-01	5
1.57404749e+03	1.00065554e+00	2.51785881e-03	2.00500000e-01	2
1.57405228e+03	9.99754127e-01	8.25372674e-04	2.01500000e-01	5
1.57405707e+03	9.99416198e-01	4.03553342e-04	2.02500000e-01	9
1.57406186e+03	1.00075776e+00	3.69418403e-04	2.03500000e-01	7
1.57406666e+03	9.98570149e-01	3.56344022e-04	2.04500000e-01	4
1.57407145e+03	1.00022138e+00	6.53631018e-04	2.05500000e-01	5
1.57407624e+03	9.99836064e-01	3.70631838e-04	2.06500000e-01	4
1.57408103e+03	9.99903498e-01	3.45377258e-04	2.07500000e-01	10
1.57408582e+03	1.00080718e+00	6.11295323e-04	2.08500000e-01	5
1.57409061e+03	1.00047893e+00	4.21308274e-04	2.09500000e-01	2
1.57409540e+03	1.00029828e+00	6.49504264e-04	2.10500000e-01	5
1.57410019e+03	1.00047750e+00	7.76481311e-04	2.11500000e-01	10
1.57410498e+03	9.99768064e-01	1.00570999e-03	2.12500000e-01	6
1.57410977e+03	1.00184234e+00	1.08702787e-03	2.13500000e-01	1
1.57411456e+03	9.98651746e-01	2.84616575e-04	2.14500000e-01	4
1.57411936e+03	1.00022796e+00	5.18489612e-04	2.15500000e-01	8
1.57412415e+03	1.00127609e+00	2.25138852e-04	2.16500000e-01	6
1.57412894e+03	1.00167077e+00	4.72493501e-04	2.17500000e-01	4
1.57413373e+03	9.99933676e-01	3.91743321e-04	2.18500000e-01	4
1.57413852e+03	1.00125581e+00	1.33325368e-03	2.19500000e-01	6
1.57414331e+03	1.00021265e+00	4.56898887e-04	2.20500000e-01	10
1.57414810e+03	1.00014884e+00	1.89509772e-04	2.21500000e-01	5
1.57415289e+03	1.00107289e+00	3.75149137e-04	2.22500000e-01	2
1.57415768e+03	1.00025490e+00	8.90221610e-04	2.23500000e-01	4
1.57416247e+03	1.00015983e+00	5.45873113e-04	2.24500000e-01	12
1.57416727e+03	1.00007144e+00	4.86141098e-04	2.25500000e-01	6
1.57417206e+03	1.00212185e+00	2.91550200e-03	2.26500000e-01	2
1.57417685e+03	9.99734530e-01	6.52680220e-04	2.27500000e-01	5
1.57418164e+03	1.00039255e+00	7.97946687e-04	2.28500000e-01	9
1.57418643e+03	1.00042864e+00	6.66550837e-04	2.29500000e-01	8
1.57419122e+03	1.00112474e+00	6.40557330e-05	2.30500000e-01	4
1.57419601e+03	1.00008490e+00	1.10288205e-03	2.31500000e-01	4
1.57420080e+03	1.00312188e+00	2.42622766e-03	2.32500000e-01	5
1.57420559e+03	9.99861967e-01	1.18612478e-04	2.33500000e-01	11
1.57421038e+03	1.00078295e+00	3.95998701e-04	2.34500000e-01	6
1.57421518e+03	1.00046710e+00	1.10884931e-03	2.35500000e-01	2
1.57421997e+03	1.00042636e+00	7.22470980e-05	2.36500000e-01	4
1.57422476e+03	1.00082025e+00	5.27904648e-04	2.37500000e-01	11
1.57422955e+03	1.00068209e+00	3.09022529e-04	2.38500000e-01	5
1.57423434e+03	9.99969721e-01	4.84763451e-04	2.39500000e-01	3
1.57423913e+03	1.00020088e+00	1.32766905e-04	2.40500000e-01	5
1.57424392e+03	9.99807437e-01	5.06150395e-04	2.41500000e-01	7
1.57424871e+03	1.00033636e+00	5.35181490e-04	2.42500000e-01	7
1.57425350e+03	9.99103196e-01	2.28444078e-04	2.43500000e-01	5
1.57425829e+03	9.99428182e-01	7.35873313e-04	2.44500000e-01	4
1.57426309e+03	9.99791269e-01	1.20356467e-03	2.45500000e-01	4
1.57426788e+03	1.00047081e+00	3.50772895e-04	2.46500000e-01	10
1.57427267e+03	9.99807371e-01	6.14416647e-04	2.47500000e-01	6
1.57427746e+03	1.00048021e+00	8.77217355e-05	2.48500000e-01	4
1.57428225e+03	9.99894732e-01	4.40921534e-04	2.49500000e-01	4
1.57428704e+03	1.00120999e+00	2.65755958e-04	2.50500000e-01	12
1.57429183e+03	1.00020106e+00	2.56491494e-04	2.51500000e-01	7
1.57429662e+03	1.00194541e+00	7.25202960e-04	2.52500000e-01	3
1.57430141e+03	9.99781490e-01	5.41733837e-04	2.53500000e-01	6
1.57430620e+03	1.00059902e+00	5.21384954e-04	2.54500000e-01	9
1.57431100e+03	1.00001137e+00	2.42615629e-04	2.55500000e-01	9
1.57431579e+03	1.00077955e+00	2.64552512e-05	2.56500000e-01	5
1.57432058e+03	9.99416736e-01	2.68858949e-04	2.57500000e-01	5
1.57432537e+03	1.00039216e+00	1.25933401e-03	2.58500000e-01	6
1.57433016e+03	9.99797788e-01	1.74104406e-04	2.59500000e-01	10
1.57433495e+03	1.00095277e+00	8.21141100e-04	2.60500000e-01	6
1.57433974e+03	1.00013024e+00	9.23507733e-04	2.61500000e-01	3
1.57434453e+03	1.00116884e+00	9.16773123e-04	2.62500000e-01	4
1.57434932e+03	1.00051593e+00	2.94569084e-04	2.63500000e-01	12
1.57435411e+03	1.00039260e+00	4.31213219e-04	2.64500000e-01	7
1.57435890e+03	1.00130040e+00	1.67421032e-04	2.65500000e-01	3
1.57436370e+03	1.00105653e+00	3.87447764e-04	2.66500000e-01	6
1.57436849e+03	1.00056145e+00	5.92091630e-04	2.67500000e-01	9
1.57437328e+03	1.00031537e+00	7.32948020e-04	2.68500000e-01	9
1.57437807e+03	9.99447127e-01	1.09040920e-03	2.69500000e-01	5
1.57438286e+03	9.97971035e-01	3.87689151e-04	2.70500000e-01	4
1.57438765e+03	1.00039444e+00	7.34626988e-04	2.71500000e-01	6
1.57439244e+03	1.00049153e+00	4.56470975e-04	2.72500000e-01	12
1.57439723e+03	1.00085851e+00	5.71964186e-04	2.73500000e-01	7
1.57440202e+03	9.98984168e-01	4.36616316e-04	2.74500000e-01	3
1.57440681e+03	1.00092170e+00	9.64799726e-04	2.75500000e-01	4
1.57441161e+03	1.00149900e+00	5.25763480e-04	2.76500000e-01	13
1.57441640e+03	9.99630885e-01	2.56792413e-04	2.77500000e-01	7
1.57442119e+03	1.00066846e+00	6.43148764e-04	2.78500000e-01	3
1.57442598e+03	1.00040956e+00	1.45340017e-03	2.79500000e-01	6
1.57443077e+03	1.00130159e+00	5.72210748e-04	2.80500000e-01	7
1.57443556e+03	1.00029678e+00	5.21903220e-04	2.81500000e-01	10
1.57444035e+03	1.00000432e+00	7.34527421e-04	2.82500000e-01	6
1.57444514e+03	1.00071311e+00	1.26669638e-04	2.83500000e-01	4
1.57444993e+03	1.00130955e+00	3.79961059e-04	2.84500000e-01	5
1.57445472e+03	1.00161903e+00	1.81679511e-04	2.85500000e-01	12
1.57445952e+03	9.99962943e-01	6.10722186e-04	2.86500000e-01	7
1.57446431e+03	1.00105444e+00	3.98090390e-04	2.87500000e-01	3
1.57446910e+03	1.00029387e+00	1.12393534e-03	2.88500000e-01	4
1.57447389e+03	1.00016843e+00	8.24436772e-04	2.89500000e-01	10
1.57447868e+03	1.00122677e+00	6.59037266e-04	2.90500000e-01	8
1.57448347e+03	1.00095023e+00	9.02851509e-04	2.91500000e-01	4
1.57448826e+03	9.99510544e-01	5.79784370e-04	2.92500000e-01	6
1.57449305e+03	1.00130890e+00	5.30196201e-04	2.93500000e-01	6
1.57449784e+03	1.00111876e+00	2.38911123e-04	2.94500000e-01	10
1.57450263e+03	1.00015852e+00	8.76475995e-04	2.95500000e-01	6
1.57450743e+03	9.98777143e-01	7.32537093e-04	2.96500000e-01	4
1.57451222e+03	1.00196717e+00	2.27733963e-04	2.97500000e-01	5
1.57451701e+03	1.00082202e+00	6.18200152e-04	2.98500000e-01	11
1.57452180e+03	1.00020508e+00	4.12233527e-04	2.99500000e-01	6
1.57452659e+03	1.00129818e+00	1.12213778e-03	3.00500000e-01	3
1.57453138e+03	1.00141263e+00	8.99107238e-04	3.01500000e-01	5
1.57453617e+03	9.99596496e-01	5.06514742e-04	3.02500000e-01	10
1.57454096e+03	1.00043642e+00	2.87710962e-04	3.03500000e-01	8
1.57454575e+03	1.00165274e+00	6.01446342e-04	3.04500000e-01	4
1.57455054e+03	1.00095619e+00	8.83897127e-05	3.05500000e-01	5
1.57455533e+03	1.00111411e+00	5.71537279e-04	3.06500000e-01	6
1.57456013e+03	1.00038202e+00	3.74671743e-04	3.07500000e-01	10
1.57456492e+03	9.99950910e-01	4.46560143e-04	3.08500000e-01	6
1.57456971e+03	9.99520677e-01	2.43890818e-04	3.09500000e-01	3
1.57457450e+03	9.99948145e-01	4.80062544e-04	3.10500000e-01	4
1.57457929e+03	1.00104393e+00	2.53384914e-04	3.11500000e-01	12
1.57458408e+03	1.00002721e+00	5.52463305e-04	3.12500000e-01	7
1.57458887e+03	1.00227350e+00	2.26689053e-04	3.13500000e-01	3
1.57459366e+03	1.00107084e+00	4.45615168e-04	3.14500000e-01	5
1.57459845e+03	1.00022720e+00	4.82309976e-04	3.15500000e-01	10
1.57460324e+03	1.00012161e+00	2.02741142e-04	3.16500000e-01	8
1.57460804e+03	1.00009521e+00	2.33320468e-04	3.17500000e-01	4
1.57461283e+03	1.00106525e+00	3.85868735e-04	3.18500000e-01	5
1.57461762e+03	1.00093998e+00	2.87066941e-04	3.19500000e-01	6
1.57462241e+03	1.00126560e+00	3.08605224e-04	3.20500000e-01	11
1.57462720e+03	1.00044393e+00	3.06977262e-04	3.21500000e-01	6
1.57463199e+03	9.99055288e-01	3.76795332e-04	3.22500000e-01	3
1.57463678e+03	1.00002419e+00	4.26925048e-04	3.23500000e-01	4
1.57464157e+03	9.99918853e-01	3.35812451e-04	3.24500000e-01	13
1.57464636e+03	1.00122084e+00	2.87553931e-04	3.25500000e-01	7
1.57465115e+03	9.99789738e-01	8.32116512e-04	3.26500000e-01	3
1.57465595e+03	1.00000960e+00	1.65456047e-03	3.27500000e-01	5
1.57466074e+03	1.00050232e+00	5.46769986e-04	3.28500000e-01	10
1.57466553e+03	1.00088565e+00	5.39345355e-04	3.29500000e-01	8
1.57467032e+03	1.00061828e+00	8.80463911e-04	3.30500000e-01	5
1.57467511e+03	1.00035407e+00	1.01643197e-03	3.31500000e-01	5
1.57467990e+03	1.00001389e+00	9.26128323e-04	3.32500000e-01	6
1.57468469e+03	1.00035397e+00	2.00800819e-04	3.33500000e-01	10
1.57468948e+03	1.00059181e+00	8.79467854e-04	3.34500000e-01	7
1.57469427e+03	1.00050736e+00	1.05473795e-04	3.35500000e-01	3
1.57469906e+03	9.98987492e-01	1.44743866e-03	3.36500000e-01	4
1.57470386e+03	1.00001650e+00	4.15377040e-04	3.37500000e-01	13
1.57470865e+03	9.99990081e-01	1.10114395e-03	3.38500000e-01	6
1.57471344e+03	9.99609068e-01	3.77752025e-04	3.39500000e-01	4
1.57471823e+03	9.98824990e-01	6.99964838e-04	3.40500000e-01	5
1.57472302e+03	9.99489001e-01	4.09147686e-04	3.41500000e-01	9
1.57472781e+03	1.00004880e+00	5.65693937e-04	3.42500000e-01	9
1.57473260e+03	9.99615964e-01	6.16119594e-04	3.43500000e-01	5
1.57473739e+03	9.98832645e-01	1.51587263e-04	3.44500000e-01	5
1.57474218e+03	1.00098665e+00	8.05763336e-04	3.45500000e-01	6
1.57474697e+03	9.99411704e-01	5.60463850e-04	3.46500000e-01	11
1.57475177e+03	9.99922804e-01	6.94539120e-04	3.47500000e-01	6
1.57475656e+03	9.98447003e-01	5.44462886e-04	3.48500000e-01	3
1.57476135e+03	1.00008625e+00	1.05000569e-03	3.49500000e-01	6
1.57476614e+03	9.99317589e-01	3.41502441e-04	3.50500000e-01	12
1.57477093e+03	1.00043623e+00	5.03062756e-04	3.51500000e-01	7
1.57477572e+03	9.98671356e-01	6.05596943e-05	3.52500000e-01	3
1.57478051e+03	1.00034460e+00	1.83526614e-04	3.53500000e-01	6
1.57478530e+03	9.99413525e-01	2.78420419e-04	3.54500000e-01	9
1.57479009e+03	1.00033313e+00	2.95882482e-04	3.55500000e-01	9
1.57479488e+03	9.98556600e-01	1.20537816e-03	3.56500000e-01	5
1.57479967e+03	1.00081486e+00	4.48757074e-04	3.57500000e-01	4
1.57480447e+03	1.00029630e+00	2.63872689e-04	3.58500000e-01	7
1.57480926e+03	9.99538028e-01	2.84792430e-04	3.59500000e-01	11
1.57481405e+03	9.99234358e-01	4.69427202e-04	3.60500000e-01	6
1.57481884e+03	9.97974212e-01	3.00568645e-04	3.61500000e-01	3
1.57482363e+03	1.00081018e+00	4.01484373e-04	3.62500000e-01	4
1.57482842e+03	1.00109331e+00	4.67514608e-04	3.63500000e-01	12
1.57483321e+03	9.99768239e-01	2.07264659e-04	3.64500000e-01	7
1.57483800e+03	1.00102949e+00	4.27159454e-04	3.65500000e-01	3
1.57484279e+03	1.00098705e+00	3.66653751e-04	3.66500000e-01	6
1.57484758e+03	9.98670494e-01	6.87336602e-04	3.67500000e-01	8
1.57485238e+03	9.99931801e-01	6.32323545e-04	3.68500000e-01	10
1.57485717e+03	1.00015729e+00	2.72641586e-04	3.69500000e-01	5
1.57486196e+03	9.98820205e-01	5.11406561e-04	3.70500000e-01	4
1.57486675e+03	1.00089131e+00	7.08499345e-04	3.71500000e-01	6
1.57487154e+03	9.99385963e-01	2.57858905e-04	3.72500000e-01	12
1.57487633e+03	1.00000996e+00	6.84465774e-04	3.73500000e-01	7
1.57488112e+03	1.00004644e+00	2.34983495e-04	3.74500000e-01	3
1.57488591e+03	9.99773706e-01	5.24935657e-04	3.75500000e-01	4
1.57489070e+03	1.00049666e+00	4.20120307e-04	3.76500000e-01	12
1.57489549e+03	9.99807592e-01	6.01466552e-04	3.77500000e-01	7
1.57490029e+03	1.00131024e+00	5.01663655e-04	3.78500000e-01	4
1.57490508e+03	1.00009802e+00	5.68284866e-04	3.79500000e-01	6
1.57490987e+03	9.99259515e-01	5.98374990e-04	3.80500000e-01	7
1.57491466e+03	9.99883535e-01	5.29777610e-04	3.81500000e-01	10
1.57491945e+03	9.99350023e-01	5.06824953e-04	3.82500000e-01	6
1.57492424e+03	9.99885450e-01	5.03240030e-04	3.83500000e-01	4
1.57492903e+03	9.99554012e-01	4.57415934e-04	3.84500000e-01	5
1.57493382e+03	9.99785145e-01	5.33116236e-04	3.85500000e-01	12
1.57493861e+03	9.99075986e-01	4.11370413e-04	3.86500000e-01	6
1.57494340e+03	1.00121648e+00	9.79071975e-05	3.87500000e-01	4
1.57494820e+03	9.99542301e-01	9.81944883e-04	3.88500000e-01	4
1.57495299e+03	9.99950249e-01	4.60342384e-04	3.89500000e-01	11
1.57495778e+03	9.99618800e-01	3.30702752e-04	3.90500000e-01	8
1.57496257e+03	9.99045933e-01	9.77321395e-04	3.91500000e-01	4
1.57496736e+03	9.98478786e-01	8.42645095e-04	3.92500000e-01	6
1.57497215e+03	9.99188855e-01	5.66632264e-04	3.93500000e-01	7
1.57497694e+03	9.99288782e-01	2.49773192e-04	3.94500000e-01	10
1.57498173e+03	1.00008418e+00	1.66887772e-04	3.95500000e-01	6
1.57498652e+03	1.00065252e+00	1.06283517e-03	3.96500000e-01	4
1.57499131e+03	9.99863382e-01	2.35263791e-04	3.97500000e-01	6
1.57499610e+03	9.99549462e-01	5.59464569e-04	3.98500000e-01	12
1.57500090e+03	9.99730198e-01	8.22701484e-04	3.99500000e-01	6
1.57500569e+03	9.98787893e-01	1.85711346e-03	4.00500000e-01	3
1.57501048e+03	1.00014125e+00	1.17676007e-03	4.01500000e-01	5
1.57501527e+03	9.99784823e-01	4.67076133e-04	4.02500000e-01	12
1.57502006e+03	1.00021637e+00	3.86059645e-04	4.03500000e-01	8
1.57502485e+03	1.00048069e+00	6.95944671e-04	4.04500000e-01	4
1.57502964e+03	1.00055794e+00	5.08915249e-04	4.05500000e-01	6
1.57503443e+03	9.99710688e-01	7.40390152e-04	4.06500000e-01	7
1.57503922e+03	1.00044716e+00	3.92659935e-04	4.07500000e-01	10
1.57504401e+03	1.00021786e+00	5.47968107e-04	4.08500000e-01	6
1.57504881e+03	1.00126554e+00	1.12723942e-03	4.09500000e-01	3
1.57505360e+03	9.99819906e-01	1.15418161e-03	4.10500000e-01	5
1.57505839e+03	9.99964006e-01	4.39857376e-04	4.11500000e-01	13
1.57506318e+03	1.00036683e+00	1.09210534e-04	4.12500000e-01	7
1.57506797e+03	1.00028822e+00	7.06217334e-04	4.13500000e-01	3
1.57507276e+03	1.00031371e+00	6.63304092e-04	4.14500000e-01	5
1.57507755e+03	9.99679400e-01	3.58170881e-04	4.15500000e-01	11
1.57508234e+03	9.99668213e-01	4.58017264e-04	4.16500000e-01	8
1.57508713e+03	9.98952116e-01	9.33074310e-04	4.17500000e-01	4
1.57509192e+03	1.00007719e+00	8.95246363e-04	4.18500000e-01	5
1.57509672e+03	9.99571299e-01	3.06085932e-04	4.19500000e-01	7
1.57510151e+03	9.99898152e-01	3.62994160e-04	4.20500000e-01	12
1.57510630e+03	9.99334850e-01	8.33939209e-04	4.21500000e-01	6
1.57511109e+03	9.99024693e-01	1.06095493e-03	4.22500000e-01	3
1.57511588e+03	9.99746969e-01	7.08661919e-04	4.23500000e-01	5
1.57512067e+03	9.99661118e-01	3.54457459e-04	4.24500000e-01	13
1.57512546e+03	9.99274973e-01	5.04942237e-04	4.25500000e-01	7
1.57513025e+03	9.98366440e-01	2.71696456e-04	4.26500000e-01	3
1.57513504e+03	9.98831395e-01	5.33273549e-04	4.27500000e-01	5
1.57513983e+03	9.99703061e-01	3.56240499e-04	4.28500000e-01	10
1.57514463e+03	1.00030216e+00	7.51862042e-04	4.29500000e-01	9
1.57514942e+03	9.99150139e-01	1.04907337e-04	4.30500000e-01	5
1.57515421e+03	1.00105108e+00	7.69788136e-04	4.31500000e-01	5
1.57515900e+03	9.99971048e-01	4.84420016e-04	4.32500000e-01	6
1.57516379e+03	9.99507837e-01	3.97706735e-04	4.33500000e-01	11
1.57516858e+03	1.00041412e+00	4.68648745e-04	4.34500000e-01	7
1.57517337e+03	1.00171702e+00	1.26967441e-04	4.35500000e-01	3
1.57517816e+03	1.00032019e+00	6.46461043e-04	4.36500000e-01	4
1.57518295e+03	1.00000493e+00	5.09504661e-04	4.37500000e-01	13
1.57518774e+03	1.00020405e+00	8.56650109e-04	4.38500000e-01	6
1.57519254e+03	1.00025779e+00	9.05660560e-04	4.39500000e-01	3
1.57519733e+03	9.98533014e-01	3.29453621e-04	4.40500000e-01	6
1.57520212e+03	9.99967729e-01	9.27050657e-04	4.41500000e-01	8
1.57520691e+03	9.99731673e-01	2.07352482e-04	4.42500000e-01	9
1.57521170e+03	1.00000937e+00	5.22835925e-04	4.43500000e-01	4
1.57521649e+03	9.99444120e-01	7.12957136e-04	4.44500000e-01	4
1.57522128e+03	1.00029747e+00	3.06469830e-04	4.45500000e-01	5
1.57522607e+03	9.99742071e-01	4.00418362e-04	4.46500000e-01	11
1.57523086e+03	9.99706133e-01	9.36396710e-04	4.47500000e-01	6
1.57523565e+03	1.00070594e+00	8.77978182e-05	4.48500000e-01	3
1.57524044e+03	1.00007299e+00	4.42663588e-04	4.49500000e-01	4
1.57524524e+03	1.00012027e+00	2.15809705e-04	4.50500000e-01	13
1.57525003e+03	1.00002868e+00	6.34154062e-04	4.51500000e-01	7
1.57525482e+03	1.00040119e+00	1.05177626e-03	4.52500000e-01	3
1.57525961e+03	9.99396591e-01	7.01351724e-04	4.53500000e-01	6
1.57526440e+03	9.99045299e-01	4.82873430e-04	4.54500000e-01	9
1.57526919e+03	1.00056554e+00	5.27499196e-04	4.55500000e-01	9
1.57527398e+03	9.98702007e-01	5.55295059e-04	4.56500000e-01	5
1.57527877e+03	9.99845940e-01	2.98101934e-04	4.57500000e-01	4
1.57528356e+03	1.00080346e+00	6.33793121e-04	4.58500000e-01	6
1.57528835e+03	9.99833813e-01	3.28612352e-04	4.59500000e-01	13
1.57529315e+03	9.99819758e-01	6.02329124e-04	4.60500000e-01	6
1.57529794e+03	9.97784433e-01	1.07362771e-03	4.61500000e-01	3
1.57530273e+03	1.00033969e+00	6.27480057e-04	4.62500000e-01	4
1.57530752e+03	9.99933266e-01	4.08244378e-04	4.63500000e-01	13
1.57531231e+03	1.00022060e+00	4.75268958e-04	4.64500000e-01	7
1.57531710e+03	1.00009207e+00	9.59406657e-04	4.65500000e-01	3
1.57532189e+03	9.98956295e-01	3.82263334e-04	4.66500000e-01	6
1.57532668e+03	1.00002885e+00	5.37097396e-04	4.67500000e-01	7
1.57533147e+03	1.00047821e+00	6.01027404e-04	4.68500000e-01	11
1.57533626e+03	9.99412215e-01	8.26487905e-04	4.69500000e-01	5
1.57534106e+03	9.99526007e-01	3.18267518e-04	4.70500000e-01	4
1.57534585e+03	9.99921156e-01	3.50150791e-04	4.71500000e-01	6
1.57535064e+03	9.99558163e-01	1.84954060e-04	4.72500000e-01	12
1.57535543e+03	9.98416224e-01	3.22684655e-04	4.73500000e-01	7
1.57536022e+03	9.99336822e-01	2.59364359e-04	4.74500000e-01	3
1.57536501e+03	9.99300647e-01	3.56655242e-04	4.75500000e-01	5
1.57536980e+03	9.99057219e-01	6.59762256e-04	4.76500000e-01	12
1.57537459e+03	9.99557373e-01	4.83821887e-04	4.77500000e-01	7
1.57537938e+03	1.00034053e+00	9.47844713e-04	4.78500000e-01	4
1.57538417e+03	9.99194466e-01	7.70791503e-04	4.79500000e-01	6
1.57538897e+03	9.99560806e-01	5.98746807e-04	4.80500000e-01	8
1.57539376e+03	9.98675577e-01	4.58925914e-04	4.81500000e-01	10
1.57539855e+03	9.99923255e-01	3.66732436e-04	4.82500000e-01	6
1.57540334e+03	1.00092135e+00	3.45423561e-04	4.83500000e-01	4
1.57540813e+03	9.98786216e-01	6.89428532e-04	4.84500000e-01	6
1.57541292e+03	9.97583427e-01	6.04137712e-04	4.85500000e-01	12
1.57541771e+03	9.98945197e-01	6.94951005e-04	4.86500000e-01	6
1.57542250e+03	9.99951656e-01	8.89246297e-04	4.87500000e-01	3
1.57542729e+03	9.98250628e-01	3.18790296e-04	4.88500000e-01	6
1.57543208e+03	9.98227596e-01	4.25315628e-04	4.89500000e-01	11
1.57543687e+03	9.97462904e-01	4.28098479e-04	4.90500000e-01	8
1.57544167e+03	1.00046948e+00	5.30103630e-04	4.91500000e-01	4
1.57544646e+03	9.98042864e-01	2.00382748e-04	4.92500000e-01	6
1.57545125e+03	9.97701364e-01	4.46030093e-04	4.93500000e-01	8
1.57545604e+03	9.98104583e-01	3.04120339e-04	4.94500000e-01	10
1.57546083e+03	9.99292920e-01	6.30422681e-04	4.95500000e-01	6
1.57546562e+03	9.96216502e-01	9.46858854e-05	4.96500000e-01	3
1.57547041e+03	9.98719813e-01	4.50428310e-04	4.97500000e-01	7
1.57547520e+03	9.97979137e-01	5.02025776e-04	4.98500000e-01	12
1.57547999e+03	9.98263473e-01	7.04016421e-04	4.99500000e-01	6
1.57548478e+03	9.97693086e-01	2.69964809e-04	5.00500000e-01	3
1.57548958e+03	9.98509507e-01	1.16598569e-03	5.01500000e-01	5
1.57549437e+03	9.98936815e-01	2.86366875e-04	5.02500000e-01	12
1.57549916e+03	9.98222104e-01	6.14303632e-04	5.03500000e-01	8
1.57550395e+03	9.97133386e-01	5.83803773e-04	5.04500000e-01	4
1.57550874e+03	9.97646719e-01	8.62208462e-04	5.05500000e-01	5
1.57551353e+03	9.98425975e-01	6.40987974e-04	5.06500000e-01	8
1.57551832e+03	9.97914369e-01	3.13452270e-04	5.07500000e-01	11
1.57552311e+03	9.97700631e-01	1.73298175e-04	5.08500000e-01	6
1.57552790e+03	9.98740505e-01	6.99999499e-04	5.09500000e-01	3
1.57553269e+03	9.96878404e-01	1.79732600e-04	5.10500000e-01	5
1.57553749e+03	9.98774477e-01	3.17683910e-04	5.11500000e-01	13
1.57554228e+03	9.99438049e-01	7.55188967e-04	5.12500000e-01	7
1.57554707e+03	9.98849253e-01	3.30858336e-04	5.13500000e-01	3
1.57555186e+03	9.96428204e-01	7.62837499e-04	5.14500000e-01	5
1.57555665e+03	9.98863472e-01	5.40013546e-04	5.15500000e-01	11
1.57556144e+03	9.99015663e-01	5.60294308e-04	5.16500000e-01	9
1.57556623e+03	9.97468837e-01	9.29238824e-04	5.17500000e-01	4
1.57557102e+03	9.97300903e-01	5.77349058e-04	5.18500000e-01	5
1.57557581e+03	9.97396581e-01	8.46377437e-04	5.19500000e-01	7
1.57558060e+03	9.99298664e-01	3.10559210e-04	5.20500000e-01	12
1.57558540e+03	9.97605488e-01	5.25492354e-04	5.21500000e-01	6
1.57559019e+03	9.97337156e-01	3.70342959e-04	5.22500000e-01	3
1.57559498e+03	9.99010117e-01	2.37203484e-04	5.23500000e-01	5
1.57559977e+03	9.98934863e-01	5.34060247e-04	5.24500000e-01	13
1.57560456e+03	9.98834093e-01	9.08973791e-04	5.25500000e-01	6
1.57560935e+03	9.98937463e-01	3.57991174e-04	5.26500000e-01	3
1.57561414e+03	9.96553050e-01	4.74549125e-04	5.27500000e-01	4
1.57561893e+03	9.99376019e-01	5.67472288e-04	5.28500000e-01	10
1.57562372e+03	9.99580731e-01	2.17918416e-04	5.29500000e-01	7
1.57562851e+03	9.99539651e-01	1.18185681e-03	5.30500000e-01	4
1.57563331e+03	1.00026269e+00	9.41336184e-04	5.31500000e-01	5
1.57563810e+03	9.99142087e-01	7.83041238e-04	5.32500000e-01	6
1.57564289e+03	1.00017731e+00	3.23878633e-04	5.33500000e-01	10
1.57564768e+03	1.00037880e+00	7.60197784e-04	5.34500000e-01	6
1.57565247e+03	9.99737782e-01	1.11029530e-03	5.35500000e-01	3
1.57565726e+03	9.99054587e-01	3.33971588e-04	5.36500000e-01	4
1.57566205e+03	9.99911903e-01	3.67127835e-04	5.37500000e-01	11
1.57566684e+03	9.99331443e-01	5.89122719e-04	5.38500000e-01	7
1.57567163e+03	1.00065814e+00	9.16892607e-05	5.39500000e-01	2
1.57567642e+03	9.98661526e-01	6.27278538e-04	5.40500000e-01	5
1.57568121e+03	9.99684830e-01	3.34610598e-04	5.41500000e-01	10
1.57568601e+03	1.00005682e+00	4.30919024e-04	5.42500000e-01	7
1.57569080e+03	1.00061635e+00	1.22393819e-03	5.43500000e-01	4
1.57569559e+03	1.00113708e+00	1.38351217e-03	5.44500000e-01	5
1.57570038e+03	1.00048416e+00	8.32371865e-04	5.45500000e-01	6
1.57570517e+03	1.00006507e+00	1.70153263e-04	5.46500000e-01	10
1.57570996e+03	1.00123417e+00	4.42805660e-04	5.47500000e-01	6
1.57571475e+03	1.00026079e+00	8.27476183e-04	5.48500000e-01	2
1.57571954e+03	9.99973685e-01	8.92408445e-04	5.49500000e-01	4
1.57572433e+03	1.00034154e+00	4.51732272e-04	5.50500000e-01	12
1.57572912e+03	9.99816145e-01	3.15026077e-04	5.51500000e-01	7
1.57573392e+03	9.99063372e-01	1.83387695e-03	5.52500000e-01	2
1.57573871e+03	9.99900686e-01	8.42475099e-04	5.53500000e-01	5
1.57574350e+03	9.99919062e-01	6.17966460e-04	5.54500000e-01	9
1.57574829e+03	9.99717990e-01	4.87624424e-04	5.55500000e-01	8
1.57575308e+03	9.99608170e-01	6.53270254e-04	5.56500000e-01	4
1.57575787e+03	9.99748488e-01	2.13223455e-04	5.57500000e-01	4
1.57576266e+03	9.99866370e-01	5.96812565e-04	5.58500000e-01	5
1.57576745e+03	9.99697628e-01	7.60928503e-04	5.59500000e-01	11
1.57577224e+03	9.99824366e-01	1.65899818e-04	5.60500000e-01	7
1.57577703e+03	9.99772832e-01	9.74665962e-04	5.61500000e-01	2
1.57578183e+03	9.99549490e-01	1.59105960e-04	5.62500000e-01	4
1.57578662e+03	9.99697094e-01	6.83634241e-04	5.63500000e-01	12
1.57579141e+03	9.99464393e-01	4.65822799e-04	5.64500000e-01	7
1.57579620e+03	9.99139727e-01	3.33990660e-04	5.65500000e-01	2
1.57580099e+03	9.99655228e-01	3.79929896e-04	5.66500000e-01	5
1.57580578e+03	1.00034212e+00	2.83583058e-04	5.67500000e-01	8
1.57581057e+03	1.00035386e+00	3.30149816e-04	5.68500000e-01	9
1.57581536e+03	1.00076865e+00	2.07365409e-04	5.69500000e-01	5
1.57582015e+03	1.00031757e+00	9.03533505e-05	5.70500000e-01	4
1.57582494e+03	1.00025371e+00	5.13152308e-04	5.71500000e-01	5
1.57582974e+03	9.99848513e-01	3.43150538e-04	5.72500000e-01	11
1.57583453e+03	1.00002228e+00	4.15128915e-04	5.73500000e-01	7
1.57583932e+03	1.00064572e+00	8.79205763e-04	5.74500000e-01	2
1.57584411e+03	9.99246241e-01	9.19259073e-04	5.75500000e-01	4
1.57584890e+03	1.00032735e+00	3.87269695e-04	5.76500000e-01	11
1.57585369e+03	9.99896817e-01	1.86424494e-04	5.77500000e-01	7
1.57585848e+03	1.00074113e+00	7.13604437e-04	5.78500000e-01	3
1.57586327e+03	1.00063264e+00	3.21255597e-04	5.79500000e-01	5
1.57586806e+03	9.99928928e-01	2.12263102e-04	5.80500000e-01	8
1.57587285e+03	9.99507931e-01	4.80192889e-04	5.81500000e-01	9
1.57587764e+03	9.99528684e-01	1.38977524e-03	5.82500000e-01	5
1.57588244e+03	9.99167093e-01	9.13278264e-04	5.83500000e-01	4
1.57588723e+03	1.00172669e+00	4.78183638e-04	5.84500000e-01	5
1.57589202e+03	9.99872263e-01	1.43617476e-04	5.85500000e-01	11
1.57589681e+03	1.00048978e+00	4.03935290e-04	5.86500000e-01	6
1.57590160e+03	9.98901862e-01	6.32812628e-04	5.87500000e-01	2
1.57590639e+03	1.00095342e+00	5.32924128e-04	5.88500000e-01	5
1.57591118e+03	1.00057803e+00	3.16239444e-04	5.89500000e-01	11
1.57591597e+03	9.99426032e-01	6.26689372e-04	5.90500000e-01	7
1.57592076e+03	1.00012262e+00	2.23306051e-03	5.91500000e-01	3
1.57592555e+03	9.98788013e-01	4.46592488e-04	5.92500000e-01	5
1.57593035e+03	1.00089005e+00	1.55631145e-04	5.93500000e-01	8
1.57593514e+03	9.99872661e-01	3.48845402e-04	5.94500000e-01	9
1.57593993e+03	1.00054300e+00	2.82189346e-04	5.95500000e-01	5
1.57594472e+03	1.00178044e+00	1.69021714e-04	5.96500000e-01	3
1.57594951e+03	1.00072890e+00	9.73931060e-04	5.97500000e-01	4
1.57595430e+03	1.00020561e+00	4.13373262e-04	5.98500000e-01	12
1.57595909e+03	1.00016174e+00	4.98291204e-04	5.99500000e-01	7
1.57596388e+03	1.00330833e+00	2.35397972e-04	6.00500000e-01	2
1.57596867e+03	1.00017578e+00	9.40028445e-04	6.01500000e-01	4
1.57597346e+03	1.00024249e+00	3.34164343e-04	6.02500000e-01	12
1.57597826e+03	9.99352266e-01	6.22771174e-04	6.03500000e-01	6
1.57598305e+03	1.00161979e+00	1.41221211e-03	6.04500000e-01	3
1.57598784e+03	9.99844301e-01	8.60869786e-04	6.05500000e-01	5
1.57599263e+03	1.00113568e+00	3.80235985e-04	6.06500000e-01	6
1.57599742e+03	1.00009892e+00	5.38218394e-04	6.07500000e-01	9
1.57600221e+03	1.00003206e+00	6.97231792e-04	6.08500000e-01	5
1.57600700e+03	9.98918029e-01	6.14635231e-04	6.09500000e-01	3
1.57601179e+03	1.00106993e+00	8.67573042e-04	6.10500000e-01	4
1.57601658e+03	1.00106384e+00	2.95637153e-04	6.11500000e-01	11
1.57602137e+03	1.00100001e+00	4.47623600e-04	6.12500000e-01	6
1.57602617e+03	1.00142027e+00	1.35709751e-03	6.13500000e-01	2
1.57603096e+03	1.00026092e+00	3.41494300e-04	6.14500000e-01	4
1.57603575e+03	1.00097572e+00	1.98998835e-04	6.15500000e-01	10
1.57604054e+03	1.00116765e+00	6.32266935e-04	6.16500000e-01	6
1.57604533e+03	9.99988845e-01	5.51871163e-04	6.17500000e-01	4
1.57605012e+03	1.00046141e+00	1.50529053e-03	6.18500000e-01	5
1.57605491e+03	1.00113089e+00	1.01760836e-04	6.19500000e-01	6
1.57605970e+03	9.99972556e-01	5.80949891e-04	6.20500000e-01	9
1.57606449e+03	1.00135707e+00	6.81769725e-04	6.21500000e-01	5
1.57606928e+03	1.00001401e+00	1.88514678e-03	6.22500000e-01	3
1.57607408e+03	1.00183909e+00	1.81329393e-04	6.23500000e-01	4
1.57607887e+03	1.00030616e+00	3.89270113e-04	6.24500000e-01	11
1.57608366e+03	1.00109051e+00	2.16986103e-04	6.25500000e-01	5
1.57608845e+03	9.99570106e-01	7.20657709e-05	6.26500000e-01	3
1.57609324e+03	1.00048414e+00	3.54228722e-04	6.27500000e-01	4
1.57609803e+03	1.00031317e+00	3.32239678e-04	6.28500000e-01	10
1.57610282e+03	9.99446912e-01	6.57174659e-04	6.29500000e-01	6
1.57610761e+03	1.00049319e+00	3.82703538e-04	6.30500000e-01	4
1.57611240e+03	1.00060902e+00	5.07629194e-04	6.31500000e-01	5
1.57611719e+03	1.00086858e+00	5.84227044e-04	6.32500000e-01	6
1.57612198e+03	1.00015176e+00	3.92988356e-04	6.33500000e-01	10
1.57612678e+03	9.99764224e-01	4.20752536e-04	6.34500000e-01	5
1.57613157e+03	9.99628260e-01	1.13726815e-03	6.35500000e-01	2
1.57613636e+03	1.00024697e+00	4.91542545e-04	6.36500000e-01	5
1.57614115e+03	1.00094268e+00	6.46238695e-04	6.37500000e-01	10
1.57614594e+03	9.99466315e-01	2.50773201e-04	6.38500000e-01	6
1.57615073e+03	1.00122567e+00	7.55865046e-04	6.39500000e-01	2
1.57615552e+03	1.00061217e+00	5.03523658e-04	6.40500000e-01	5
1.57616031e+03	9.99447629e-01	4.29667295e-04	6.41500000e-01	10
1.57616510e+03	1.00012459e+00	1.83543864e-04	6.42500000e-01	6
1.57616989e+03	9.99510356e-01	8.93511870e-04	6.43500000e-01	4
1.57617469e+03	9.99573307e-01	8.69137185e-05	6.44500000e-01	4
1.57617948e+03	1.00070012e+00	5.25188206e-04	6.45500000e-01	6
1.57618427e+03	1.00042644e+00	5.53123696e-04	6.46500000e-01	10
1.57618906e+03	9.99344223e-01	1.04067797e-03	6.47500000e-01	5
1.57619385e+03	9.99845421e-01	1.51779903e-03	6.48500000e-01	2
1.57619864e+03	9.99589106e-01	2.36900947e-04	6.49500000e-01	4
1.57620343e+03	1.00059395e+00	3.68979842e-04	6.50500000e-01	11
1.57620822e+03	1.00083357e+00	3.76022608e-04	6.51500000e-01	5
1.57621301e+03	1.00087655e+00	7.25294970e-04	6.52500000e-01	2
1.57621780e+03	1.00078796e+00	2.84887914e-04	6.53500000e-01	5
1.57622260e+03	1.00039787e+00	5.63911358e-04	6.54500000e-01	9
1.57622739e+03	1.00010953e+00	3.15503988e-04	6.55500000e-01	6
1.57623218e+03	1.00107840e+00	3.57269535e-04	6.56500000e-01	4
1.57623697e+03	1.00054091e+00	1.13114967e-04	6.57500000e-01	4
1.57624176e+03	9.99733758e-01	3.24945408e-04	6.58500000e-01	5
1.57624655e+03	1.00111240e+00	3.07532785e-04	6.59500000e-01	10
1.57625134e+03	1.00018009e+00	2.06137342e-04	6.60500000e-01	6
1.57625613e+03	9.98610463e-01	2.12463810e-03	6.61500000e-01	2
1.57626092e+03	1.00090873e+00	7.18582862e-04	6.62500000e-01	4
1.57626571e+03	9.99994292e-01	3.31112717e-04	6.63500000e-01	11
1.57627051e+03	9.99258088e-01	2.28372662e-04	6.64500000e-01	4
1.57627530e+03	9.99841585e-01	2.14389484e-04	6.65500000e-01	3
1.57628009e+03	1.00034616e+00	5.43897421e-04	6.66500000e-01	5
1.57628488e+03	1.00016605e+00	3.98452267e-04	6.67500000e-01	8
1.57628967e+03	9.99554655e-01	2.47426387e-04	6.68500000e-01	7
1.57629446e+03	9.98936072e-01	3.09187626e-04	6.69500000e-01	5
1.57629925e+03	1.00142461e+00	1.72511629e-04	6.70500000e-01	4
1.57630404e+03	1.00048546e+00	3.69637543e-04	6.71500000e-01	5
1.57630883e+03	1.00067931e+00	5.02374068e-04	6.72500000e-01	9
1.57631362e+03	1.00159839e+00	2.05634877e-04	6.73500000e-01	5
1.57631842e+03	1.00020133e+00	1.21573058e-03	6.74500000e-01	3
1.57632321e+03	1.00099038e+00	2.08516571e-04	6.75500000e-01	4
1.57632800e+03	9.99832888e-01	4.26892718e-04	6.76500000e-01	11
1.57633279e+03	1.00172223e+00	8.75814683e-04	6.77500000e-01	5
1.57633758e+03	9.99892398e-01	2.63675928e-04	6.78500000e-01	3
1.57634237e+03	1.00075527e+00	7.39407695e-04	6.79500000e-01	5
1.57634716e+03	1.00032649e+00	6.31196989e-04	6.80500000e-01	7
1.57635195e+03	9.99838877e-01	1.60179560e-04	6.81500000e-01	7
1.57635674e+03	9.99814801e-01	7.51719663e-04	6.82500000e-01	5
1.57636153e+03	1.00042971e+00	2.74306945e-04	6.83500000e-01	4
1.57636632e+03	1.00001163e+00	6.79555838e-04	6.84500000e-01	5
1.57637112e+03	9.99994941e-01	2.02900750e-04	6.85500000e-01	10
1.57637591e+03	1.00024021e+00	6.53360498e-04	6.86500000e-01	5
1.57638070e+03	1.00020048e+00	3.74020581e-04	6.87500000e-01	2
1.57638549e+03	1.00031282e+00	2.00021272e-04	6.88500000e-01	4
1.57639028e+03	1.00108705e+00	4.73521445e-04	6.89500000e-01	12
1.57639507e+03	1.00043740e+00	1.09485621e-03	6.90500000e-01	5
1.57639986e+03	1.00007907e+00	9.19636137e-04	6.91500000e-01	3
1.57640465e+03	1.00150351e+00	2.33210664e-04	6.92500000e-01	5
1.57640944e+03	1.00027811e+00	2.77730346e-04	6.93500000e-01	8
1.57641423e+03	1.00024638e+00	2.32178155e-04	6.94500000e-01	7
1.57641903e+03	1.00047014e+00	3.02557900e-04	6.95500000e-01	5
1.57642382e+03	9.99342702e-01	1.75202143e-03	6.96500000e-01	3
1.57642861e+03	1.00056776e+00	2.05929434e-04	6.97500000e-01	4
1.57643340e+03	9.99853240e-01	2.44506720e-04	6.98500000e-01	10
1.57643819e+03	9.99706642e-01	1.17812328e-03	6.99500000e-01	5
1.57644298e+03	9.99640722e-01	1.56835026e-03	7.00500000e-01	2
1.57644777e+03	1.00009945e+00	4.40894502e-04	7.01500000e-01	3
1.57645256e+03	1.00000986e+00	3.60104438e-04	7.02500000e-01	10
1.57645735e+03	9.99776778e-01	3.14875836e-04	7.03500000e-01	5
1.57646214e+03	1.00047582e+00	5.55258358e-04	7.04500000e-01	2
1.57646694e+03	1.00061093e+00	3.02609779e-04	7.05500000e-01	4
1.57647173e+03	1.00024259e+00	4.55320200e-04	7.06500000e-01	6
1.57647652e+03	9.99632194e-01	4.11508761e-04	7.07500000e-01	8
1.57648131e+03	1.00053041e+00	4.29290537e-04	7.08500000e-01	4
1.57648610e+03	1.00177049e+00	6.18844850e-05	7.09500000e-01	2
1.57649089e+03	1.00042363e+00	5.10928423e-04	7.10500000e-01	4
1.57649568e+03	1.00186938e+00	2.55275959e-04	7.11500000e-01	10
1.57650047e+03	9.99182395e-01	1.25207864e-03	7.12500000e-01	5
1.57650526e+03	1.00208842e+00	4.13518985e-04	7.13500000e-01	2
1.57651005e+03	1.00030555e+00	3.22713691e-04	7.14500000e-01	3
1.57651485e+03	1.00008388e+00	1.71728660e-04	7.15500000e-01	8
1.57651964e+03	1.00006879e+00	3.54103803e-04	7.16500000e-01	6
1.57652443e+03	1.00072651e+00	1.48918179e-03	7.17500000e-01	3
1.57652922e+03	1.00019423e+00	3.56054544e-04	7.18500000e-01	4
1.57653401e+03	1.00004870e+00	3.03199476e-04	7.19500000e-01	6
1.57653880e+03	1.00032700e+00	3.08780751e-04	7.20500000e-01	7
1.57654359e+03	1.00132700e+00	2.54336324e-04	7.21500000e-01	4
1.57654838e+03	1.00088723e+00	3.54192490e-04	7.22500000e-01	2
1.57655317e+03	9.98784955e-01	3.99046608e-04	7.23500000e-01	4
1.57655796e+03	1.00041944e+00	1.45156424e-04	7.24500000e-01	9
1.57656275e+03	1.00139563e+00	1.20448759e-03	7.25500000e-01	4
1.57656755e+03	1.00248988e+00	4.52890014e-05	7.26500000e-01	2
1.57657234e+03	1.00086652e+00	6.39323066e-04	7.27500000e-01	4
1.57657713e+03	9.99958694e-01	1.99799192e-04	7.28500000e-01	8
1.57658192e+03	9.99925426e-01	8.26730154e-04	7.29500000e-01	6
1.57658671e+03	1.00022026e+00	1.84719522e-03	7.30500000e-01	3
1.57659150e+03	1.00023757e+00	5.55046522e-04	7.31500000e-01	4
1.57659629e+03	1.00010530e+00	5.65814159e-04	7.32500000e-01	6
1.57660108e+03	1.00051924e+00	6.45757169e-04	7.33500000e-01	6
1.57660587e+03	1.00070306e+00	8.31897609e-04	7.34500000e-01	4
1.57661066e+03	1.00260392e+00	6.34376252e-04	7.35500000e-01	2
1.57661546e+03	1.00141078e+00	1.05722029e-04	7.36500000e-01	3
1.57662025e+03	9.99611773e-01	3.84582068e-04	7.37500000e-01	10
1.57662504e+03	9.99520147e-01	6.33777400e-04	7.38500000e-01	4
1.57662983e+03	9.99900078e-01	2.00505731e-03	7.39500000e-01	2
1.57663462e+03	1.00005815e+00	3.51393991e-04	7.40500000e-01	4
1.57663941e+03	9.99684345e-01	5.47360827e-04	7.41500000e-01	8
1.57664420e+03	1.00016717e+00	2.76756185e-04	7.42500000e-01	6
1.57664899e+03	9.99991719e-01	3.64519730e-04	7.43500000e-01	3
1.57665378e+03	1.00056181e+00	5.87972325e-05	7.44500000e-01	3
1.57665857e+03	1.00066715e+00	5.46736553e-04	7.45500000e-01	5
1.57666337e+03	1.00077790e+00	4.81943840e-04	7.46500000e-01	9
1.57666816e+03	1.00101798e+00	1.32866164e-03	7.47500000e-01	4
1.57667295e+03	1.00086402e+00	3.71941166e-04	7.48500000e-01	2
1.57667774e+03	9.99723143e-01	3.81698383e-05	7.49500000e-01	3
1.57668253e+03	9.99827852e-01	4.66231133e-04	7.50500000e-01	10
1.57668732e+03	1.00032732e+00	6.12798610e-04	7.51500000e-01	4
1.57669211e+03	9.99701256e-01	5.91622701e-04	7.52500000e-01	2
1.57669690e+03	1.00075513e+00	6.52681292e-04	7.53500000e-01	4
1.57670169e+03	1.00081034e+00	5.15081014e-04	7.54500000e-01	7
1.57670648e+03	1.00023592e+00	6.43876296e-04	7.55500000e-01	6
1.57671128e+03	1.00160180e+00	5.13346544e-04	7.56500000e-01	4
1.57671607e+03	1.00057401e+00	2.39990975e-04	7.57500000e-01	3
1.57672086e+03	1.00047812e+00	3.76025923e-04	7.58500000e-01	5
1.57672565e+03	1.00050177e+00	4.86479357e-04	7.59500000e-01	8
1.57673044e+03	1.00000310e+00	7.16292170e-04	7.60500000e-01	5
1.57673523e+03	9.99495403e-01	4.30793804e-04	7.61500000e-01	2
1.57674002e+03	9.99889002e-01	4.83096003e-04	7.62500000e-01	3
1.57674481e+03	1.00019323e+00	4.31825128e-04	7.63500000e-01	10
1.57674960e+03	1.00001349e+00	3.97165189e-04	7.64500000e-01	4
1.57675439e+03	9.99114551e-01	8.05221671e-04	7.65500000e-01	2
1.57675919e+03	1.00102311e+00	4.22837520e-04	7.66500000e-01	4
1.57676398e+03	1.00001424e+00	4.64479591e-04	7.67500000e-01	7
1.57676877e+03	1.00018716e+00	1.65035649e-04	7.68500000e-01	6
1.57677356e+03	9.99355191e-01	6.82026393e-04	7.69500000e-01	4
1.57677835e+03	1.00207158e+00	5.05464460e-04	7.70500000e-01	3
1.57678314e+03	1.00052614e+00	3.23231452e-04	7.71500000e-01	5
1.57678793e+03	1.00068435e+00	3.86505197e-04	7.72500000e-01	8
1.57679272e+03	9.99903582e-01	7.23618142e-04	7.73500000e-01	4
1.57679751e+03	9.99150913e-01	1.34330795e-03	7.74500000e-01	2
1.57680230e+03	9.99843899e-01	5.62795701e-04	7.75500000e-01	4
1.57680709e+03	9.99723584e-01	3.73306650e-04	7.76500000e-01	8
1.57681189e+03	9.99913235e-01	4.27006982e-04	7.77500000e-01	5
1.57681668e+03	1.00047948e+00	2.29187822e-03	7.78500000e-01	2
1.57682147e+03	9.98893262e-01	1.16339474e-03	7.79500000e-01	4
1.57682626e+03	1.00029403e+00	2.49594459e-04	7.80500000e-01	7
1.57683105e+03	1.00100592e+00	1.81005669e-04	7.81500000e-01	6
1.57683584e+03	1.00149528e+00	1.09930750e-03	7.82500000e-01	4
1.57684063e+03	1.00275615e+00	3.61945086e-05	7.83500000e-01	2
1.57684542e+03	9.99293004e-01	4.47860260e-04	7.84500000e-01	6
1.57685021e+03	1.00073573e+00	4.46397018e-04	7.85500000e-01	8
1.57685500e+03	9.99010206e-01	1.97109817e-04	7.86500000e-01	4
1.57685980e+03	9.99531697e-01	2.92491467e-04	7.87500000e-01	2
1.57686459e+03	1.00128494e+00	3.12637956e-04	7.88500000e-01	3
1.57686938e+03	1.00026521e+00	1.24638580e-04	7.89500000e-01	10
1.57687417e+03	1.00143706e+00	5.92670561e-04	7.90500000e-01	5
1.57687896e+03	9.99376836e-01	1.62617393e-04	7.91500000e-01	2
1.57688375e+03	9.99730382e-01	1.45218335e-03	7.92500000e-01	4
1.57688854e+03	1.00058263e+00	2.58145707e-04	7.93500000e-01	7
1.57689333e+03	1.00042922e+00	8.12271490e-04	7.94500000e-01	6
1.57689812e+03	1.00046094e+00	4.38042695e-04	7.95500000e-01	4
1.57690291e+03	9.99859140e-01	2.25585355e-04	7.96500000e-01	2
1.57690771e+03	9.99351120e-01	8.64370626e-04	7.97500000e-01	4
1.57691250e+03	9.99823018e-01	6.12438338e-04	7.98500000e-01	9
1.57691729e+03	9.99859541e-01	1.13703675e-03	7.99500000e-01	5
