# Time Flux Flux_Err Phase N NSector
3.76189333e+03 9.99937206e-01 2.06308907e-03 -1.97500000e-01 2.44000000e+02 7.00000000e+00
3.76191729e+03 9.99949781e-01 1.60108024e-03 -1.92500000e-01 2.50000000e+02 7.00000000e+00
3.76194125e+03 1.00067586e+00 1.16308901e-03 -1.87500000e-01 2.33000000e+02 7.00000000e+00
3.76196520e+03 9.99108522e-01 1.17834151e-03 -1.82500000e-01 2.48000000e+02 7.00000000e+00
3.76198916e+03 9.99085678e-01 2.32687046e-03 -1.77500000e-01 2.37000000e+02 7.00000000e+00
3.76201312e+03 1.00067723e+00 1.16308901e-03 -1.72500000e-01 2.36000000e+02 7.00000000e+00
3.76203708e+03 1.00046463e+00 1.16308901e-03 -1.67500000e-01 2.52000000e+02 7.00000000e+00
3.76206104e+03 1.00152068e+00 1.16308901e-03 -1.62500000e-01 2.53000000e+02 7.00000000e+00
3.76208500e+03 1.00285836e+00 1.88606260e-03 -1.57500000e-01 2.47000000e+02 7.00000000e+00
3.76210895e+03 9.99319397e-01 1.16308901e-03 -1.52500000e-01 2.37000000e+02 7.00000000e+00
3.76213291e+03 9.98986652e-01 1.16308901e-03 -1.47500000e-01 2.40000000e+02 7.00000000e+00
3.76215687e+03 9.98784869e-01 1.16308901e-03 -1.42500000e-01 2.39000000e+02 7.00000000e+00
3.76218083e+03 9.98024075e-01 1.16308901e-03 -1.37500000e-01 2.41000000e+02 7.00000000e+00
3.76220479e+03 9.99586263e-01 1.16308901e-03 -1.32500000e-01 2.33000000e+02 7.00000000e+00
3.76222875e+03 1.00164733e+00 1.16308901e-03 -1.27500000e-01 2.51000000e+02 7.00000000e+00
3.76225271e+03 1.00004873e+00 1.35413472e-03 -1.22500000e-01 2.36000000e+02 7.00000000e+00
3.76227666e+03 9.99377429e-01 1.16308901e-03 -1.17500000e-01 2.33000000e+02 7.00000000e+00
3.76230062e+03 1.00139312e+00 1.16308901e-03 -1.12500000e-01 2.53000000e+02 7.00000000e+00
3.76232458e+03 9.97802408e-01 1.16308901e-03 -1.07500000e-01 2.40000000e+02 7.00000000e+00
3.76234854e+03 9.99728028e-01 1.16797766e-03 -1.02500000e-01 2.37000000e+02 7.00000000e+00
3.76237250e+03 1.00097433e+00 1.16308901e-03 -9.75000000e-02 2.43000000e+02 7.00000000e+00
3.76239646e+03 1.00047993e+00 1.16308901e-03 -9.25000000e-02 2.51000000e+02 7.00000000e+00
3.76242042e+03 9.99369206e-01 1.45511948e-03 -8.75000000e-02 2.32000000e+02 7.00000000e+00
3.76244437e+03 1.00085701e+00 1.16308901e-03 -8.25000000e-02 2.45000000e+02 7.00000000e+00
3.76246833e+03 9.99775742e-01 1.16308901e-03 -7.75000000e-02 2.34000000e+02 7.00000000e+00
3.76249229e+03 9.98923928e-01 2.30620794e-03 -7.25000000e-02 2.34000000e+02 7.00000000e+00
3.76251625e+03 9.99846888e-01 1.16308901e-03 -6.75000000e-02 2.44000000e+02 7.00000000e+00
3.76254021e+03 1.00124666e+00 1.16308901e-03 -6.25000000e-02 2.54000000e+02 7.00000000e+00
3.76256417e+03 1.00128483e+00 1.16308901e-03 -5.75000000e-02 2.58000000e+02 7.00000000e+00
3.76258813e+03 9.99238103e-01 1.31713769e-03 -5.25000000e-02 2.47000000e+02 7.00000000e+00
3.76261208e+03 1.00243470e+00 1.68282125e-03 -4.75000000e-02 2.50000000e+02 7.00000000e+00
3.76263604e+03 1.00453645e+00 1.62381179e-03 -4.25000000e-02 2.48000000e+02 7.00000000e+00
3.76266000e+03 1.00265779e+00 1.64493814e-03 -3.75000000e-02 2.56000000e+02 7.00000000e+00
3.76268396e+03 9.99312470e-01 1.16308901e-03 -3.25000000e-02 2.50000000e+02 7.00000000e+00
3.76270792e+03 1.00156311e+00 2.13635968e-03 -2.75000000e-02 2.68000000e+02 7.00000000e+00
3.76273188e+03 9.96924981e-01 2.06663022e-03 -2.25000000e-02 2.49000000e+02 7.00000000e+00
3.76275584e+03 9.86937392e-01 3.07863955e-03 -1.75000000e-02 2.44000000e+02 7.00000000e+00
3.76277979e+03 9.74093656e-01 3.09681342e-03 -1.25000000e-02 2.60000000e+02 7.00000000e+00
3.76280375e+03 9.63771429e-01 2.49994651e-03 -7.50000000e-03 2.50000000e+02 7.00000000e+00
3.76282771e+03 9.57809409e-01 1.56888128e-03 -2.50000000e-03 2.43000000e+02 7.00000000e+00
3.76285167e+03 9.57435688e-01 3.23599937e-03 2.50000000e-03 2.49000000e+02 7.00000000e+00
3.76287563e+03 9.66886824e-01 2.08410645e-03 7.50000000e-03 2.55000000e+02 7.00000000e+00
3.76289959e+03 9.72945086e-01 2.21646657e-03 1.25000000e-02 2.38000000e+02 7.00000000e+00
3.76292354e+03 9.84141931e-01 1.16308901e-03 1.75000000e-02 2.53000000e+02 7.00000000e+00
3.76294750e+03 9.98692441e-01 2.45442991e-03 2.25000000e-02 2.41000000e+02 7.00000000e+00
3.76297146e+03 1.00529053e+00 1.19309577e-03 2.75000000e-02 2.40000000e+02 7.00000000e+00
3.76299542e+03 1.00500090e+00 2.44912701e-03 3.25000000e-02 2.50000000e+02 7.00000000e+00
3.76301938e+03 1.00458019e+00 2.16204521e-03 3.75000000e-02 2.48000000e+02 7.00000000e+00
3.76304334e+03 1.00093624e+00 1.16308901e-03 4.25000000e-02 2.55000000e+02 7.00000000e+00
3.76306730e+03 9.99268484e-01 1.16308901e-03 4.75000000e-02 2.42000000e+02 7.00000000e+00
3.76309125e+03 1.00313542e+00 1.16308901e-03 5.25000000e-02 2.47000000e+02 7.00000000e+00
3.76311521e+03 1.00010278e+00 1.29168889e-03 5.75000000e-02 2.45000000e+02 7.00000000e+00
3.76313917e+03 1.00225732e+00 1.91821829e-03 6.25000000e-02 2.48000000e+02 7.00000000e+00
3.76316313e+03 1.00002971e+00 1.16308901e-03 6.75000000e-02 2.41000000e+02 7.00000000e+00
3.76318709e+03 9.99865843e-01 1.16308901e-03 7.25000000e-02 2.62000000e+02 7.00000000e+00
3.76321105e+03 1.00102618e+00 1.17182012e-03 7.75000000e-02 2.45000000e+02 7.00000000e+00
3.76323501e+03 1.00059554e+00 1.47856912e-03 8.25000000e-02 2.38000000e+02 7.00000000e+00
3.76325896e+03 1.00109639e+00 2.52446561e-03 8.75000000e-02 2.49000000e+02 7.00000000e+00
3.76328292e+03 1.00112048e+00 1.16308901e-03 9.25000000e-02 2.33000000e+02 7.00000000e+00
3.76330688e+03 1.00036774e+00 2.20819363e-03 9.75000000e-02 2.33000000e+02 7.00000000e+00
3.76333084e+03 1.00007910e+00 1.16308901e-03 1.02500000e-01 2.39000000e+02 7.00000000e+00
3.76335480e+03 1.00145820e+00 1.16308901e-03 1.07500000e-01 2.47000000e+02 7.00000000e+00
3.76337876e+03 1.00099410e+00 1.16308901e-03 1.12500000e-01 2.29000000e+02 7.00000000e+00
3.76340272e+03 1.00374161e+00 1.16308901e-03 1.17500000e-01 2.41000000e+02 7.00000000e+00
3.76342667e+03 1.00390664e+00 1.33775104e-03 1.22500000e-01 2.28000000e+02 7.00000000e+00
3.76345063e+03 9.98603703e-01 1.85926454e-03 1.27500000e-01 2.20000000e+02 7.00000000e+00
3.76347459e+03 1.00078646e+00 1.16308901e-03 1.32500000e-01 2.29000000e+02 7.00000000e+00
3.76349855e+03 1.00256709e+00 1.16308901e-03 1.37500000e-01 2.29000000e+02 7.00000000e+00
3.76352251e+03 1.00169582e+00 1.16308901e-03 1.42500000e-01 2.33000000e+02 7.00000000e+00
3.76354647e+03 1.00229169e+00 1.16308901e-03 1.47500000e-01 2.22000000e+02 7.00000000e+00
3.76357042e+03 1.00243835e+00 1.33240779e-03 1.52500000e-01 2.27000000e+02 7.00000000e+00
3.76359438e+03 9.98295224e-01 3.02646570e-03 1.57500000e-01 2.24000000e+02 7.00000000e+00
3.76361834e+03 1.00136040e+00 1.99564620e-03 1.62500000e-01 2.32000000e+02 7.00000000e+00
3.76364230e+03 1.00114883e+00 1.33991519e-03 1.67500000e-01 2.31000000e+02 7.00000000e+00
3.76366626e+03 9.99523885e-01 1.16308901e-03 1.72500000e-01 2.51000000e+02 7.00000000e+00
3.76369022e+03 1.00026294e+00 2.19044929e-03 1.77500000e-01 2.37000000e+02 7.00000000e+00
3.76371418e+03 1.00291140e+00 1.16308901e-03 1.82500000e-01 2.38000000e+02 7.00000000e+00
3.76373813e+03 9.99129925e-01 2.25881949e-03 1.87500000e-01 2.53000000e+02 7.00000000e+00
3.76376209e+03 1.00159594e+00 1.63750338e-03 1.92500000e-01 2.43000000e+02 7.00000000e+00
3.76378605e+03 9.99614466e-01 1.40267304e-03 1.97500000e-01 2.42000000e+02 7.00000000e+00
3.76381001e+03 9.99643434e-01 1.35379493e-03 2.02500000e-01 2.43000000e+02 7.00000000e+00
3.76383397e+03 9.99565339e-01 1.16308901e-03 2.07500000e-01 2.48000000e+02 7.00000000e+00
3.76385793e+03 1.00272663e+00 1.28868270e-03 2.12500000e-01 2.39000000e+02 7.00000000e+00
3.76388189e+03 1.00195292e+00 1.16308901e-03 2.17500000e-01 2.52000000e+02 7.00000000e+00
3.76390584e+03 9.99350830e-01 1.26377320e-03 2.22500000e-01 2.43000000e+02 7.00000000e+00
3.76392980e+03 1.00137342e+00 2.44693828e-03 2.27500000e-01 2.38000000e+02 7.00000000e+00
3.76395376e+03 1.00041835e+00 1.81319192e-03 2.32500000e-01 2.51000000e+02 7.00000000e+00
3.76397772e+03 1.00013179e+00 1.16308901e-03 2.37500000e-01 2.51000000e+02 7.00000000e+00
3.76400168e+03 1.00147130e+00 1.33713896e-03 2.42500000e-01 2.57000000e+02 7.00000000e+00
3.76402564e+03 1.00253260e+00 1.48980808e-03 2.47500000e-01 2.45000000e+02 7.00000000e+00
3.76404960e+03 1.00100433e+00 1.90102070e-03 2.52500000e-01 2.51000000e+02 7.00000000e+00
3.76407355e+03 1.00122013e+00 1.16308901e-03 2.57500000e-01 2.47000000e+02 7.00000000e+00
3.76409751e+03 1.00023887e+00 1.16308901e-03 2.62500000e-01 2.45000000e+02 7.00000000e+00
3.76412147e+03 1.00251600e+00 1.16308901e-03 2.67500000e-01 2.35000000e+02 7.00000000e+00
3.76414543e+03 9.99637506e-01 1.22002675e-03 2.72500000e-01 2.54000000e+02 7.00000000e+00
3.76416939e+03 1.00235780e+00 1.39389275e-03 2.77500000e-01 2.38000000e+02 7.00000000e+00
3.76419335e+03 1.00030225e+00 1.16308901e-03 2.82500000e-01 2.32000000e+02 7.00000000e+00
3.76421731e+03 1.00259604e+00 1.16308901e-03 2.87500000e-01 2.47000000e+02 7.00000000e+00
3.76424126e+03 9.99210319e-01 1.16308901e-03 2.92500000e-01 2.37000000e+02 7.00000000e+00
3.76426522e+03 9.99482162e-01 1.16308901e-03 2.97500000e-01 2.27000000e+02 7.00000000e+00
3.76428918e+03 1.00094193e+00 1.16308901e-03 3.02500000e-01 2.33000000e+02 7.00000000e+00
3.76431314e+03 9.99764565e-01 1.16308901e-03 3.07500000e-01 2.43000000e+02 7.00000000e+00
3.76433710e+03 1.00147293e+00 1.16308901e-03 3.12500000e-01 2.22000000e+02 7.00000000e+00
3.76436106e+03 1.00070414e+00 1.38450214e-03 3.17500000e-01 2.38000000e+02 7.00000000e+00
3.76438501e+03 1.00138120e+00 1.16308901e-03 3.22500000e-01 2.25000000e+02 7.00000000e+00
3.76440897e+03 9.99605788e-01 1.16308901e-03 3.27500000e-01 2.24000000e+02 7.00000000e+00
3.76443293e+03 9.99744236e-01 1.16308901e-03 3.32500000e-01 2.35000000e+02 7.00000000e+00
3.76445689e+03 1.00022754e+00 1.16308901e-03 3.37500000e-01 2.29000000e+02 7.00000000e+00
3.76448085e+03 1.00154826e+00 1.16308901e-03 3.42500000e-01 2.35000000e+02 7.00000000e+00
3.76450481e+03 1.00154176e+00 1.16308901e-03 3.47500000e-01 2.27000000e+02 7.00000000e+00
3.76452877e+03 1.00272174e+00 1.16308901e-03 3.52500000e-01 2.32000000e+02 7.00000000e+00
3.76455272e+03 1.00219000e+00 1.16308901e-03 3.57500000e-01 2.27000000e+02 7.00000000e+00
3.76457668e+03 1.00146123e+00 1.77771356e-03 3.62500000e-01 2.34000000e+02 7.00000000e+00
3.76460064e+03 1.00142729e+00 1.50512556e-03 3.67500000e-01 2.25000000e+02 7.00000000e+00
3.76462460e+03 1.00139040e+00 1.92671432e-03 3.72500000e-01 2.58000000e+02 7.00000000e+00
3.76464856e+03 9.98324511e-01 2.21413571e-03 3.77500000e-01 2.46000000e+02 7.00000000e+00
3.76467252e+03 1.00157622e+00 1.63463198e-03 3.82500000e-01 2.50000000e+02 7.00000000e+00
3.76469648e+03 1.00182870e+00 1.22505320e-03 3.87500000e-01 2.68000000e+02 7.00000000e+00
3.76472043e+03 1.00180420e+00 1.66062524e-03 3.92500000e-01 2.59000000e+02 7.00000000e+00
3.76474439e+03 1.00192031e+00 1.39049368e-03 3.97500000e-01 2.57000000e+02 7.00000000e+00
3.76476835e+03 1.00254031e+00 1.16308901e-03 4.02500000e-01 2.62000000e+02 7.00000000e+00
3.76479231e+03 9.98904639e-01 1.16308901e-03 4.07500000e-01 2.75000000e+02 7.00000000e+00
3.76481627e+03 1.00023088e+00 1.16308901e-03 4.12500000e-01 2.52000000e+02 7.00000000e+00
3.76484023e+03 9.98018346e-01 1.54707632e-03 4.17500000e-01 2.69000000e+02 7.00000000e+00
3.76486419e+03 1.00086818e+00 1.86997331e-03 4.22500000e-01 2.58000000e+02 7.00000000e+00
3.76488814e+03 1.00071332e+00 1.16308901e-03 4.27500000e-01 2.55000000e+02 7.00000000e+00
3.76491210e+03 1.00126537e+00 1.73209067e-03 4.32500000e-01 2.63000000e+02 7.00000000e+00
3.76493606e+03 1.00128235e+00 1.16308901e-03 4.37500000e-01 2.65000000e+02 7.00000000e+00
3.76496002e+03 1.00173385e+00 1.16308901e-03 4.42500000e-01 2.69000000e+02 7.00000000e+00
3.76498398e+03 9.99335191e-01 1.16308901e-03 4.47500000e-01 2.54000000e+02 7.00000000e+00
3.76500794e+03 1.00218535e+00 1.16308901e-03 4.52500000e-01 2.60000000e+02 7.00000000e+00
3.76503189e+03 9.97723637e-01 1.49582471e-03 4.57500000e-01 2.48000000e+02 7.00000000e+00
3.76505585e+03 9.98600452e-01 2.20785734e-03 4.62500000e-01 2.42000000e+02 7.00000000e+00
3.76507981e+03 1.00053308e+00 1.16308901e-03 4.67500000e-01 2.31000000e+02 7.00000000e+00
3.76510377e+03 9.98930080e-01 1.16308901e-03 4.72500000e-01 2.51000000e+02 7.00000000e+00
3.76512773e+03 9.99506468e-01 1.64200618e-03 4.77500000e-01 2.33000000e+02 7.00000000e+00
3.76515169e+03 9.96869360e-01 1.21779392e-03 4.82500000e-01 2.15000000e+02 7.00000000e+00
3.76517565e+03 9.96291008e-01 1.16308901e-03 4.87500000e-01 2.26000000e+02 7.00000000e+00
3.76519960e+03 9.94687073e-01 1.31411851e-03 4.92500000e-01 2.22000000e+02 7.00000000e+00
3.76522356e+03 9.93929860e-01 1.33034328e-03 4.97500000e-01 2.22000000e+02 7.00000000e+00
3.76524752e+03 9.93630249e-01 1.21554013e-03 5.02500000e-01 2.23000000e+02 7.00000000e+00
3.76527148e+03 9.96428226e-01 3.46208639e-03 5.07500000e-01 2.35000000e+02 7.00000000e+00
3.76529544e+03 9.96103125e-01 1.16308901e-03 5.12500000e-01 2.09000000e+02 7.00000000e+00
3.76531940e+03 1.00094482e+00 2.41312503e-03 5.17500000e-01 2.15000000e+02 7.00000000e+00
3.76534336e+03 9.99855741e-01 1.90440147e-03 5.22500000e-01 2.04000000e+02 7.00000000e+00
3.76536731e+03 1.00403851e+00 1.16308901e-03 5.27500000e-01 2.10000000e+02 7.00000000e+00
3.76539127e+03 1.00085936e+00 1.70358301e-03 5.32500000e-01 2.20000000e+02 7.00000000e+00
3.76541523e+03 1.00268267e+00 2.56774969e-03 5.37500000e-01 2.20000000e+02 7.00000000e+00
3.76543919e+03 1.00109836e+00 1.54982359e-03 5.42500000e-01 2.22000000e+02 7.00000000e+00
3.76546315e+03 1.00085965e+00 1.98200722e-03 5.47500000e-01 2.12000000e+02 7.00000000e+00
3.76548711e+03 1.00057966e+00 1.16308901e-03 5.52500000e-01 2.18000000e+02 7.00000000e+00
3.76551107e+03 1.00087527e+00 1.16308901e-03 5.57500000e-01 2.02000000e+02 7.00000000e+00
3.76553502e+03 9.98439364e-01 1.32899345e-03 5.62500000e-01 2.16000000e+02 7.00000000e+00
3.76555898e+03 9.98609354e-01 1.16807034e-03 5.67500000e-01 2.11000000e+02 7.00000000e+00
3.76558294e+03 9.98006789e-01 1.16308901e-03 5.72500000e-01 2.32000000e+02 7.00000000e+00
3.76560690e+03 9.96034647e-01 1.16308901e-03 5.77500000e-01 2.15000000e+02 7.00000000e+00
3.76563086e+03 9.98594433e-01 1.16308901e-03 5.82500000e-01 2.10000000e+02 7.00000000e+00
3.76565482e+03 9.99028995e-01 1.44475939e-03 5.87500000e-01 2.20000000e+02 7.00000000e+00
3.76567877e+03 9.96603463e-01 1.16308901e-03 5.92500000e-01 2.17000000e+02 7.00000000e+00
3.76570273e+03 9.97637508e-01 1.16308901e-03 5.97500000e-01 2.18000000e+02 7.00000000e+00
3.76572669e+03 9.98678530e-01 1.16308901e-03 6.02500000e-01 2.23000000e+02 7.00000000e+00
3.76575065e+03 9.98512134e-01 1.21486203e-03 6.07500000e-01 2.48000000e+02 7.00000000e+00
3.76577461e+03 9.97516860e-01 1.16308901e-03 6.12500000e-01 2.26000000e+02 7.00000000e+00
3.76579857e+03 9.99513078e-01 1.16308901e-03 6.17500000e-01 2.40000000e+02 7.00000000e+00
3.76582253e+03 9.99510713e-01 1.16308901e-03 6.22500000e-01 2.32000000e+02 7.00000000e+00
3.76584648e+03 9.98515900e-01 1.51747844e-03 6.27500000e-01 2.29000000e+02 7.00000000e+00
3.76587044e+03 9.99268233e-01 1.79048237e-03 6.32500000e-01 2.38000000e+02 7.00000000e+00
3.76589440e+03 1.00136192e+00 1.94421178e-03 6.37500000e-01 2.40000000e+02 7.00000000e+00
3.76591836e+03 9.99837008e-01 1.66632459e-03 6.42500000e-01 2.45000000e+02 7.00000000e+00
3.76594232e+03 1.00107364e+00 1.16308901e-03 6.47500000e-01 2.42000000e+02 7.00000000e+00
3.76596628e+03 9.99107674e-01 1.82179981e-03 6.52500000e-01 2.46000000e+02 7.00000000e+00
3.76599024e+03 1.00284435e+00 1.16308901e-03 6.57500000e-01 2.43000000e+02 7.00000000e+00
3.76601419e+03 1.00101590e+00 1.16308901e-03 6.62500000e-01 2.47000000e+02 7.00000000e+00
3.76603815e+03 9.99572699e-01 1.16308901e-03 6.67500000e-01 2.39000000e+02 7.00000000e+00
3.76606211e+03 1.00003965e+00 1.16308901e-03 6.72500000e-01 2.59000000e+02 7.00000000e+00
3.76608607e+03 1.00122062e+00 1.29900687e-03 6.77500000e-01 2.44000000e+02 7.00000000e+00
3.76611003e+03 1.00192695e+00 1.40900108e-03 6.82500000e-01 2.37000000e+02 7.00000000e+00
3.76613399e+03 1.00255897e+00 1.92142067e-03 6.87500000e-01 2.45000000e+02 7.00000000e+00
3.76615795e+03 1.00049734e+00 2.93637590e-03 6.92500000e-01 2.33000000e+02 7.00000000e+00
3.76618190e+03 1.00345642e+00 1.16308901e-03 6.97500000e-01 2.32000000e+02 7.00000000e+00
3.76620586e+03 9.99204665e-01 1.16308901e-03 7.02500000e-01 2.33000000e+02 7.00000000e+00
3.76622982e+03 9.98965815e-01 1.16308901e-03 7.07500000e-01 2.43000000e+02 7.00000000e+00
3.76625378e+03 9.99807018e-01 1.29381933e-03 7.12500000e-01 2.23000000e+02 7.00000000e+00
3.76627774e+03 9.99366019e-01 1.24141718e-03 7.17500000e-01 2.35000000e+02 7.00000000e+00
3.76630170e+03 9.99862575e-01 1.16308901e-03 7.22500000e-01 2.27000000e+02 7.00000000e+00
3.76632566e+03 9.98962710e-01 1.16308901e-03 7.27500000e-01 2.27000000e+02 7.00000000e+00
3.76634961e+03 9.98783886e-01 1.16308901e-03 7.32500000e-01 2.43000000e+02 7.00000000e+00
3.76637357e+03 9.98577472e-01 1.16308901e-03 7.37500000e-01 2.42000000e+02 7.00000000e+00
3.76639753e+03 9.99220728e-01 1.28520419e-03 7.42500000e-01 2.46000000e+02 7.00000000e+00
3.76642149e+03 9.99048530e-01 1.16308901e-03 7.47500000e-01 2.38000000e+02 7.00000000e+00
3.76644545e+03 9.99805361e-01 1.76393833e-03 7.52500000e-01 2.45000000e+02 7.00000000e+00
3.76646941e+03 9.99596525e-01 1.23976971e-03 7.57500000e-01 2.48000000e+02 7.00000000e+00
3.76649336e+03 9.99914761e-01 1.16308901e-03 7.62500000e-01 2.53000000e+02 7.00000000e+00
3.76651732e+03 1.00121359e+00 1.16308901e-03 7.67500000e-01 2.46000000e+02 7.00000000e+00
3.76654128e+03 1.00261972e+00 1.99297473e-03 7.72500000e-01 2.65000000e+02 7.00000000e+00
3.76656524e+03 1.00046705e+00 1.21727386e-03 7.77500000e-01 2.50000000e+02 7.00000000e+00
3.76658920e+03 1.00193355e+00 1.16308901e-03 7.82500000e-01 2.43000000e+02 7.00000000e+00
3.76661316e+03 9.96000496e-01 2.47890546e-03 7.87500000e-01 2.47000000e+02 7.00000000e+00
3.76663712e+03 1.00213537e+00 2.03780385e-03 7.92500000e-01 2.38000000e+02 7.00000000e+00
3.76666107e+03 1.00075921e+00 1.16308901e-03 7.97500000e-01 2.38000000e+02 7.00000000e+00
