# Time Flux Flux_Err Phase N NSector
2.93682444e+03 1.00191191e+00 8.52777746e-04 -1.97507063e-01 1.05000000e+02 3.00000000e+00
2.93683159e+03 1.00080085e+00 4.97198517e-04 -1.92560406e-01 1.07000000e+02 3.00000000e+00
2.93683906e+03 1.00008506e+00 4.97198517e-04 -1.87399548e-01 1.09000000e+02 3.00000000e+00
2.93684619e+03 9.99446576e-01 5.44900922e-04 -1.82477621e-01 1.07000000e+02 3.00000000e+00
2.93685330e+03 9.98931425e-01 4.97198517e-04 -1.77564345e-01 1.09000000e+02 3.00000000e+00
2.93686069e+03 9.98407792e-01 4.97198517e-04 -1.72451452e-01 1.09000000e+02 3.00000000e+00
2.93686793e+03 9.97655691e-01 5.71682577e-04 -1.67450282e-01 1.10000000e+02 3.00000000e+00
2.93687505e+03 9.96976093e-01 6.40622720e-04 -1.62528576e-01 1.07000000e+02 3.00000000e+00
2.93688235e+03 9.96067544e-01 4.97198517e-04 -1.57486611e-01 1.09000000e+02 3.00000000e+00
2.93688960e+03 9.95501586e-01 4.97198517e-04 -1.52476356e-01 1.08000000e+02 3.00000000e+00
2.93689683e+03 9.95047459e-01 4.97198517e-04 -1.47482214e-01 1.08000000e+02 3.00000000e+00
2.93690405e+03 9.94459754e-01 4.97198517e-04 -1.42487941e-01 1.09000000e+02 3.00000000e+00
2.93690834e+03 9.93545662e-01 4.97198517e-04 -1.39525719e-01 1.90000000e+01 2.00000000e+00
2.93691555e+03 9.93283954e-01 4.97198517e-04 -1.34543261e-01 2.00000000e+02 3.00000000e+00
2.93692899e+03 9.92449498e-01 4.97198517e-04 -1.25257382e-01 2.04000000e+02 3.00000000e+00
2.93694253e+03 9.91271144e-01 4.97198517e-04 -1.15896677e-01 1.99000000e+02 3.00000000e+00
2.93695583e+03 9.90492351e-01 6.39639951e-04 -1.06707313e-01 1.99000000e+02 3.00000000e+00
2.93696932e+03 9.89713617e-01 7.11314125e-04 -9.73892693e-02 2.03000000e+02 3.00000000e+00
2.93698288e+03 9.89517339e-01 1.01229796e-03 -8.80138622e-02 2.01000000e+02 3.00000000e+00
2.93699612e+03 9.88286444e-01 1.14887245e-03 -7.88645743e-02 2.05000000e+02 3.00000000e+00
2.93700957e+03 9.71181234e-01 3.31702754e-03 -6.95746389e-02 2.01000000e+02 3.00000000e+00
2.93702294e+03 9.37811360e-01 2.30067755e-03 -6.03346794e-02 2.00000000e+02 3.00000000e+00
2.93703645e+03 9.30857290e-01 6.37396661e-04 -5.09946455e-02 1.98000000e+02 3.00000000e+00
2.93704981e+03 9.30505694e-01 6.35186402e-04 -4.17673444e-02 2.00000000e+02 3.00000000e+00
2.93706318e+03 9.30408367e-01 7.61953240e-04 -3.25289596e-02 1.99000000e+02 3.00000000e+00
2.93707654e+03 9.30287835e-01 7.38896607e-04 -2.32941037e-02 1.98000000e+02 3.00000000e+00
2.93709021e+03 9.30292400e-01 1.04156040e-03 -1.38476921e-02 1.95000000e+02 3.00000000e+00
2.93710350e+03 9.30428748e-01 1.52676976e-03 -4.66242447e-03 2.00000000e+02 3.00000000e+00
2.93711694e+03 9.30442745e-01 6.61916383e-04 4.62061240e-03 2.02000000e+02 3.00000000e+00
2.93713046e+03 9.30276960e-01 4.97198517e-04 1.39638741e-02 1.98000000e+02 3.00000000e+00
2.93714367e+03 9.31107637e-01 1.01562361e-03 2.30983258e-02 2.01000000e+02 3.00000000e+00
2.93715720e+03 9.30357910e-01 1.01457713e-03 3.24468405e-02 2.01000000e+02 3.00000000e+00
2.93717074e+03 9.30762507e-01 1.03882432e-03 4.18006264e-02 1.99000000e+02 3.00000000e+00
2.93718406e+03 9.33626411e-01 4.97198517e-04 5.10085682e-02 1.96000000e+02 3.00000000e+00
2.93719738e+03 9.55887737e-01 5.34258544e-03 6.02090327e-02 2.02000000e+02 3.00000000e+00
2.93721079e+03 9.84455299e-01 8.89773734e-04 6.94792349e-02 2.01000000e+02 3.00000000e+00
2.93722435e+03 9.89200880e-01 1.27222772e-03 7.88485855e-02 2.03000000e+02 3.00000000e+00
2.93723779e+03 9.89761134e-01 1.19582505e-03 8.81362679e-02 2.04000000e+02 3.00000000e+00
2.93725109e+03 9.90415326e-01 8.39730258e-04 9.73282816e-02 2.06000000e+02 3.00000000e+00
2.93726459e+03 9.91243132e-01 1.00158165e-03 1.06656586e-01 2.06000000e+02 3.00000000e+00
2.93727813e+03 9.92073433e-01 5.59191718e-04 1.16009380e-01 2.03000000e+02 3.00000000e+00
2.93729136e+03 9.93208750e-01 5.07736671e-04 1.25153646e-01 2.05000000e+02 3.00000000e+00
2.93730473e+03 9.94219202e-01 4.97198517e-04 1.34392360e-01 2.04000000e+02 3.00000000e+00
2.93731213e+03 9.94120434e-01 7.24234165e-04 1.39506868e-01 1.90000000e+01 2.00000000e+00
2.93731657e+03 9.94875194e-01 4.97198517e-04 1.42575893e-01 1.11000000e+02 3.00000000e+00
2.93732359e+03 9.95924098e-01 4.97198517e-04 1.47428494e-01 1.14000000e+02 3.00000000e+00
2.93733095e+03 9.96640275e-01 9.34750083e-04 1.52508897e-01 1.15000000e+02 3.00000000e+00
2.93733831e+03 9.97143674e-01 7.76364635e-04 1.57598277e-01 1.13000000e+02 3.00000000e+00
2.93734547e+03 9.97189494e-01 4.97198517e-04 1.62542478e-01 1.13000000e+02 3.00000000e+00
2.93735259e+03 9.98480096e-01 5.07612182e-04 1.67468809e-01 1.10000000e+02 3.00000000e+00
2.93736006e+03 9.99322912e-01 1.01359293e-03 1.72630816e-01 1.15000000e+02 3.00000000e+00
2.93736720e+03 9.98905660e-01 4.97198517e-04 1.77565280e-01 1.10000000e+02 3.00000000e+00
2.93737417e+03 1.00058685e+00 4.97198517e-04 1.82381239e-01 1.11000000e+02 3.00000000e+00
2.93738168e+03 1.00103961e+00 6.83152267e-04 1.87567510e-01 1.14000000e+02 3.00000000e+00
2.93738885e+03 1.00149997e+00 4.97198517e-04 1.92520468e-01 1.13000000e+02 3.00000000e+00
2.93739598e+03 1.00184391e+00 4.97198517e-04 1.97453335e-01 1.15000000e+02 3.00000000e+00
2.93740333e+03 1.00266695e+00 4.97198517e-04 2.02531486e-01 1.15000000e+02 3.00000000e+00
2.93741047e+03 1.00338608e+00 4.97198517e-04 2.07466611e-01 1.11000000e+02 3.00000000e+00
2.93741770e+03 1.00362627e+00 4.97198517e-04 2.12461660e-01 1.11000000e+02 3.00000000e+00
2.93742507e+03 1.00439059e+00 4.97198517e-04 2.17555019e-01 1.10000000e+02 3.00000000e+00
2.93743227e+03 1.00473867e+00 4.97198517e-04 2.22527071e-01 1.09000000e+02 3.00000000e+00
2.93743944e+03 1.00500073e+00 4.97198517e-04 2.27483882e-01 1.08000000e+02 3.00000000e+00
2.93744657e+03 1.00585794e+00 4.97198517e-04 2.32412137e-01 1.11000000e+02 3.00000000e+00
2.93745386e+03 1.00607391e+00 4.97198517e-04 2.37448960e-01 1.13000000e+02 3.00000000e+00
2.93746126e+03 1.00656211e+00 4.97198517e-04 2.42560817e-01 1.10000000e+02 3.00000000e+00
2.93746858e+03 1.00690554e+00 4.97198517e-04 2.47621875e-01 1.08000000e+02 3.00000000e+00
2.93747564e+03 1.00717180e+00 4.97198517e-04 2.52498880e-01 1.10000000e+02 3.00000000e+00
2.93748294e+03 1.00789785e+00 4.97198517e-04 2.57544753e-01 1.10000000e+02 3.00000000e+00
2.93748991e+03 1.00760963e+00 6.29767862e-04 2.62360480e-01 1.09000000e+02 3.00000000e+00
2.93749731e+03 1.00799485e+00 7.97088302e-04 2.67473422e-01 1.10000000e+02 3.00000000e+00
2.93750450e+03 1.00902980e+00 4.97198517e-04 2.72440093e-01 1.10000000e+02 3.00000000e+00
2.93751173e+03 1.00837236e+00 8.19848318e-04 2.77439435e-01 1.13000000e+02 3.00000000e+00
2.93751904e+03 1.00850050e+00 1.10179471e-03 2.82489006e-01 1.09000000e+02 3.00000000e+00
2.93752652e+03 1.00994207e+00 5.52020574e-04 2.87656774e-01 1.08000000e+02 3.00000000e+00
2.93753351e+03 1.00927215e+00 5.81380286e-04 2.92491752e-01 1.05000000e+02 3.00000000e+00
2.93754075e+03 1.00867380e+00 4.97198517e-04 2.97490448e-01 1.07000000e+02 3.00000000e+00
2.93754801e+03 1.00970577e+00 5.99698001e-04 3.02506120e-01 1.07000000e+02 3.00000000e+00
2.93755518e+03 1.00908277e+00 1.13410573e-03 3.07462956e-01 1.06000000e+02 3.00000000e+00
2.93756229e+03 1.00888035e+00 1.38962393e-03 3.12378830e-01 1.09000000e+02 3.00000000e+00
2.93756973e+03 1.00946673e+00 5.71432518e-04 3.17515707e-01 1.10000000e+02 3.00000000e+00
2.93757700e+03 1.00926384e+00 1.77818604e-03 3.22539620e-01 1.06000000e+02 3.00000000e+00
2.93758425e+03 1.00949973e+00 7.47899554e-04 3.27551802e-01 1.06000000e+02 3.00000000e+00
2.93759146e+03 1.00934102e+00 4.97198517e-04 3.32535453e-01 1.08000000e+02 3.00000000e+00
2.93759870e+03 1.00932642e+00 4.97198517e-04 3.37537963e-01 1.10000000e+02 3.00000000e+00
2.93760588e+03 1.00943044e+00 4.97198517e-04 3.42495640e-01 1.03000000e+02 3.00000000e+00
2.93761304e+03 1.00938795e+00 7.81333389e-04 3.47443197e-01 1.10000000e+02 3.00000000e+00
2.93762031e+03 1.00949906e+00 4.97198517e-04 3.52466937e-01 1.08000000e+02 3.00000000e+00
2.93762747e+03 1.00884016e+00 5.62479305e-04 3.57420373e-01 1.07000000e+02 3.00000000e+00
2.93763481e+03 1.00894151e+00 4.97198517e-04 3.62487425e-01 1.07000000e+02 3.00000000e+00
2.93764172e+03 1.00913197e+00 4.97198517e-04 3.67267210e-01 9.30000000e+01 3.00000000e+00
2.93765120e+03 1.00868775e+00 4.97198517e-04 3.73816661e-01 1.82000000e+02 3.00000000e+00
2.93766351e+03 1.00851867e+00 4.97198517e-04 3.82322594e-01 1.79000000e+02 3.00000000e+00
2.93767602e+03 1.00835345e+00 4.97198517e-04 3.90968757e-01 1.84000000e+02 3.00000000e+00
2.93768854e+03 1.00819134e+00 4.97198517e-04 3.99618878e-01 1.79000000e+02 3.00000000e+00
2.93770118e+03 1.00717854e+00 8.48036124e-04 4.08355465e-01 1.83000000e+02 3.00000000e+00
2.93771395e+03 1.00722098e+00 4.97198517e-04 4.17177721e-01 1.80000000e+02 3.00000000e+00
2.93772631e+03 1.00452905e+00 4.97198517e-04 4.25717934e-01 1.80000000e+02 3.00000000e+00
2.93773865e+03 9.95414512e-01 4.97198517e-04 4.34248813e-01 1.86000000e+02 3.00000000e+00
2.93775126e+03 9.86586103e-01 1.23509422e-03 4.42961252e-01 1.85000000e+02 3.00000000e+00
2.93776388e+03 9.84534036e-01 1.37575441e-03 4.51685541e-01 1.88000000e+02 3.00000000e+00
2.93777654e+03 9.83310711e-01 1.66488806e-03 4.60434110e-01 1.86000000e+02 3.00000000e+00
2.93778886e+03 9.83022583e-01 1.22124479e-03 4.68946555e-01 1.86000000e+02 3.00000000e+00
2.93780147e+03 9.82966852e-01 8.75899880e-04 4.77655623e-01 1.89000000e+02 3.00000000e+00
2.93781397e+03 9.83007235e-01 7.89483964e-04 4.86293830e-01 1.87000000e+02 3.00000000e+00
2.93782668e+03 9.83071876e-01 9.77706748e-04 4.95079840e-01 1.85000000e+02 3.00000000e+00
2.93783937e+03 9.82957107e-01 8.91480675e-04 5.03846931e-01 1.74000000e+02 3.00000000e+00
2.93785173e+03 9.82928795e-01 1.01506729e-03 5.12389893e-01 1.74000000e+02 3.00000000e+00
2.93786441e+03 9.83142239e-01 1.01723758e-03 5.21150583e-01 1.78000000e+02 3.00000000e+00
2.93787675e+03 9.83123315e-01 1.26458171e-03 5.29680627e-01 1.79000000e+02 3.00000000e+00
2.93788948e+03 9.83967256e-01 9.65073361e-04 5.38474446e-01 1.80000000e+02 3.00000000e+00
2.93790194e+03 9.85430191e-01 9.40653609e-04 5.47086461e-01 1.79000000e+02 3.00000000e+00
2.93791433e+03 9.90623719e-01 1.91943733e-03 5.55647051e-01 1.85000000e+02 3.00000000e+00
2.93792696e+03 1.00109863e+00 1.67562539e-03 5.64373023e-01 1.85000000e+02 3.00000000e+00
2.93793943e+03 1.00665475e+00 4.97198517e-04 5.72993268e-01 1.82000000e+02 3.00000000e+00
2.93795205e+03 1.00714234e+00 4.97198517e-04 5.81714675e-01 1.85000000e+02 3.00000000e+00
2.93796469e+03 1.00744992e+00 4.97198517e-04 5.90448102e-01 1.86000000e+02 3.00000000e+00
2.93797700e+03 1.00781830e+00 4.97198517e-04 5.98957264e-01 1.84000000e+02 3.00000000e+00
2.93798952e+03 1.00831812e+00 4.97198517e-04 6.07610593e-01 1.83000000e+02 3.00000000e+00
2.93800213e+03 1.00882972e+00 4.97198517e-04 6.16321164e-01 1.89000000e+02 3.00000000e+00
2.93801487e+03 1.00896887e+00 4.97198517e-04 6.25123394e-01 1.86000000e+02 3.00000000e+00
2.93802155e+03 1.00942077e+00 4.97198517e-04 6.29738867e-01 1.20000000e+01 2.00000000e+00
2.93802556e+03 1.00902342e+00 4.97198517e-04 6.32509821e-01 1.04000000e+02 3.00000000e+00
2.93803269e+03 1.00894696e+00 8.28916408e-04 6.37442964e-01 1.03000000e+02 3.00000000e+00
2.93803986e+03 1.00897687e+00 9.81122486e-04 6.42396423e-01 1.05000000e+02 3.00000000e+00
2.93804735e+03 1.00933958e+00 8.02231543e-04 6.47569886e-01 1.07000000e+02 3.00000000e+00
2.93805459e+03 1.00941550e+00 7.24959708e-04 6.52575936e-01 1.04000000e+02 3.00000000e+00
2.93806165e+03 1.00982176e+00 7.56227635e-04 6.57452058e-01 1.10000000e+02 3.00000000e+00
2.93806892e+03 1.01002855e+00 7.22282134e-04 6.62473555e-01 1.05000000e+02 3.00000000e+00
2.93807632e+03 1.01021500e+00 4.97198517e-04 6.67591960e-01 1.05000000e+02 3.00000000e+00
2.93808348e+03 1.00985211e+00 1.20188042e-03 6.72533977e-01 1.03000000e+02 3.00000000e+00
2.93809068e+03 1.00998232e+00 7.88999099e-04 6.77510501e-01 1.05000000e+02 3.00000000e+00
2.93809793e+03 1.00976598e+00 4.97198517e-04 6.82524841e-01 1.05000000e+02 3.00000000e+00
2.93810514e+03 1.00984448e+00 9.57803466e-04 6.87507056e-01 1.06000000e+02 3.00000000e+00
2.93811239e+03 1.00979235e+00 7.10996812e-04 6.92518216e-01 1.04000000e+02 3.00000000e+00
2.93811968e+03 1.00987384e+00 5.42722223e-04 6.97553348e-01 1.05000000e+02 3.00000000e+00
2.93812685e+03 1.00947156e+00 8.86397310e-04 7.02509764e-01 1.01000000e+02 3.00000000e+00
2.93813402e+03 1.00954608e+00 4.97198517e-04 7.07461657e-01 1.07000000e+02 3.00000000e+00
2.93814136e+03 1.00942907e+00 4.97198517e-04 7.12535714e-01 1.01000000e+02 3.00000000e+00
2.93814855e+03 1.00888567e+00 6.58015878e-04 7.17500738e-01 1.03000000e+02 3.00000000e+00
2.93815560e+03 1.00845595e+00 4.97198517e-04 7.22375829e-01 9.90000000e+01 3.00000000e+00
2.93816296e+03 1.00895846e+00 4.97198517e-04 7.27461342e-01 1.03000000e+02 3.00000000e+00
2.93817037e+03 1.00821719e+00 4.97198517e-04 7.32581951e-01 9.90000000e+01 3.00000000e+00
2.93817738e+03 1.00797891e+00 4.97198517e-04 7.37424197e-01 1.03000000e+02 3.00000000e+00
2.93818472e+03 1.00768947e+00 4.97198517e-04 7.42498795e-01 1.01000000e+02 3.00000000e+00
2.93819192e+03 1.00705593e+00 4.97198517e-04 7.47472706e-01 1.03000000e+02 3.00000000e+00
2.93819917e+03 1.00670099e+00 4.97198517e-04 7.52480477e-01 1.00000000e+02 3.00000000e+00
2.93820634e+03 1.00666516e+00 4.97198517e-04 7.57437613e-01 1.03000000e+02 3.00000000e+00
2.93821378e+03 1.00541836e+00 4.97198517e-04 7.62577633e-01 1.00000000e+02 3.00000000e+00
2.93822093e+03 1.00448948e+00 4.97198517e-04 7.67521688e-01 9.70000000e+01 3.00000000e+00
2.93822813e+03 1.00554306e+00 4.97198517e-04 7.72497300e-01 9.80000000e+01 3.00000000e+00
2.93823534e+03 1.00394634e+00 4.97198517e-04 7.77479571e-01 1.02000000e+02 3.00000000e+00
2.93824256e+03 1.00326313e+00 4.97198517e-04 7.82466477e-01 1.00000000e+02 3.00000000e+00
2.93824972e+03 1.00396916e+00 4.97198517e-04 7.87413900e-01 1.04000000e+02 3.00000000e+00
2.93825710e+03 1.00294796e+00 4.97198517e-04 7.92516668e-01 1.05000000e+02 3.00000000e+00
2.93826438e+03 1.00210394e+00 4.97198517e-04 7.97544451e-01 1.05000000e+02 3.00000000e+00
